1 0.0000 4.8300000000
2 1.9275 3.4900000000
3 3.8544 2.9100000000
4 5.7811 2.5600000000
5 7.7068 2.3800000000
6 9.6322 2.2300000000
7 11.5575 2.1900000000
8 13.4835 2.1400000000
9 15.4069 2.1500000000
10 17.3311 2.1000000000
11 19.2548 2.0700000000
12 21.1790 2.0300000000
13 23.1030 2.0100000000
14 25.0275 1.9900000000
15 26.9763 2.0200000000
16 28.9059 1.9900000000
17 30.8295 1.9600000000
18 32.7540 1.9800000000
19 34.6773 1.9600000000
20 36.6021 1.9400000000
21 38.5248 1.9200000000
22 40.4485 1.8900000000
23 42.3723 1.9200000000
24 44.2968 1.8900000000
25 46.2204 1.9000000000
26 48.1442 1.8800000000
27 50.0674 1.8700000000
28 51.9914 1.8600000000
29 53.9185 1.8500000000
30 55.8495 1.8600000000
31 57.7748 1.8300000000
32 59.7009 1.8200000000
33 61.6265 1.7900000000
34 63.5523 1.8100000000
35 65.4778 1.8000000000
36 67.4026 1.7800000000
37 69.3276 1.7500000000
38 71.2523 1.7800000000
39 73.1765 1.7800000000
40 75.1012 1.7500000000
41 77.0271 1.7700000000
42 78.9528 1.7400000000
43 80.8779 1.7400000000
44 82.8037 1.7400000000
45 84.7276 1.7400000000
46 86.6545 1.7500000000
47 88.5795 1.7600000000
48 90.5043 1.7500000000
49 92.4296 1.7500000000
50 94.3542 1.7400000000
51 96.2785 1.7400000000
52 98.2042 1.7300000000
53 100.1285 1.7400000000
54 102.0533 1.7500000000
55 103.9777 1.7500000000
56 105.9017 1.7500000000
57 107.8270 1.7400000000
58 109.7532 1.7400000000
59 111.6805 1.7600000000
60 113.6083 1.7400000000
61 115.5344 1.7700000000
62 117.4612 1.7400000000
63 119.3862 1.7400000000
64 121.3126 1.7600000000
65 123.2376 1.7500000000
66 125.1638 1.7700000000
67 127.0874 1.7500000000
68 129.0136 1.7400000000
69 130.9409 1.7300000000
70 132.8672 1.7800000000
71 134.7911 1.7500000000
72 136.7176 1.7600000000
73 138.6413 1.7300000000
74 140.5661 1.7700000000
75 142.4913 1.7600000000
76 144.4169 1.7400000000
77 146.3418 1.7700000000
78 148.2669 1.7500000000
79 150.1938 1.7500000000
80 152.1183 1.7600000000
81 154.0429 1.7500000000
82 155.9671 1.7400000000
83 157.8923 1.7700000000
84 159.8172 1.7400000000
85 161.7402 1.7300000000
86 163.6649 1.7400000000
87 165.5895 1.7700000000
88 167.5149 1.7500000000
89 169.4388 1.7600000000
90 171.3645 1.7200000000
91 173.2899 1.7600000000
92 175.2158 1.7500000000
93 177.1409 1.7500000000
94 179.0658 1.7400000000
95 180.9904 1.7300000000
96 182.9165 1.7300000000
97 184.8411 1.7500000000
98 186.7660 1.7300000000
99 188.6915 1.7200000000
100 190.6161 1.7400000000
101 192.5412 1.7400000000
102 194.4664 1.7400000000
103 196.3893 1.7300000000
104 198.3154 1.7200000000
105 200.2392 1.7300000000
106 202.1819 1.7400000000
107 204.1065 1.7300000000
108 206.0319 1.7300000000
109 207.9569 1.7200000000
110 209.8820 1.7300000000
111 211.8094 1.7200000000
112 213.7359 1.7200000000
113 215.6626 1.7400000000
114 217.5887 1.7200000000
115 219.5139 1.7200000000
116 221.4404 1.7200000000
117 223.3646 1.7400000000
118 225.2898 1.7200000000
119 227.2145 1.7200000000
120 229.1398 1.7300000000
121 231.0628 1.7100000000
122 232.9886 1.7200000000
123 234.9132 1.7400000000
124 236.8380 1.7200000000
125 238.7622 1.7300000000
126 240.6872 1.6900000000
127 242.6115 1.7300000000
128 244.5358 1.7200000000
129 246.4595 1.7200000000
130 248.3845 1.7300000000
131 250.3095 1.7300000000
132 252.2343 1.7300000000
133 254.1589 1.7300000000
134 256.0844 1.7100000000
135 258.0095 1.7100000000
136 259.9353 1.7200000000
137 261.8592 1.7200000000
138 263.7852 1.7100000000
139 265.7092 1.7400000000
140 267.6343 1.7400000000
141 269.5595 1.7300000000
142 271.4849 1.7400000000
143 273.4092 1.7300000000
144 275.3337 1.7200000000
145 277.2581 1.7400000000
146 279.1821 1.7300000000
147 281.1065 1.7200000000
148 283.0312 1.7400000000
149 284.9555 1.7300000000
150 286.8798 1.7200000000
151 288.8035 1.7100000000
152 290.7275 1.7400000000
153 292.6521 1.7200000000
154 294.5779 1.7100000000
155 296.5035 1.7600000000
156 298.4296 1.7100000000
157 300.3558 1.7200000000
158 302.2822 1.7300000000
159 304.2096 1.7200000000
160 306.1386 1.7500000000
161 308.0658 1.7300000000
162 309.9922 1.7400000000
163 311.9185 1.7200000000
164 313.8429 1.7300000000
165 315.7680 1.7400000000
166 317.6930 1.7200000000
167 319.6189 1.7400000000
168 321.5445 1.7100000000
169 323.4692 1.7200000000
170 325.3955 1.7300000000
171 327.3206 1.7100000000
172 329.2458 1.7200000000
173 331.1712 1.7400000000
174 333.0975 1.7100000000
175 335.0212 1.7100000000
176 336.9469 1.7300000000
177 338.8735 1.7400000000
178 340.7927 1.7200000000
179 342.7108 1.7300000000
180 344.6304 1.7200000000
181 346.5493 1.7200000000
182 348.4674 1.7100000000
183 350.3845 1.7200000000
184 352.3033 1.7300000000
185 354.2219 1.7200000000
186 356.1402 1.7300000000
187 358.0581 1.7300000000
188 359.9771 1.7300000000
189 361.8949 1.7100000000
190 363.8137 1.7300000000
191 365.7315 1.7200000000
192 367.6492 1.7200000000
193 369.5668 1.7300000000
194 371.4864 1.7300000000
195 373.4039 1.7200000000
196 375.3212 1.7200000000
197 377.2451 1.7300000000
198 379.1624 1.7300000000
199 381.0800 1.7400000000
200 382.9990 1.7300000000
