1 0.0000 0.0705000000
2 1.9275 0.0317333333
3 3.8544 0.0214000000
4 5.7811 0.0160500000
5 7.7068 0.0123500000
6 9.6322 0.0096000000
7 11.5575 0.0071000000
8 13.4835 0.0051166667
9 15.4069 0.0036833333
10 17.3311 0.0027333333
11 19.2548 0.0019833333
12 21.1790 0.0015166667
13 23.1030 0.0011666667
14 25.0275 0.0009333333
15 26.9763 0.0007833333
16 28.9059 0.0006333333
17 30.8295 0.0005000000
18 32.7540 0.0004333333
19 34.6773 0.0003666667
20 36.6021 0.0003333333
21 38.5248 0.0002500000
22 40.4485 0.0002333333
23 42.3723 0.0001666667
24 44.2968 0.0001166667
25 46.2204 0.0001000000
26 48.1442 0.0000833333
27 50.0674 0.0000833333
28 51.9914 0.0000666667
29 53.9185 0.0000666667
30 55.8495 0.0000666667
31 57.7748 0.0000666667
32 59.7009 0.0000666667
33 61.6265 0.0000666667
34 63.5523 0.0000666667
35 65.4778 0.0000666667
36 67.4026 0.0000666667
37 69.3276 0.0000666667
38 71.2523 0.0000666667
39 73.1765 0.0000666667
40 75.1012 0.0000500000
41 77.0271 0.0000500000
42 78.9528 0.0000333333
43 80.8779 0.0000333333
44 82.8037 0.0000333333
45 84.7276 0.0000333333
46 86.6545 0.0000166667
47 88.5795 0.0000333333
48 90.5043 0.0000333333
49 92.4296 0.0000333333
50 94.3542 0.0000333333
51 96.2785 0.0000333333
52 98.2042 0.0000166667
53 100.1285 0.0000166667
54 102.0533 0.0000333333
55 103.9777 0.0000333333
56 105.9017 0.0000333333
57 107.8270 0.0000166667
58 109.7532 0.0000166667
59 111.6805 0.0000166667
60 113.6083 0.0000333333
61 115.5344 0.0000333333
62 117.4612 0.0000333333
63 119.3862 0.0000166667
64 121.3126 0.0000166667
65 123.2376 0.0000166667
66 125.1638 0.0000166667
67 127.0874 0.0000166667
68 129.0136 0.0000166667
69 130.9409 0.0000166667
70 132.8672 0.0000166667
71 134.7911 0.0000166667
72 136.7176 0.0000166667
73 138.6413 0.0000166667
74 140.5661 0.0000166667
75 142.4913 0.0000166667
76 144.4169 0.0000166667
77 146.3418 0.0000166667
78 148.2669 0.0000166667
79 150.1938 0.0000166667
80 152.1183 0.0000166667
81 154.0429 0.0000166667
82 155.9671 0.0000166667
83 157.8923 0.0000166667
84 159.8172 0.0000166667
85 161.7402 0.0000166667
86 163.6649 0.0000166667
87 165.5895 0.0000166667
88 167.5149 0.0000166667
89 169.4388 0.0000166667
90 171.3645 0.0000166667
91 173.2899 0.0000166667
92 175.2158 0.0000166667
93 177.1409 0.0000166667
94 179.0658 0.0000166667
95 180.9904 0.0000166667
96 182.9165 0.0000166667
97 184.8411 0.0000166667
98 186.7660 0.0000166667
99 188.6915 0.0000166667
100 190.6161 0.0000166667
101 192.5412 0.0000166667
102 194.4664 0.0000166667
103 196.3893 0.0000166667
104 198.3154 0.0000166667
105 200.2392 0.0000166667
106 202.1819 0.0000166667
107 204.1065 0.0000166667
108 206.0319 0.0000166667
109 207.9569 0.0000166667
110 209.8820 0.0000166667
111 211.8094 0.0000166667
112 213.7359 0.0000166667
113 215.6626 0.0000166667
114 217.5887 0.0000166667
115 219.5139 0.0000166667
116 221.4404 0.0000166667
117 223.3646 0.0000166667
118 225.2898 0.0000166667
119 227.2145 0.0000166667
120 229.1398 0.0000166667
121 231.0628 0.0000166667
122 232.9886 0.0000166667
123 234.9132 0.0000166667
124 236.8380 0.0000166667
125 238.7622 0.0000166667
126 240.6872 0.0000166667
127 242.6115 0.0000166667
128 244.5358 0.0000166667
129 246.4595 0.0000166667
130 248.3845 0.0000166667
131 250.3095 0.0000166667
132 252.2343 0.0000166667
133 254.1589 0.0000166667
134 256.0844 0.0000166667
135 258.0095 0.0000166667
136 259.9353 0.0000166667
137 261.8592 0.0000166667
138 263.7852 0.0000166667
139 265.7092 0.0000166667
140 267.6343 0.0000166667
141 269.5595 0.0000166667
142 271.4849 0.0000166667
143 273.4092 0.0000166667
144 275.3337 0.0000166667
145 277.2581 0.0000166667
146 279.1821 0.0000166667
147 281.1065 0.0000166667
148 283.0312 0.0000166667
149 284.9555 0.0000166667
150 286.8798 0.0000166667
151 288.8035 0.0000166667
152 290.7275 0.0000166667
153 292.6521 0.0000166667
154 294.5779 0.0000166667
155 296.5035 0.0000166667
156 298.4296 0.0000166667
157 300.3558 0.0000166667
158 302.2822 0.0000166667
159 304.2096 0.0000166667
160 306.1386 0.0000166667
161 308.0658 0.0000166667
162 309.9922 0.0000166667
163 311.9185 0.0000166667
164 313.8429 0.0000166667
165 315.7680 0.0000166667
166 317.6930 0.0000166667
167 319.6189 0.0000166667
168 321.5445 0.0000166667
169 323.4692 0.0000166667
170 325.3955 0.0000166667
171 327.3206 0.0000166667
172 329.2458 0.0000166667
173 331.1712 0.0000166667
174 333.0975 0.0000166667
175 335.0212 0.0000166667
176 336.9469 0.0000166667
177 338.8735 0.0000166667
178 340.7927 0.0000166667
179 342.7108 0.0000166667
180 344.6304 0.0000166667
181 346.5493 0.0000166667
182 348.4674 0.0000166667
183 350.3845 0.0000166667
184 352.3033 0.0000166667
185 354.2219 0.0000166667
186 356.1402 0.0000166667
187 358.0581 0.0000166667
188 359.9771 0.0000166667
189 361.8949 0.0000166667
190 363.8137 0.0000166667
191 365.7315 0.0000166667
192 367.6492 0.0000166667
193 369.5668 0.0000166667
194 371.4864 0.0000166667
195 373.4039 0.0000166667
196 375.3212 0.0000166667
197 377.2451 0.0000166667
198 379.1624 0.0000166667
199 381.0800 0.0000166667
200 382.9990 0.0000166667
