1 0.0000 5.6400000000
2 4.1400 4.5400000000
3 8.2141 3.9700000000
4 12.2895 3.6800000000
5 16.3659 3.2100000000
6 20.4407 3.2300000000
7 24.5098 2.8700000000
8 28.5827 2.8900000000
9 32.6498 2.8600000000
10 36.7188 2.9800000000
11 40.7839 2.8800000000
12 44.8514 2.7000000000
13 48.9176 2.7900000000
14 52.9851 2.7300000000
15 57.0511 2.7200000000
16 61.1170 2.6400000000
17 65.1819 2.7600000000
18 69.2513 2.6100000000
19 73.3152 2.4200000000
20 77.3800 2.5200000000
21 81.4460 2.4800000000
22 85.5127 2.5900000000
23 89.5799 2.6000000000
24 93.6439 2.4700000000
25 97.7076 2.3900000000
26 101.7727 2.5700000000
27 105.8415 2.4000000000
28 109.9226 2.4000000000
29 113.9933 2.2700000000
30 118.0646 2.2700000000
31 122.1346 2.3700000000
32 126.2064 2.3700000000
33 130.2747 2.4700000000
34 134.3444 2.1700000000
35 138.4127 2.3600000000
36 142.5036 2.2000000000
37 146.5728 2.4300000000
38 150.6429 2.1800000000
39 154.7108 2.3500000000
40 158.7791 2.4200000000
41 162.8477 2.2500000000
42 166.9170 2.2300000000
43 170.9851 2.2600000000
44 175.0525 2.3300000000
45 179.1230 2.2200000000
46 183.1925 2.0500000000
47 187.2614 2.1900000000
48 191.3311 2.1900000000
49 195.3981 2.3300000000
50 199.4676 2.2900000000
51 203.5367 2.2100000000
52 207.6051 2.1900000000
53 211.6735 2.0000000000
54 215.7431 2.0900000000
55 219.8115 2.2000000000
56 223.8800 2.1500000000
57 227.9490 2.1000000000
58 232.0200 2.3600000000
59 236.0908 2.4900000000
60 240.1608 2.2700000000
61 244.2281 2.3000000000
62 248.2934 2.0300000000
63 252.3593 2.0600000000
64 256.4246 2.1700000000
65 260.4913 1.9700000000
66 264.5564 2.1800000000
67 268.6259 2.0700000000
68 272.6980 2.0900000000
69 276.7643 2.1000000000
70 280.8316 2.0200000000
71 284.8964 2.2200000000
72 288.9595 2.0400000000
73 293.0246 2.0200000000
74 297.0882 1.9300000000
75 301.1531 2.1400000000
76 305.2169 1.9900000000
77 309.2818 2.0900000000
78 313.3455 1.9600000000
79 317.4089 1.8700000000
80 321.4728 2.1500000000
81 325.5380 2.2300000000
82 329.6073 2.0500000000
83 333.6733 2.0400000000
84 337.7400 1.9700000000
85 341.8045 2.0100000000
86 345.8707 1.9600000000
87 349.9342 2.1000000000
88 353.9987 2.0400000000
89 358.0636 1.9600000000
90 362.1286 2.2100000000
91 366.1943 2.0200000000
92 370.2588 1.8200000000
93 374.3242 2.3600000000
94 378.3895 2.0400000000
95 382.4548 1.9600000000
96 386.5191 1.8000000000
97 390.5878 2.0400000000
98 394.6518 1.9600000000
99 398.7160 1.9900000000
100 402.7811 1.9900000000
101 406.8464 2.0200000000
102 410.9113 1.9500000000
103 414.9766 1.9300000000
104 419.0418 1.8800000000
105 423.1071 1.9900000000
106 427.1732 1.9400000000
107 431.2394 1.9600000000
108 435.3046 2.0100000000
109 439.3690 1.9000000000
110 443.4331 1.9200000000
111 447.4970 1.9900000000
112 451.5667 1.9400000000
113 455.6324 1.8200000000
114 459.6984 2.0200000000
115 463.7616 1.9200000000
116 467.8270 1.9800000000
117 471.8938 1.9300000000
118 475.9600 2.1400000000
119 480.0241 2.0300000000
120 484.0899 2.0300000000
121 488.1565 1.9600000000
122 492.2221 1.8800000000
123 496.2861 1.9200000000
124 500.3504 1.9700000000
125 504.4155 1.9700000000
126 508.4820 2.0300000000
127 512.5495 1.9800000000
128 516.6136 1.9300000000
129 520.6790 1.9300000000
130 524.7453 1.8500000000
131 528.7942 1.9500000000
132 532.8357 2.1400000000
133 536.8760 2.0100000000
134 540.9183 2.0600000000
135 544.9613 1.8300000000
136 549.0018 1.8700000000
137 553.0421 1.8200000000
138 557.0850 1.9900000000
139 561.1248 2.0300000000
140 565.1673 1.9000000000
141 569.2129 1.9400000000
142 573.2543 1.9900000000
143 577.2942 1.8400000000
144 581.3348 1.8700000000
145 585.3758 2.0700000000
146 589.4158 1.9500000000
147 593.4562 1.9600000000
148 597.5009 1.9900000000
149 601.5419 2.0600000000
150 605.5822 1.9800000000
151 609.6219 1.9000000000
152 613.6632 1.8500000000
153 617.7028 1.8700000000
154 621.7441 1.7800000000
155 625.7852 1.8300000000
156 629.8302 2.0300000000
157 633.8718 2.0100000000
158 637.9134 1.9200000000
159 641.9538 1.8300000000
160 645.9942 1.8100000000
161 650.0345 1.9300000000
162 654.0741 1.9800000000
163 658.1142 1.9100000000
164 662.1594 1.9500000000
165 666.2076 2.1000000000
166 670.2532 1.9500000000
167 674.2955 1.8300000000
168 678.3401 1.8800000000
169 682.3843 2.0700000000
170 686.4286 1.9300000000
171 690.4725 1.9800000000
172 694.5224 1.9000000000
173 698.5689 1.8900000000
174 702.6140 2.0800000000
175 706.6590 2.0700000000
176 710.7067 1.9400000000
177 714.7508 1.9200000000
178 718.7976 1.9200000000
179 722.8444 1.9200000000
180 726.8888 2.0300000000
181 730.9315 1.8500000000
182 734.9770 1.8600000000
183 739.0201 2.1100000000
184 743.0644 1.8100000000
185 747.1069 1.9600000000
186 751.1529 1.8700000000
187 755.1966 1.7900000000
188 759.2426 1.9700000000
189 763.2875 1.9700000000
190 767.3331 1.7800000000
191 771.3746 1.8100000000
192 775.4194 1.7900000000
193 779.4621 1.8100000000
194 783.5065 1.9100000000
195 787.5543 1.9800000000
196 791.5998 1.9700000000
197 795.6434 1.8900000000
198 799.6875 1.8400000000
199 803.7327 1.8200000000
200 807.7779 1.7500000000
