1 0.0000 0.0850166667
2 4.1400 0.0455500000
3 8.2141 0.0374833333
4 12.2895 0.0324000000
5 16.3659 0.0290500000
6 20.4407 0.0268333333
7 24.5098 0.0263333333
8 28.5827 0.0239333333
9 32.6498 0.0232666667
10 36.7188 0.0217000000
11 40.7839 0.0219333333
12 44.8514 0.0215666667
13 48.9176 0.0202833333
14 52.9851 0.0203000000
15 57.0511 0.0191666667
16 61.1170 0.0193333333
17 65.1819 0.0185500000
18 69.2513 0.0187833333
19 73.3152 0.0177833333
20 77.3800 0.0177166667
21 81.4460 0.0171500000
22 85.5127 0.0168833333
23 89.5799 0.0168833333
24 93.6439 0.0168333333
25 97.7076 0.0159666667
26 101.7727 0.0160500000
27 105.8415 0.0155333333
28 109.9226 0.0153166667
29 113.9933 0.0148833333
30 118.0646 0.0146166667
31 122.1346 0.0145333333
32 126.2064 0.0142500000
33 130.2747 0.0137333333
34 134.3444 0.0138000000
35 138.4127 0.0136000000
36 142.5036 0.0134666667
37 146.5728 0.0136666667
38 150.6429 0.0137666667
39 154.7108 0.0130333333
40 158.7791 0.0129666667
41 162.8477 0.0131000000
42 166.9170 0.0125000000
43 170.9851 0.0126000000
44 175.0525 0.0125166667
45 179.1230 0.0129500000
46 183.1925 0.0126166667
47 187.2614 0.0123333333
48 191.3311 0.0120166667
49 195.3981 0.0120166667
50 199.4676 0.0119500000
51 203.5367 0.0120833333
52 207.6051 0.0113833333
53 211.6735 0.0121833333
54 215.7431 0.0115666667
55 219.8115 0.0112833333
56 223.8800 0.0109166667
57 227.9490 0.0114000000
58 232.0200 0.0106000000
59 236.0908 0.0110833333
60 240.1608 0.0110500000
61 244.2281 0.0105500000
62 248.2934 0.0108500000
63 252.3593 0.0108166667
64 256.4246 0.0108166667
65 260.4913 0.0103333333
66 264.5564 0.0102333333
67 268.6259 0.0103166667
68 272.6980 0.0108833333
69 276.7643 0.0105000000
70 280.8316 0.0100500000
71 284.8964 0.0100833333
72 288.9595 0.0100166667
73 293.0246 0.0103833333
74 297.0882 0.0097166667
75 301.1531 0.0098500000
76 305.2169 0.0098000000
77 309.2818 0.0096500000
78 313.3455 0.0094833333
79 317.4089 0.0092500000
80 321.4728 0.0099000000
81 325.5380 0.0094000000
82 329.6073 0.0094166667
83 333.6733 0.0100500000
84 337.7400 0.0097833333
85 341.8045 0.0090666667
86 345.8707 0.0093500000
87 349.9342 0.0090000000
88 353.9987 0.0089500000
89 358.0636 0.0090000000
90 362.1286 0.0092000000
91 366.1943 0.0087666667
92 370.2588 0.0090833333
93 374.3242 0.0090666667
94 378.3895 0.0085500000
95 382.4548 0.0089333333
96 386.5191 0.0080666667
97 390.5878 0.0084500000
98 394.6518 0.0084500000
99 398.7160 0.0084166667
100 402.7811 0.0084833333
101 406.8464 0.0084833333
102 410.9113 0.0080500000
103 414.9766 0.0077833333
104 419.0418 0.0077666667
105 423.1071 0.0081666667
106 427.1732 0.0084333333
107 431.2394 0.0083333333
108 435.3046 0.0080166667
109 439.3690 0.0082166667
110 443.4331 0.0080166667
111 447.4970 0.0085000000
112 451.5667 0.0078333333
113 455.6324 0.0080000000
114 459.6984 0.0080333333
115 463.7616 0.0079000000
116 467.8270 0.0082333333
117 471.8938 0.0077333333
118 475.9600 0.0082333333
119 480.0241 0.0082000000
120 484.0899 0.0081000000
121 488.1565 0.0080666667
122 492.2221 0.0078666667
123 496.2861 0.0074833333
124 500.3504 0.0076166667
125 504.4155 0.0076833333
126 508.4820 0.0076000000
127 512.5495 0.0076166667
128 516.6136 0.0073833333
129 520.6790 0.0075166667
130 524.7453 0.0074000000
131 528.7942 0.0071833333
132 532.8357 0.0072333333
133 536.8760 0.0073166667
134 540.9183 0.0075000000
135 544.9613 0.0072666667
136 549.0018 0.0073166667
137 553.0421 0.0072833333
138 557.0850 0.0071833333
139 561.1248 0.0071166667
140 565.1673 0.0069666667
141 569.2129 0.0072666667
142 573.2543 0.0076333333
143 577.2942 0.0069833333
144 581.3348 0.0071000000
145 585.3758 0.0068666667
146 589.4158 0.0068333333
147 593.4562 0.0069666667
148 597.5009 0.0073166667
149 601.5419 0.0069333333
150 605.5822 0.0068333333
151 609.6219 0.0068666667
152 613.6632 0.0065333333
153 617.7028 0.0070833333
154 621.7441 0.0065500000
155 625.7852 0.0065666667
156 629.8302 0.0066000000
157 633.8718 0.0070666667
158 637.9134 0.0069666667
159 641.9538 0.0067333333
160 645.9942 0.0063500000
161 650.0345 0.0066833333
162 654.0741 0.0068333333
163 658.1142 0.0063833333
164 662.1594 0.0067666667
165 666.2076 0.0066833333
166 670.2532 0.0068000000
167 674.2955 0.0066166667
168 678.3401 0.0064666667
169 682.3843 0.0064000000
170 686.4286 0.0068166667
171 690.4725 0.0062333333
172 694.5224 0.0062833333
173 698.5689 0.0061333333
174 702.6140 0.0063666667
175 706.6590 0.0064500000
176 710.7067 0.0059000000
177 714.7508 0.0063166667
178 718.7976 0.0061000000
179 722.8444 0.0061166667
180 726.8888 0.0063333333
181 730.9315 0.0064166667
182 734.9770 0.0064833333
183 739.0201 0.0062833333
184 743.0644 0.0066333333
185 747.1069 0.0065666667
186 751.1529 0.0062000000
187 755.1966 0.0064000000
188 759.2426 0.0062000000
189 763.2875 0.0062333333
190 767.3331 0.0061500000
191 771.3746 0.0060500000
192 775.4194 0.0061833333
193 779.4621 0.0065000000
194 783.5065 0.0061333333
195 787.5543 0.0059666667
196 791.5998 0.0062166667
197 795.6434 0.0057833333
198 799.6875 0.0056500000
199 803.7327 0.0055833333
200 807.7779 0.0054666667
