1 0.0000 5.9000000000
2 4.2521 4.4100000000
3 8.3597 3.7700000000
4 12.4651 3.4700000000
5 16.5678 3.1100000000
6 20.6719 3.0400000000
7 24.7739 3.1000000000
8 28.8842 2.6900000000
9 32.9891 3.1900000000
10 37.0947 2.9200000000
11 41.1934 2.7600000000
12 45.3022 2.6300000000
13 49.4077 2.4800000000
14 53.5168 2.7600000000
15 57.6191 2.4200000000
16 61.7200 2.6200000000
17 65.8256 2.4200000000
18 69.9313 2.4600000000
19 74.0374 2.5300000000
20 78.1435 2.3100000000
21 82.2489 2.5700000000
22 86.3494 2.6000000000
23 90.4535 2.3400000000
24 94.5605 2.4600000000
25 98.6601 2.5200000000
26 102.7658 2.3400000000
27 106.8741 2.4700000000
28 110.9889 2.3000000000
29 115.0914 2.3900000000
30 119.1978 2.1500000000
31 123.3007 2.2900000000
32 127.4082 2.4500000000
33 131.5133 2.4400000000
34 135.6198 2.2400000000
35 139.7265 2.2000000000
36 143.8325 2.3600000000
37 147.9380 2.1700000000
38 152.0615 2.3300000000
39 156.2215 2.1800000000
40 160.3448 2.2800000000
41 164.4527 2.1100000000
42 168.5612 2.2900000000
43 172.6658 2.2600000000
44 176.7778 2.1600000000
45 180.8925 2.4000000000
46 185.0072 2.1600000000
47 189.1103 2.1000000000
48 193.2545 2.0800000000
49 197.4372 2.1200000000
50 201.5741 2.2500000000
51 205.7434 2.2500000000
52 209.8492 2.0700000000
53 213.9496 2.0900000000
54 218.0498 2.1100000000
55 222.1488 1.9800000000
56 226.2884 2.0100000000
57 230.4098 2.0900000000
58 234.5520 1.9200000000
59 238.6768 1.9600000000
60 242.8171 1.9500000000
61 246.9383 2.0500000000
62 251.0580 2.0600000000
63 255.1736 1.9900000000
64 259.2887 2.0600000000
65 263.3975 2.3400000000
66 267.5717 2.0600000000
67 271.6824 2.0800000000
68 275.7868 2.1800000000
69 279.8941 2.0600000000
70 283.9998 2.1900000000
71 288.1009 2.1400000000
72 292.2050 2.1000000000
73 296.3083 2.0600000000
74 300.4140 2.0100000000
75 304.5150 2.0700000000
76 308.6178 2.0500000000
77 312.7177 2.0600000000
78 316.8185 2.0900000000
79 320.9198 1.9800000000
80 325.0217 1.9500000000
81 329.1300 2.0900000000
82 333.2315 2.0400000000
83 337.3355 2.1500000000
84 341.4384 2.0200000000
85 345.5429 1.9000000000
86 349.6469 2.1100000000
87 353.7533 2.2700000000
88 357.8548 1.9600000000
89 361.9617 2.2800000000
90 366.0685 1.9400000000
91 370.1761 1.8600000000
92 374.2803 2.0300000000
93 378.4120 2.0900000000
94 382.5498 2.1500000000
95 386.6670 2.0300000000
96 390.7852 1.9000000000
97 394.9041 2.0600000000
98 399.0284 2.0100000000
99 403.1508 1.8500000000
100 407.2717 2.0000000000
101 411.3742 2.0200000000
102 415.4786 2.1500000000
103 419.5841 2.0600000000
104 423.6852 1.9800000000
105 427.7989 2.2100000000
106 431.9004 1.9700000000
107 436.0073 2.1900000000
108 440.1134 2.1500000000
109 444.2160 1.8500000000
110 448.3166 1.9500000000
111 452.4135 2.0900000000
112 456.5171 1.9500000000
113 460.6219 1.9800000000
114 464.7289 1.9400000000
115 468.8367 1.9600000000
116 472.9362 1.9500000000
117 477.0347 1.9300000000
118 481.1387 1.9800000000
119 485.2440 1.8600000000
120 489.3485 1.9800000000
121 493.4602 1.9200000000
122 497.5655 1.8900000000
123 501.7149 1.9900000000
124 505.8677 1.9100000000
125 509.9721 1.9500000000
126 514.0956 1.9100000000
127 518.2001 1.9400000000
128 522.3083 1.9400000000
129 526.4060 1.8600000000
130 530.5213 2.0600000000
131 534.6423 1.9600000000
132 538.7456 2.1600000000
133 542.8546 1.8500000000
134 546.9845 2.0500000000
135 551.1200 2.1500000000
136 555.2265 2.0100000000
137 559.3316 2.0200000000
138 563.4410 1.8200000000
139 567.5591 1.8800000000
140 571.6668 1.7700000000
141 575.7633 1.8600000000
142 579.9175 2.1200000000
143 584.1019 1.9500000000
144 588.2508 1.9500000000
145 592.3586 1.9000000000
146 596.4672 1.8400000000
147 600.5724 1.8200000000
148 604.6835 1.8300000000
149 608.7995 1.7200000000
150 612.9099 1.9100000000
151 617.0129 1.8900000000
152 621.1194 1.8500000000
153 625.2174 1.7900000000
154 629.3176 1.9200000000
155 633.4149 1.9100000000
156 637.5211 1.9800000000
157 641.6254 1.9600000000
158 645.7329 1.8700000000
159 649.8343 1.9900000000
160 653.9463 1.9900000000
161 658.0595 1.7900000000
162 662.1717 1.8400000000
163 666.2926 1.9000000000
164 670.4038 1.9000000000
165 674.5155 2.1200000000
166 678.6284 1.9300000000
167 682.7418 1.7900000000
168 686.8533 1.9400000000
169 690.9629 1.8000000000
170 695.0644 1.8500000000
171 699.1694 1.9600000000
172 703.2711 1.9000000000
173 707.3738 1.7900000000
174 711.4813 1.9500000000
175 715.5760 1.9100000000
176 719.6698 1.9200000000
177 723.7600 2.1400000000
178 727.8504 1.9600000000
179 731.9431 1.9700000000
180 736.0340 1.8400000000
181 740.1274 1.8900000000
182 744.2200 1.8100000000
183 748.3127 1.7000000000
184 752.4081 1.7800000000
185 756.5005 1.7000000000
186 760.5898 1.8000000000
187 764.6790 1.9700000000
188 768.7690 2.0100000000
189 772.8583 1.9400000000
190 776.9465 1.9600000000
191 781.0379 1.8400000000
192 785.1284 1.7400000000
193 789.2201 1.9200000000
194 793.3077 1.8500000000
195 797.4040 1.8100000000
196 801.5039 1.8800000000
197 805.6013 1.7800000000
198 809.6976 1.9300000000
199 813.7872 1.9400000000
200 817.8857 1.7700000000
