1 0.0000 0.0845000000
2 4.2521 0.0457166667
3 8.3597 0.0366000000
4 12.4651 0.0319333333
5 16.5678 0.0294333333
6 20.6719 0.0266166667
7 24.7739 0.0257666667
8 28.8842 0.0253666667
9 32.9891 0.0238333333
10 37.0947 0.0231833333
11 41.1934 0.0220500000
12 45.3022 0.0219500000
13 49.4077 0.0206166667
14 53.5168 0.0201500000
15 57.6191 0.0200166667
16 61.7200 0.0193333333
17 65.8256 0.0188166667
18 69.9313 0.0184333333
19 74.0374 0.0180166667
20 78.1435 0.0180833333
21 82.2489 0.0173166667
22 86.3494 0.0173666667
23 90.4535 0.0162666667
24 94.5605 0.0163500000
25 98.6601 0.0162166667
26 102.7658 0.0156166667
27 106.8741 0.0157000000
28 110.9889 0.0154833333
29 115.0914 0.0149833333
30 119.1978 0.0147666667
31 123.3007 0.0144333333
32 127.4082 0.0147500000
33 131.5133 0.0145833333
34 135.6198 0.0140166667
35 139.7265 0.0137666667
36 143.8325 0.0137500000
37 147.9380 0.0134500000
38 152.0615 0.0132833333
39 156.2215 0.0133333333
40 160.3448 0.0130333333
41 164.4527 0.0129166667
42 168.5612 0.0130000000
43 172.6658 0.0127166667
44 176.7778 0.0126666667
45 180.8925 0.0125833333
46 185.0072 0.0126666667
47 189.1103 0.0121166667
48 193.2545 0.0120166667
49 197.4372 0.0116000000
50 201.5741 0.0118833333
51 205.7434 0.0117166667
52 209.8492 0.0117500000
53 213.9496 0.0117500000
54 218.0498 0.0109500000
55 222.1488 0.0112000000
56 226.2884 0.0112000000
57 230.4098 0.0115500000
58 234.5520 0.0112666667
59 238.6768 0.0111333333
60 242.8171 0.0106166667
61 246.9383 0.0110833333
62 251.0580 0.0109500000
63 255.1736 0.0108333333
64 259.2887 0.0108000000
65 263.3975 0.0106000000
66 267.5717 0.0103500000
67 271.6824 0.0099666667
68 275.7868 0.0103666667
69 279.8941 0.0099500000
70 283.9998 0.0098833333
71 288.1009 0.0093666667
72 292.2050 0.0101833333
73 296.3083 0.0097500000
74 300.4140 0.0098833333
75 304.5150 0.0093000000
76 308.6178 0.0094500000
77 312.7177 0.0091333333
78 316.8185 0.0093833333
79 320.9198 0.0092166667
80 325.0217 0.0092166667
81 329.1300 0.0089000000
82 333.2315 0.0092000000
83 337.3355 0.0093833333
84 341.4384 0.0091333333
85 345.5429 0.0089666667
86 349.6469 0.0096666667
87 353.7533 0.0091500000
88 357.8548 0.0088833333
89 361.9617 0.0091500000
90 366.0685 0.0091000000
91 370.1761 0.0087666667
92 374.2803 0.0087666667
93 378.4120 0.0085833333
94 382.5498 0.0090833333
95 386.6670 0.0087000000
96 390.7852 0.0083333333
97 394.9041 0.0081666667
98 399.0284 0.0083166667
99 403.1508 0.0085333333
100 407.2717 0.0085333333
101 411.3742 0.0089833333
102 415.4786 0.0086000000
103 419.5841 0.0085666667
104 423.6852 0.0082666667
105 427.7989 0.0082333333
106 431.9004 0.0077166667
107 436.0073 0.0083000000
108 440.1134 0.0079666667
109 444.2160 0.0079000000
110 448.3166 0.0078833333
111 452.4135 0.0077666667
112 456.5171 0.0076833333
113 460.6219 0.0079500000
114 464.7289 0.0079000000
115 468.8367 0.0078666667
116 472.9362 0.0080500000
117 477.0347 0.0080666667
118 481.1387 0.0076666667
119 485.2440 0.0078666667
120 489.3485 0.0073500000
121 493.4602 0.0076000000
122 497.5655 0.0078000000
123 501.7149 0.0072833333
124 505.8677 0.0073666667
125 509.9721 0.0074166667
126 514.0956 0.0072500000
127 518.2001 0.0073166667
128 522.3083 0.0077333333
129 526.4060 0.0073000000
130 530.5213 0.0071166667
131 534.6423 0.0069000000
132 538.7456 0.0081333333
133 542.8546 0.0076166667
134 546.9845 0.0075333333
135 551.1200 0.0076333333
136 555.2265 0.0076000000
137 559.3316 0.0072166667
138 563.4410 0.0071666667
139 567.5591 0.0069500000
140 571.6668 0.0074666667
141 575.7633 0.0068000000
142 579.9175 0.0069333333
143 584.1019 0.0071000000
144 588.2508 0.0072000000
145 592.3586 0.0070333333
146 596.4672 0.0069500000
147 600.5724 0.0067833333
148 604.6835 0.0069333333
149 608.7995 0.0068000000
150 612.9099 0.0065666667
151 617.0129 0.0069666667
152 621.1194 0.0066500000
153 625.2174 0.0065333333
154 629.3176 0.0067666667
155 633.4149 0.0066500000
156 637.5211 0.0067333333
157 641.6254 0.0063166667
158 645.7329 0.0064500000
159 649.8343 0.0063666667
160 653.9463 0.0068166667
161 658.0595 0.0063833333
162 662.1717 0.0065000000
163 666.2926 0.0060166667
164 670.4038 0.0066833333
165 674.5155 0.0065500000
166 678.6284 0.0070666667
167 682.7418 0.0068000000
168 686.8533 0.0065833333
169 690.9629 0.0063833333
170 695.0644 0.0059333333
171 699.1694 0.0065333333
172 703.2711 0.0066333333
173 707.3738 0.0066500000
174 711.4813 0.0060500000
175 715.5760 0.0059000000
176 719.6698 0.0062500000
177 723.7600 0.0061166667
178 727.8504 0.0060666667
179 731.9431 0.0062333333
180 736.0340 0.0059000000
181 740.1274 0.0061000000
182 744.2200 0.0060666667
183 748.3127 0.0059166667
184 752.4081 0.0062000000
185 756.5005 0.0059666667
186 760.5898 0.0057166667
187 764.6790 0.0060500000
188 768.7690 0.0057666667
189 772.8583 0.0056666667
190 776.9465 0.0058333333
191 781.0379 0.0064166667
192 785.1284 0.0058500000
193 789.2201 0.0057666667
194 793.3077 0.0056333333
195 797.4040 0.0060666667
196 801.5039 0.0059500000
197 805.6013 0.0058833333
198 809.6976 0.0060666667
199 813.7872 0.0057000000
200 817.8857 0.0059833333
