1 0.0000 4.8100000000
2 1.9574 3.4600000000
3 3.8951 2.8700000000
4 5.8321 2.4900000000
5 7.7681 2.3500000000
6 9.7057 2.2900000000
7 11.6417 2.3000000000
8 13.5769 2.2600000000
9 15.5119 2.2300000000
10 17.4483 2.1900000000
11 19.3828 2.1700000000
12 21.3186 2.1800000000
13 23.2523 2.1000000000
14 25.1883 2.1300000000
15 27.1226 2.0800000000
16 29.0573 2.0600000000
17 30.9929 2.0700000000
18 32.9315 2.0700000000
19 34.8673 2.0400000000
20 36.8038 2.0400000000
21 38.7388 2.0300000000
22 40.6828 2.0400000000
23 42.6271 2.0200000000
24 44.5668 2.0100000000
25 46.5052 2.0100000000
26 48.4430 2.0000000000
27 50.3849 2.0100000000
28 52.3217 2.0400000000
29 54.2609 1.9900000000
30 56.2000 1.9900000000
31 58.1395 1.9800000000
32 60.0828 1.9700000000
33 62.0230 1.9600000000
34 63.9624 1.9600000000
35 65.9033 1.9500000000
36 67.8434 1.9500000000
37 69.7838 1.9800000000
38 71.7225 1.9600000000
39 73.6613 1.9700000000
40 75.6016 1.9400000000
41 77.5373 1.9300000000
42 79.4773 1.9500000000
43 81.4172 1.9600000000
44 83.3538 1.9400000000
45 85.2946 1.9300000000
46 87.2328 1.9400000000
47 89.1705 1.9600000000
48 91.1114 1.9300000000
49 93.0521 1.9200000000
50 94.9880 1.9400000000
51 96.9247 1.9200000000
52 98.8614 1.9100000000
53 100.7970 1.9200000000
54 102.7344 1.9400000000
55 104.6697 1.9200000000
56 106.6055 1.9000000000
57 108.5405 1.9000000000
58 110.4758 1.9200000000
59 112.4098 1.8700000000
60 114.3444 1.8600000000
61 116.2795 1.8800000000
62 118.2147 1.8700000000
63 120.1513 1.8500000000
64 122.0872 1.8400000000
65 124.0235 1.8400000000
66 125.9610 1.8200000000
67 127.8956 1.8500000000
68 129.8306 1.8400000000
69 131.7645 1.8000000000
70 133.7007 1.8600000000
71 135.6357 1.8500000000
72 137.5714 1.8200000000
73 139.5058 1.8300000000
74 141.4414 1.8100000000
75 143.3766 1.8200000000
76 145.3126 1.8300000000
77 147.2490 1.8200000000
78 149.1861 1.8000000000
79 151.1224 1.8100000000
80 153.0593 1.8400000000
81 154.9952 1.8300000000
82 156.9313 1.8200000000
83 158.8664 1.8400000000
84 160.8033 1.8300000000
85 162.7402 1.8300000000
86 164.6775 1.8100000000
87 166.6123 1.8400000000
88 168.5487 1.8200000000
89 170.4852 1.8100000000
90 172.4197 1.8500000000
91 174.3549 1.8300000000
92 176.2908 1.8400000000
93 178.2264 1.8300000000
94 180.1617 1.8000000000
95 182.0965 1.8200000000
96 184.0333 1.8100000000
97 185.9686 1.8300000000
98 187.9027 1.8200000000
99 189.8385 1.8300000000
100 191.7752 1.8100000000
101 193.7109 1.8200000000
102 195.6458 1.8200000000
103 197.5813 1.8000000000
104 199.5187 1.8000000000
105 201.4533 1.7900000000
106 203.3908 1.8200000000
107 205.3273 1.8200000000
108 207.2629 1.7700000000
109 209.1991 1.7900000000
110 211.1357 1.8000000000
111 213.0736 1.8200000000
112 215.0099 1.8100000000
113 216.9463 1.8100000000
114 218.8819 1.8000000000
115 220.8155 1.8300000000
116 222.7502 1.8200000000
117 224.6964 1.8100000000
118 226.6373 1.8000000000
119 228.5730 1.8200000000
120 230.5099 1.8200000000
121 232.4468 1.7900000000
122 234.3823 1.8200000000
123 236.3149 1.8200000000
124 238.2514 1.8100000000
125 240.1870 1.8200000000
126 242.1233 1.8200000000
127 244.0593 1.8000000000
128 245.9951 1.8000000000
129 247.9310 1.8000000000
130 249.8665 1.8100000000
131 251.8018 1.8100000000
132 253.7367 1.8000000000
133 255.6713 1.7900000000
134 257.6062 1.8000000000
135 259.5411 1.8000000000
136 261.4759 1.8200000000
137 263.4103 1.8100000000
138 265.3462 1.8000000000
139 267.2808 1.8000000000
140 269.2166 1.8100000000
141 271.1517 1.8200000000
142 273.0900 1.8100000000
143 275.0244 1.8100000000
144 276.9608 1.8000000000
145 278.8959 1.8200000000
146 280.8310 1.8100000000
147 282.7669 1.8300000000
148 284.7029 1.7900000000
149 286.6370 1.8100000000
150 288.5735 1.8000000000
151 290.5082 1.8200000000
152 292.4439 1.8200000000
153 294.3801 1.8000000000
154 296.3160 1.7700000000
155 298.2505 1.8000000000
156 300.1872 1.7900000000
157 302.1230 1.8100000000
158 304.0595 1.7900000000
159 305.9949 1.8000000000
160 307.9300 1.7900000000
161 309.8651 1.7900000000
162 311.8001 1.7900000000
163 313.7342 1.7900000000
164 315.6720 1.8000000000
165 317.6080 1.8000000000
166 319.5477 1.7900000000
167 321.4856 1.8200000000
168 323.4195 1.8100000000
169 325.3598 1.7900000000
170 327.2977 1.7900000000
171 329.2335 1.7900000000
172 331.1734 1.8200000000
173 333.1114 1.8100000000
174 335.0539 1.8100000000
175 336.9911 1.8100000000
176 338.9281 1.7800000000
177 340.8636 1.7900000000
178 342.7991 1.7900000000
179 344.7341 1.8000000000
180 346.6702 1.8100000000
181 348.6063 1.8100000000
182 350.5414 1.8000000000
183 352.4750 1.7900000000
184 354.4107 1.8000000000
185 356.3446 1.8000000000
186 358.2825 1.8200000000
187 360.2171 1.8000000000
188 362.1511 1.7900000000
189 364.0854 1.7900000000
190 366.0340 1.8000000000
191 367.9684 1.7900000000
192 369.9029 1.7900000000
193 371.8380 1.7800000000
194 373.7728 1.8000000000
195 375.7063 1.8000000000
196 377.6415 1.7800000000
197 379.5761 1.8000000000
198 381.5115 1.8000000000
199 383.4425 1.8100000000
200 385.3788 1.8100000000
