1 0.0000 0.0706833333
2 1.9574 0.0321666667
3 3.8951 0.0223666667
4 5.8321 0.0165500000
5 7.7681 0.0130666667
6 9.7057 0.0104500000
7 11.6417 0.0084333333
8 13.5769 0.0067833333
9 15.5119 0.0052000000
10 17.4483 0.0040166667
11 19.3828 0.0033833333
12 21.3186 0.0027666667
13 23.2523 0.0024000000
14 25.1883 0.0021666667
15 27.1226 0.0017666667
16 29.0573 0.0016166667
17 30.9929 0.0014166667
18 32.9315 0.0013500000
19 34.8673 0.0011500000
20 36.8038 0.0010166667
21 38.7388 0.0009500000
22 40.6828 0.0009333333
23 42.6271 0.0009000000
24 44.5668 0.0008166667
25 46.5052 0.0008166667
26 48.4430 0.0008166667
27 50.3849 0.0008333333
28 52.3217 0.0007833333
29 54.2609 0.0007666667
30 56.2000 0.0007166667
31 58.1395 0.0007166667
32 60.0828 0.0006833333
33 62.0230 0.0006500000
34 63.9624 0.0006666667
35 65.9033 0.0006333333
36 67.8434 0.0006500000
37 69.7838 0.0006333333
38 71.7225 0.0006333333
39 73.6613 0.0006000000
40 75.6016 0.0006166667
41 77.5373 0.0005833333
42 79.4773 0.0006166667
43 81.4172 0.0005833333
44 83.3538 0.0005833333
45 85.2946 0.0005833333
46 87.2328 0.0005833333
47 89.1705 0.0005500000
48 91.1114 0.0005666667
49 93.0521 0.0005666667
50 94.9880 0.0005833333
51 96.9247 0.0005333333
52 98.8614 0.0005333333
53 100.7970 0.0005500000
54 102.7344 0.0005333333
55 104.6697 0.0005333333
56 106.6055 0.0005166667
57 108.5405 0.0005833333
58 110.4758 0.0005500000
59 112.4098 0.0005333333
60 114.3444 0.0005333333
61 116.2795 0.0005166667
62 118.2147 0.0005000000
63 120.1513 0.0005500000
64 122.0872 0.0005166667
65 124.0235 0.0005000000
66 125.9610 0.0004833333
67 127.8956 0.0005333333
68 129.8306 0.0005000000
69 131.7645 0.0004666667
70 133.7007 0.0004833333
71 135.6357 0.0005166667
72 137.5714 0.0004666667
73 139.5058 0.0005000000
74 141.4414 0.0004833333
75 143.3766 0.0004500000
76 145.3126 0.0004333333
77 147.2490 0.0004833333
78 149.1861 0.0004333333
79 151.1224 0.0004500000
80 153.0593 0.0004500000
81 154.9952 0.0004500000
82 156.9313 0.0004666667
83 158.8664 0.0004333333
84 160.8033 0.0004666667
85 162.7402 0.0004500000
86 164.6775 0.0004166667
87 166.6123 0.0004166667
88 168.5487 0.0004500000
89 170.4852 0.0004166667
90 172.4197 0.0004166667
91 174.3549 0.0004166667
92 176.2908 0.0003666667
93 178.2264 0.0004000000
94 180.1617 0.0004333333
95 182.0965 0.0004000000
96 184.0333 0.0004333333
97 185.9686 0.0004166667
98 187.9027 0.0003500000
99 189.8385 0.0004000000
100 191.7752 0.0004000000
101 193.7109 0.0004000000
102 195.6458 0.0004333333
103 197.5813 0.0003833333
104 199.5187 0.0004000000
105 201.4533 0.0004166667
106 203.3908 0.0004166667
107 205.3273 0.0004000000
108 207.2629 0.0003500000
109 209.1991 0.0003833333
110 211.1357 0.0003666667
111 213.0736 0.0003833333
112 215.0099 0.0003666667
113 216.9463 0.0003666667
114 218.8819 0.0003833333
115 220.8155 0.0003500000
116 222.7502 0.0003666667
117 224.6964 0.0003666667
118 226.6373 0.0003666667
119 228.5730 0.0003833333
120 230.5099 0.0004000000
121 232.4468 0.0003833333
122 234.3823 0.0003833333
123 236.3149 0.0003666667
124 238.2514 0.0003666667
125 240.1870 0.0003500000
126 242.1233 0.0003500000
127 244.0593 0.0003833333
128 245.9951 0.0003666667
129 247.9310 0.0004166667
130 249.8665 0.0003500000
131 251.8018 0.0004000000
132 253.7367 0.0003833333
133 255.6713 0.0003500000
134 257.6062 0.0003333333
135 259.5411 0.0003666667
136 261.4759 0.0003333333
137 263.4103 0.0003833333
138 265.3462 0.0003333333
139 267.2808 0.0003500000
140 269.2166 0.0003666667
141 271.1517 0.0003500000
142 273.0900 0.0003500000
143 275.0244 0.0003500000
144 276.9608 0.0003500000
145 278.8959 0.0003833333
146 280.8310 0.0003500000
147 282.7669 0.0003666667
148 284.7029 0.0003333333
149 286.6370 0.0003333333
150 288.5735 0.0003500000
151 290.5082 0.0003500000
152 292.4439 0.0003333333
153 294.3801 0.0003500000
154 296.3160 0.0003500000
155 298.2505 0.0003333333
156 300.1872 0.0003333333
157 302.1230 0.0003333333
158 304.0595 0.0003333333
159 305.9949 0.0003333333
160 307.9300 0.0003166667
161 309.8651 0.0003166667
162 311.8001 0.0003500000
163 313.7342 0.0003333333
164 315.6720 0.0003166667
165 317.6080 0.0003333333
166 319.5477 0.0003333333
167 321.4856 0.0003333333
168 323.4195 0.0003333333
169 325.3598 0.0003500000
170 327.2977 0.0003166667
171 329.2335 0.0003166667
172 331.1734 0.0003333333
173 333.1114 0.0003166667
174 335.0539 0.0003166667
175 336.9911 0.0003333333
176 338.9281 0.0003166667
177 340.8636 0.0003166667
178 342.7991 0.0003333333
179 344.7341 0.0003166667
180 346.6702 0.0003333333
181 348.6063 0.0003166667
182 350.5414 0.0003166667
183 352.4750 0.0003166667
184 354.4107 0.0003166667
185 356.3446 0.0003166667
186 358.2825 0.0003333333
187 360.2171 0.0003166667
188 362.1511 0.0003166667
189 364.0854 0.0003000000
190 366.0340 0.0003166667
191 367.9684 0.0003333333
192 369.9029 0.0003000000
193 371.8380 0.0003166667
194 373.7728 0.0003000000
195 375.7063 0.0003166667
196 377.6415 0.0003333333
197 379.5761 0.0003166667
198 381.5115 0.0003000000
199 383.4425 0.0003333333
200 385.3788 0.0003166667
