1 0.0000 6.2600000000
2 4.2262 4.2900000000
3 8.3140 4.0600000000
4 12.3998 3.3900000000
5 16.4868 3.3200000000
6 20.5761 2.9700000000
7 24.6627 2.9700000000
8 28.7482 2.8200000000
9 32.8364 2.7200000000
10 36.9223 2.8000000000
11 41.0086 2.6200000000
12 45.0932 2.5600000000
13 49.1764 2.6700000000
14 53.2631 2.7000000000
15 57.3469 2.4700000000
16 61.4321 2.6000000000
17 65.5117 2.5300000000
18 69.5907 2.6900000000
19 73.6732 2.7000000000
20 77.7599 2.5700000000
21 81.8478 2.7900000000
22 85.9289 2.4600000000
23 90.0145 2.7100000000
24 94.1012 2.4500000000
25 98.1846 2.4000000000
26 102.2689 2.3500000000
27 106.3523 2.2800000000
28 110.4378 2.3000000000
29 114.5257 2.5400000000
30 118.6147 2.3000000000
31 122.7011 2.2800000000
32 126.7870 2.2300000000
33 130.8713 2.5300000000
34 134.9574 2.1600000000
35 139.0435 2.3600000000
36 143.1293 2.4000000000
37 147.2144 2.3100000000
38 151.2999 2.2100000000
39 155.3832 2.2300000000
40 159.4681 2.2400000000
41 163.5523 2.1500000000
42 167.6356 2.2100000000
43 171.7206 2.1700000000
44 175.8049 2.0800000000
45 179.8881 2.2300000000
46 183.9706 2.2500000000
47 188.0552 2.4300000000
48 192.1403 2.1700000000
49 196.2242 2.1000000000
50 200.3090 2.1300000000
51 204.3932 2.3700000000
52 208.4773 2.1900000000
53 212.5626 2.2400000000
54 216.6469 2.1400000000
55 220.7309 2.3300000000
56 224.8164 2.1400000000
57 228.8981 2.1800000000
58 232.9824 1.8800000000
59 237.0656 2.0700000000
60 241.1495 2.1400000000
61 245.2390 2.0700000000
62 249.3400 2.0600000000
63 253.4328 2.1400000000
64 257.5276 2.3600000000
65 261.6216 2.1400000000
66 265.7165 2.1400000000
67 269.8082 2.2200000000
68 273.8997 2.1200000000
69 277.9963 1.9400000000
70 282.0913 2.0400000000
71 286.1859 2.0500000000
72 290.2803 2.1600000000
73 294.3638 2.0500000000
74 298.4486 2.0100000000
75 302.5329 2.0400000000
76 306.6169 2.1000000000
77 310.7003 2.2500000000
78 314.7839 2.0000000000
79 318.8696 2.1500000000
80 322.9557 2.1300000000
81 327.0400 2.0400000000
82 331.1234 2.0900000000
83 335.2080 2.0800000000
84 339.2955 1.8600000000
85 343.3805 2.0600000000
86 347.4622 2.1400000000
87 351.5433 2.0400000000
88 355.6290 2.0100000000
89 359.7126 1.9900000000
90 363.7966 1.8700000000
91 367.8793 2.0900000000
92 371.9640 1.9600000000
93 376.0505 2.0700000000
94 380.1349 2.0400000000
95 384.2186 2.0500000000
96 388.3030 2.0400000000
97 392.3877 2.1100000000
98 396.4716 1.9300000000
99 400.5558 2.0400000000
100 404.6397 2.1300000000
101 408.7226 2.1400000000
102 412.8073 2.0300000000
103 416.8931 1.9800000000
104 420.9781 1.9400000000
105 425.0613 2.1100000000
106 429.1461 1.9800000000
107 433.2298 2.0000000000
108 437.3122 1.9400000000
109 441.3966 1.7800000000
110 445.4807 2.0600000000
111 449.5633 2.0400000000
112 453.6477 2.1900000000
113 457.7322 2.0000000000
114 461.8172 2.0500000000
115 465.9003 1.9600000000
116 469.9838 2.0500000000
117 474.0677 2.0200000000
118 478.1542 1.9800000000
119 482.2367 2.1900000000
120 486.3212 2.1300000000
121 490.4056 1.9900000000
122 494.4885 1.8000000000
123 498.5716 1.9900000000
124 502.6547 2.0300000000
125 506.7375 1.9500000000
126 510.8233 2.1300000000
127 514.9081 2.1000000000
128 518.9928 2.0100000000
129 523.0759 2.1300000000
130 527.1579 2.0100000000
131 531.2367 1.8700000000
132 535.3192 1.9800000000
133 539.4011 1.9600000000
134 543.4845 2.0100000000
135 547.5673 1.9700000000
136 551.6479 1.8100000000
137 555.7236 2.0900000000
138 559.8051 1.9500000000
139 563.8819 2.2400000000
140 567.9593 2.1200000000
141 572.0328 1.9500000000
142 576.1084 1.9200000000
143 580.1819 1.9300000000
144 584.2569 2.1100000000
145 588.3276 1.9600000000
146 592.3955 1.9000000000
147 596.4642 2.1000000000
148 600.5432 2.1200000000
149 604.6277 1.9900000000
150 608.7132 1.9300000000
151 612.7994 2.0200000000
152 616.8837 1.7800000000
153 620.9672 1.9300000000
154 625.0526 1.9600000000
155 629.1363 1.9300000000
156 633.2172 1.8900000000
157 637.3003 2.0200000000
158 641.3813 1.9600000000
159 645.4645 2.0500000000
160 649.5483 1.9600000000
161 653.6320 1.8800000000
162 657.7183 1.9300000000
163 661.8020 2.0200000000
164 665.8869 1.7800000000
165 669.9703 2.0400000000
166 674.0550 1.9000000000
167 678.1394 1.8100000000
168 682.2270 1.9600000000
169 686.3095 1.9300000000
170 690.3927 2.0100000000
171 694.4705 1.7800000000
172 698.5543 1.8700000000
173 702.6370 1.9400000000
174 706.7219 1.9600000000
175 710.8063 1.8900000000
176 714.8908 1.9600000000
177 718.9757 1.8500000000
178 723.0613 1.9500000000
179 727.1515 1.9600000000
180 731.2416 1.9000000000
181 735.3354 2.0400000000
182 739.4288 1.8300000000
183 743.5195 1.9200000000
184 747.6027 1.9700000000
185 751.6852 1.8100000000
186 755.7673 1.8000000000
187 759.8509 1.7600000000
188 763.9317 1.8500000000
189 768.0140 1.9600000000
190 772.0951 1.8500000000
191 776.1793 1.8300000000
192 780.2634 1.9400000000
193 784.3461 1.9100000000
194 788.4305 1.8800000000
195 792.5136 2.0300000000
196 796.5943 1.8500000000
197 800.6784 2.0100000000
198 804.7603 1.8600000000
199 808.8384 1.8100000000
200 812.9223 1.8300000000
