1 0.0000 0.0840166667
2 4.2262 0.0467166667
3 8.3140 0.0369166667
4 12.3998 0.0328500000
5 16.4868 0.0290166667
6 20.5761 0.0274333333
7 24.6627 0.0252000000
8 28.7482 0.0241500000
9 32.8364 0.0230500000
10 36.9223 0.0222000000
11 41.0086 0.0215666667
12 45.0932 0.0209833333
13 49.1764 0.0202166667
14 53.2631 0.0198666667
15 57.3469 0.0191166667
16 61.4321 0.0187666667
17 65.5117 0.0182333333
18 69.5907 0.0183666667
19 73.6732 0.0181666667
20 77.7599 0.0174833333
21 81.8478 0.0168333333
22 85.9289 0.0169500000
23 90.0145 0.0168000000
24 94.1012 0.0165666667
25 98.1846 0.0162833333
26 102.2689 0.0159333333
27 106.3523 0.0153500000
28 110.4378 0.0154833333
29 114.5257 0.0150666667
30 118.6147 0.0142000000
31 122.7011 0.0144500000
32 126.7870 0.0141833333
33 130.8713 0.0137166667
34 134.9574 0.0140500000
35 139.0435 0.0134000000
36 143.1293 0.0135333333
37 147.2144 0.0132833333
38 151.2999 0.0135000000
39 155.3832 0.0128000000
40 159.4681 0.0127500000
41 163.5523 0.0130166667
42 167.6356 0.0126166667
43 171.7206 0.0132333333
44 175.8049 0.0121500000
45 179.8881 0.0122666667
46 183.9706 0.0125666667
47 188.0552 0.0118500000
48 192.1403 0.0125833333
49 196.2242 0.0116833333
50 200.3090 0.0110500000
51 204.3932 0.0115333333
52 208.4773 0.0112000000
53 212.5626 0.0116166667
54 216.6469 0.0109833333
55 220.7309 0.0112000000
56 224.8164 0.0110666667
57 228.8981 0.0111000000
58 232.9824 0.0110333333
59 237.0656 0.0107000000
60 241.1495 0.0104000000
61 245.2390 0.0101500000
62 249.3400 0.0104666667
63 253.4328 0.0102000000
64 257.5276 0.0103833333
65 261.6216 0.0104333333
66 265.7165 0.0103000000
67 269.8082 0.0102666667
68 273.8997 0.0099833333
69 277.9963 0.0101666667
70 282.0913 0.0099666667
71 286.1859 0.0101333333
72 290.2803 0.0098166667
73 294.3638 0.0101166667
74 298.4486 0.0100333333
75 302.5329 0.0101166667
76 306.6169 0.0099333333
77 310.7003 0.0094333333
78 314.7839 0.0096000000
79 318.8696 0.0096166667
80 322.9557 0.0094166667
81 327.0400 0.0099500000
82 331.1234 0.0090166667
83 335.2080 0.0095500000
84 339.2955 0.0095833333
85 343.3805 0.0093500000
86 347.4622 0.0095500000
87 351.5433 0.0092833333
88 355.6290 0.0096166667
89 359.7126 0.0091666667
90 363.7966 0.0089333333
91 367.8793 0.0089000000
92 371.9640 0.0088333333
93 376.0505 0.0086500000
94 380.1349 0.0085833333
95 384.2186 0.0086833333
96 388.3030 0.0080000000
97 392.3877 0.0084000000
98 396.4716 0.0081666667
99 400.5558 0.0083500000
100 404.6397 0.0085333333
101 408.7226 0.0085333333
102 412.8073 0.0080500000
103 416.8931 0.0079500000
104 420.9781 0.0082000000
105 425.0613 0.0086833333
106 429.1461 0.0079166667
107 433.2298 0.0078500000
108 437.3122 0.0083833333
109 441.3966 0.0080666667
110 445.4807 0.0081666667
111 449.5633 0.0082833333
112 453.6477 0.0078833333
113 457.7322 0.0075666667
114 461.8172 0.0078666667
115 465.9003 0.0075666667
116 469.9838 0.0078500000
117 474.0677 0.0084000000
118 478.1542 0.0075333333
119 482.2367 0.0077333333
120 486.3212 0.0078833333
121 490.4056 0.0076666667
122 494.4885 0.0074666667
123 498.5716 0.0070833333
124 502.6547 0.0074166667
125 506.7375 0.0077000000
126 510.8233 0.0074666667
127 514.9081 0.0075500000
128 518.9928 0.0070666667
129 523.0759 0.0073500000
130 527.1579 0.0075666667
131 531.2367 0.0073000000
132 535.3192 0.0078333333
133 539.4011 0.0075500000
134 543.4845 0.0073666667
135 547.5673 0.0073833333
136 551.6479 0.0068500000
137 555.7236 0.0069166667
138 559.8051 0.0070000000
139 563.8819 0.0067500000
140 567.9593 0.0068333333
141 572.0328 0.0070500000
142 576.1084 0.0071333333
143 580.1819 0.0068833333
144 584.2569 0.0072333333
145 588.3276 0.0070833333
146 592.3955 0.0072000000
147 596.4642 0.0068500000
148 600.5432 0.0066000000
149 604.6277 0.0066166667
150 608.7132 0.0067166667
151 612.7994 0.0070666667
152 616.8837 0.0068666667
153 620.9672 0.0067000000
154 625.0526 0.0073666667
155 629.1363 0.0072166667
156 633.2172 0.0069666667
157 637.3003 0.0064666667
158 641.3813 0.0068666667
159 645.4645 0.0065833333
160 649.5483 0.0065500000
161 653.6320 0.0063166667
162 657.7183 0.0064666667
163 661.8020 0.0064166667
164 665.8869 0.0062333333
165 669.9703 0.0062333333
166 674.0550 0.0068666667
167 678.1394 0.0068333333
168 682.2270 0.0066833333
169 686.3095 0.0065666667
170 690.3927 0.0061500000
171 694.4705 0.0062833333
172 698.5543 0.0062500000
173 702.6370 0.0061333333
174 706.7219 0.0062166667
175 710.8063 0.0064833333
176 714.8908 0.0064666667
177 718.9757 0.0062166667
178 723.0613 0.0060666667
179 727.1515 0.0060500000
180 731.2416 0.0060000000
181 735.3354 0.0061333333
182 739.4288 0.0062000000
183 743.5195 0.0058833333
184 747.6027 0.0061000000
185 751.6852 0.0064166667
186 755.7673 0.0060500000
187 759.8509 0.0060833333
188 763.9317 0.0059333333
189 768.0140 0.0060000000
190 772.0951 0.0062333333
191 776.1793 0.0060666667
192 780.2634 0.0061500000
193 784.3461 0.0064000000
194 788.4305 0.0061166667
195 792.5136 0.0061000000
196 796.5943 0.0061333333
197 800.6784 0.0063833333
198 804.7603 0.0060166667
199 808.8384 0.0061833333
200 812.9223 0.0062666667
