1 0.0000 4.7800000000
2 1.9283 3.3700000000
3 3.8495 2.9100000000
4 5.7698 2.7000000000
5 7.6901 2.5400000000
6 9.6116 2.4300000000
7 11.5425 2.3500000000
8 13.4651 2.3100000000
9 15.3841 2.2200000000
10 17.3049 2.1200000000
11 19.2251 2.1200000000
12 21.1472 2.1300000000
13 23.0674 2.1300000000
14 24.9886 2.1100000000
15 26.9091 2.0700000000
16 28.8311 2.0600000000
17 30.7496 2.0300000000
18 32.6715 2.0000000000
19 34.5929 2.0100000000
20 36.5213 1.9900000000
21 38.4420 1.9600000000
22 40.3638 1.9400000000
23 42.2849 1.9000000000
24 44.2063 1.8800000000
25 46.1435 1.9300000000
26 48.0627 1.8600000000
27 49.9827 1.9000000000
28 51.9041 1.8800000000
29 53.8241 1.8800000000
30 55.7454 1.8800000000
31 57.6648 1.8500000000
32 59.5861 1.8400000000
33 61.5092 1.8600000000
34 63.4322 1.8600000000
35 65.3518 1.8400000000
36 67.2718 1.8300000000
37 69.1903 1.8400000000
38 71.1092 1.8100000000
39 73.0290 1.7900000000
40 74.9474 1.8200000000
41 76.8654 1.7900000000
42 78.7850 1.8100000000
43 80.7024 1.8100000000
44 82.6202 1.8000000000
45 84.5374 1.7800000000
46 86.4552 1.7800000000
47 88.3731 1.8100000000
48 90.2921 1.8100000000
49 92.2112 1.7700000000
50 94.1295 1.7900000000
51 96.0505 1.7700000000
52 97.9738 1.8000000000
53 99.8928 1.8000000000
54 101.8134 1.8000000000
55 103.7313 1.8100000000
56 105.6499 1.7400000000
57 107.5672 1.8100000000
58 109.4863 1.8000000000
59 111.4032 1.8000000000
60 113.3231 1.8300000000
61 115.2411 1.8300000000
62 117.1610 1.7800000000
63 119.0787 1.8200000000
64 120.9980 1.8100000000
65 122.9142 1.8000000000
66 124.8342 1.8100000000
67 126.7514 1.7900000000
68 128.6701 1.7900000000
69 130.5882 1.8100000000
70 132.5072 1.7900000000
71 134.4242 1.7800000000
72 136.3416 1.7800000000
73 138.2578 1.8000000000
74 140.1775 1.8200000000
75 142.0959 1.8000000000
76 144.0138 1.8000000000
77 145.9307 1.7900000000
78 147.8490 1.8100000000
79 149.7670 1.8200000000
80 151.6869 1.7700000000
81 153.6053 1.8100000000
82 155.5275 1.8000000000
83 157.4448 1.8000000000
84 159.3624 1.7900000000
85 161.2795 1.7900000000
86 163.1974 1.8000000000
87 165.1148 1.7800000000
88 167.0321 1.7900000000
89 168.9498 1.7700000000
90 170.8678 1.7700000000
91 172.7857 1.7700000000
92 174.7038 1.7700000000
93 176.6213 1.7800000000
94 178.5400 1.7800000000
95 180.4572 1.7800000000
96 182.3752 1.7900000000
97 184.2917 1.7700000000
98 186.2097 1.8000000000
99 188.1284 1.7800000000
100 190.0508 1.7800000000
101 191.9804 1.8100000000
102 193.9028 1.8300000000
103 195.8238 1.7900000000
104 197.7447 1.8000000000
105 199.6645 1.7800000000
106 201.5871 1.7900000000
107 203.5093 1.8200000000
108 205.4315 1.8100000000
109 207.3514 1.8200000000
110 209.2726 1.7900000000
111 211.1934 1.8200000000
112 213.1145 1.8300000000
113 215.0343 1.8400000000
114 216.9557 1.7700000000
115 218.8771 1.8600000000
116 220.7984 1.8200000000
117 222.7178 1.8100000000
118 224.6377 1.8400000000
119 226.5593 1.8300000000
120 228.4805 1.8500000000
121 230.3998 1.8100000000
122 232.3172 1.8300000000
123 234.2359 1.8600000000
124 236.1551 1.8400000000
125 238.0741 1.8600000000
126 239.9925 1.8200000000
127 241.9107 1.8500000000
128 243.8314 1.8300000000
129 245.7485 1.8500000000
130 247.6654 1.8200000000
131 249.5845 1.8700000000
132 251.5028 1.8700000000
133 253.4206 1.8000000000
134 255.3371 1.8900000000
135 257.2532 1.8400000000
136 259.1712 1.8300000000
137 261.0914 1.8200000000
138 263.0094 1.8600000000
139 264.9270 1.8500000000
140 266.8467 1.8500000000
141 268.7640 1.8900000000
142 270.6809 1.8100000000
143 272.5982 1.8800000000
144 274.5158 1.8300000000
145 276.4332 1.8400000000
146 278.3507 1.8500000000
147 280.2677 1.8800000000
148 282.1860 1.8500000000
149 284.1033 1.8700000000
150 286.0204 1.8600000000
151 287.9376 1.8900000000
152 289.8544 1.8400000000
153 291.7705 1.9100000000
154 293.6874 1.7900000000
155 295.6054 1.8900000000
156 297.5239 1.8700000000
157 299.4414 1.8800000000
158 301.3594 1.8000000000
159 303.2762 1.8800000000
160 305.1945 1.8200000000
161 307.1121 1.8800000000
162 309.0293 1.8600000000
163 310.9461 1.8400000000
164 312.8644 1.9100000000
165 314.7831 1.8100000000
166 316.7007 1.8500000000
167 318.6190 1.8500000000
168 320.5372 1.9000000000
169 322.4537 1.8600000000
170 324.3721 1.8400000000
171 326.2908 1.8500000000
172 328.2094 1.8500000000
173 330.1254 1.8200000000
174 332.0485 1.8800000000
175 333.9648 1.8800000000
176 335.8838 1.8400000000
177 337.8004 1.8400000000
178 339.7180 1.8600000000
179 341.6347 1.8300000000
180 343.5515 1.8000000000
181 345.4700 1.8600000000
182 347.3801 1.8100000000
183 349.2894 1.8700000000
184 351.1986 1.8100000000
185 353.1079 1.8500000000
186 355.0167 1.8100000000
187 356.9266 1.8000000000
188 358.8365 1.8100000000
189 360.7502 1.8300000000
190 362.6644 1.8500000000
191 364.5757 1.8200000000
192 366.4876 1.8200000000
193 368.3971 1.8300000000
194 370.3078 1.8300000000
195 372.2189 1.8000000000
196 374.1305 1.8100000000
197 376.0414 1.8300000000
198 377.9506 1.8300000000
199 379.8597 1.8200000000
200 381.7702 1.8200000000
