1 0.0000 0.0723333333
2 1.9283 0.0329000000
3 3.8495 0.0221333333
4 5.7698 0.0168500000
5 7.6901 0.0130666667
6 9.6116 0.0105166667
7 11.5425 0.0081833333
8 13.4651 0.0064500000
9 15.3841 0.0051666667
10 17.3049 0.0040500000
11 19.2251 0.0033500000
12 21.1472 0.0029333333
13 23.0674 0.0024833333
14 24.9886 0.0021166667
15 26.9091 0.0019000000
16 28.8311 0.0016000000
17 30.7496 0.0014666667
18 32.6715 0.0013666667
19 34.5929 0.0012166667
20 36.5213 0.0010833333
21 38.4420 0.0010166667
22 40.3638 0.0010000000
23 42.2849 0.0009666667
24 44.2063 0.0009166667
25 46.1435 0.0008666667
26 48.0627 0.0008333333
27 49.9827 0.0008333333
28 51.9041 0.0007500000
29 53.8241 0.0007333333
30 55.7454 0.0007166667
31 57.6648 0.0006833333
32 59.5861 0.0006666667
33 61.5092 0.0006333333
34 63.4322 0.0006333333
35 65.3518 0.0006000000
36 67.2718 0.0005833333
37 69.1903 0.0005666667
38 71.1092 0.0005666667
39 73.0290 0.0006000000
40 74.9474 0.0005833333
41 76.8654 0.0005333333
42 78.7850 0.0005333333
43 80.7024 0.0004500000
44 82.6202 0.0004833333
45 84.5374 0.0004666667
46 86.4552 0.0004666667
47 88.3731 0.0004666667
48 90.2921 0.0004666667
49 92.2112 0.0004666667
50 94.1295 0.0004500000
51 96.0505 0.0004500000
52 97.9738 0.0004500000
53 99.8928 0.0004500000
54 101.8134 0.0004500000
55 103.7313 0.0004500000
56 105.6499 0.0004500000
57 107.5672 0.0004333333
58 109.4863 0.0004500000
59 111.4032 0.0004500000
60 113.3231 0.0004500000
61 115.2411 0.0004500000
62 117.1610 0.0004333333
63 119.0787 0.0004500000
64 120.9980 0.0004500000
65 122.9142 0.0004500000
66 124.8342 0.0004166667
67 126.7514 0.0004500000
68 128.6701 0.0004333333
69 130.5882 0.0004333333
70 132.5072 0.0004333333
71 134.4242 0.0004000000
72 136.3416 0.0004166667
73 138.2578 0.0004333333
74 140.1775 0.0004333333
75 142.0959 0.0004166667
76 144.0138 0.0003833333
77 145.9307 0.0004166667
78 147.8490 0.0004166667
79 149.7670 0.0004000000
80 151.6869 0.0004166667
81 153.6053 0.0004166667
82 155.5275 0.0004000000
83 157.4448 0.0004166667
84 159.3624 0.0004166667
85 161.2795 0.0004166667
86 163.1974 0.0004000000
87 165.1148 0.0004166667
88 167.0321 0.0004000000
89 168.9498 0.0004166667
90 170.8678 0.0004000000
91 172.7857 0.0004166667
92 174.7038 0.0004166667
93 176.6213 0.0004000000
94 178.5400 0.0004166667
95 180.4572 0.0004000000
96 182.3752 0.0004166667
97 184.2917 0.0004000000
98 186.2097 0.0003833333
99 188.1284 0.0003833333
100 190.0508 0.0004166667
101 191.9804 0.0004000000
102 193.9028 0.0004000000
103 195.8238 0.0004166667
104 197.7447 0.0003833333
105 199.6645 0.0004000000
106 201.5871 0.0004000000
107 203.5093 0.0004000000
108 205.4315 0.0004000000
109 207.3514 0.0004166667
110 209.2726 0.0004000000
111 211.1934 0.0004000000
112 213.1145 0.0004000000
113 215.0343 0.0004000000
114 216.9557 0.0004000000
115 218.8771 0.0004000000
116 220.7984 0.0004000000
117 222.7178 0.0004000000
118 224.6377 0.0004000000
119 226.5593 0.0003833333
120 228.4805 0.0004000000
121 230.3998 0.0003833333
122 232.3172 0.0004000000
123 234.2359 0.0004000000
124 236.1551 0.0004000000
125 238.0741 0.0003833333
126 239.9925 0.0003833333
127 241.9107 0.0004000000
128 243.8314 0.0004000000
129 245.7485 0.0003833333
130 247.6654 0.0003666667
131 249.5845 0.0003833333
132 251.5028 0.0003666667
133 253.4206 0.0003833333
134 255.3371 0.0003833333
135 257.2532 0.0004000000
136 259.1712 0.0003833333
137 261.0914 0.0004000000
138 263.0094 0.0003833333
139 264.9270 0.0004000000
140 266.8467 0.0003833333
141 268.7640 0.0003666667
142 270.6809 0.0004000000
143 272.5982 0.0003833333
144 274.5158 0.0003833333
145 276.4332 0.0003833333
146 278.3507 0.0004000000
147 280.2677 0.0004000000
148 282.1860 0.0003666667
149 284.1033 0.0003833333
150 286.0204 0.0003833333
151 287.9376 0.0003833333
152 289.8544 0.0003833333
153 291.7705 0.0003833333
154 293.6874 0.0003833333
155 295.6054 0.0004000000
156 297.5239 0.0003833333
157 299.4414 0.0003833333
158 301.3594 0.0003833333
159 303.2762 0.0004000000
160 305.1945 0.0003833333
161 307.1121 0.0003666667
162 309.0293 0.0004000000
163 310.9461 0.0003833333
164 312.8644 0.0004000000
165 314.7831 0.0004000000
166 316.7007 0.0004000000
167 318.6190 0.0003666667
168 320.5372 0.0003833333
169 322.4537 0.0003666667
170 324.3721 0.0004000000
171 326.2908 0.0003833333
172 328.2094 0.0003833333
173 330.1254 0.0003833333
174 332.0485 0.0003833333
175 333.9648 0.0003833333
176 335.8838 0.0003833333
177 337.8004 0.0003833333
178 339.7180 0.0004000000
179 341.6347 0.0003833333
180 343.5515 0.0003666667
181 345.4700 0.0004000000
182 347.3801 0.0003666667
183 349.2894 0.0004000000
184 351.1986 0.0003500000
185 353.1079 0.0004000000
186 355.0167 0.0003666667
187 356.9266 0.0003833333
188 358.8365 0.0003833333
189 360.7502 0.0003666667
190 362.6644 0.0003666667
191 364.5757 0.0004000000
192 366.4876 0.0003833333
193 368.3971 0.0004000000
194 370.3078 0.0003666667
195 372.2189 0.0003666667
196 374.1305 0.0003833333
197 376.0414 0.0003666667
198 377.9506 0.0003833333
199 379.8597 0.0003666667
200 381.7702 0.0003833333
