1 0.0000 4.5500000000
2 1.9351 3.3900000000
3 3.8649 3.0000000000
4 5.7952 2.7600000000
5 7.7245 2.4800000000
6 9.6544 2.3800000000
7 11.5828 2.2800000000
8 13.5119 2.2500000000
9 15.4415 2.1900000000
10 17.3729 2.2300000000
11 19.3013 2.1300000000
12 21.2309 2.0900000000
13 23.1815 2.0800000000
14 25.1119 2.0600000000
15 27.0400 2.0400000000
16 28.9695 1.9700000000
17 30.8985 1.9400000000
18 32.8300 1.9300000000
19 34.7586 1.9000000000
20 36.6929 1.8800000000
21 38.6211 1.8200000000
22 40.5506 1.8000000000
23 42.4789 1.7700000000
24 44.4089 1.7600000000
25 46.3375 1.7500000000
26 48.2676 1.7500000000
27 50.1962 1.7300000000
28 52.1255 1.7400000000
29 54.0538 1.7100000000
30 55.9873 1.6600000000
31 57.9222 1.6900000000
32 59.8526 1.6600000000
33 61.7822 1.6700000000
34 63.7124 1.6600000000
35 65.6428 1.6500000000
36 67.5736 1.6600000000
37 69.5030 1.6200000000
38 71.4337 1.6400000000
39 73.3630 1.6400000000
40 75.2921 1.6400000000
41 77.2209 1.6400000000
42 79.1501 1.6600000000
43 81.0799 1.6200000000
44 83.0103 1.6200000000
45 84.9398 1.6300000000
46 86.8711 1.6300000000
47 88.8013 1.6300000000
48 90.7308 1.6200000000
49 92.6605 1.6500000000
50 94.5923 1.6200000000
51 96.5213 1.6400000000
52 98.4509 1.6200000000
53 100.3798 1.6200000000
54 102.3095 1.6400000000
55 104.2385 1.6300000000
56 106.1673 1.6500000000
57 108.0963 1.6400000000
58 110.0266 1.6300000000
59 111.9549 1.6500000000
60 113.8849 1.6300000000
61 115.8143 1.6600000000
62 117.7456 1.6300000000
63 119.6758 1.6200000000
64 121.6050 1.6600000000
65 123.5344 1.6300000000
66 125.4649 1.6200000000
67 127.3938 1.6100000000
68 129.3223 1.6400000000
69 131.2517 1.6300000000
70 133.1805 1.6300000000
71 135.1085 1.6400000000
72 137.0382 1.6100000000
73 138.9658 1.6400000000
74 140.8964 1.6400000000
75 142.8264 1.6200000000
76 144.7559 1.6200000000
77 146.6842 1.6100000000
78 148.6148 1.6400000000
79 150.5443 1.6100000000
80 152.4725 1.6100000000
81 154.4030 1.6200000000
82 156.3344 1.6400000000
83 158.2640 1.6300000000
84 160.1945 1.6400000000
85 162.1235 1.6300000000
86 164.0571 1.6200000000
87 165.9853 1.6300000000
88 167.9150 1.6200000000
89 169.8457 1.6200000000
90 171.7753 1.6400000000
91 173.7038 1.6200000000
92 175.6341 1.6100000000
93 177.5627 1.6300000000
94 179.4927 1.6300000000
95 181.4203 1.6100000000
96 183.3501 1.6200000000
97 185.2792 1.6300000000
98 187.2100 1.6300000000
99 189.1381 1.6400000000
100 191.0673 1.6400000000
101 192.9968 1.6300000000
102 194.9255 1.6300000000
103 196.8555 1.6200000000
104 198.7910 1.6500000000
105 200.7210 1.6200000000
106 202.6511 1.6400000000
107 204.5807 1.6200000000
108 206.5097 1.6400000000
109 208.4392 1.6400000000
110 210.3698 1.6500000000
111 212.2991 1.6500000000
112 214.2296 1.6300000000
113 216.1583 1.6300000000
114 218.0870 1.6400000000
115 220.0157 1.6400000000
116 221.9456 1.6500000000
117 223.8748 1.6500000000
118 225.8044 1.6400000000
119 227.7327 1.6400000000
120 229.6631 1.6400000000
121 231.5912 1.6300000000
122 233.5206 1.6400000000
123 235.4483 1.6300000000
124 237.3773 1.6400000000
125 239.3056 1.6400000000
126 241.2359 1.6400000000
127 243.1633 1.6300000000
128 245.0938 1.6300000000
129 247.0222 1.6400000000
130 248.9516 1.6400000000
131 250.8806 1.6300000000
132 252.8109 1.6400000000
133 254.7396 1.6400000000
134 256.6696 1.6500000000
135 258.5983 1.6400000000
136 260.5275 1.6500000000
137 262.4569 1.6400000000
138 264.3870 1.6500000000
139 266.3154 1.6500000000
140 268.2441 1.6400000000
141 270.1727 1.6500000000
142 272.1029 1.6500000000
143 274.0325 1.6400000000
144 275.9625 1.6600000000
145 277.8911 1.6500000000
146 279.8214 1.6400000000
147 281.7505 1.6400000000
148 283.6801 1.6400000000
149 285.6086 1.6500000000
150 287.5382 1.6400000000
151 289.4663 1.6500000000
152 291.3961 1.6400000000
153 293.3246 1.6400000000
154 295.2542 1.6300000000
155 297.1828 1.6400000000
156 299.1109 1.6300000000
157 301.0415 1.6500000000
158 302.9714 1.6300000000
159 304.9005 1.6400000000
160 306.8299 1.6500000000
161 308.7596 1.6400000000
162 310.6883 1.6400000000
163 312.6177 1.6300000000
164 314.5473 1.6500000000
165 316.4756 1.6400000000
166 318.4037 1.6300000000
167 320.3323 1.6300000000
168 322.2611 1.6400000000
169 324.1895 1.6400000000
170 326.1187 1.6200000000
171 328.0470 1.6300000000
172 329.9759 1.6500000000
173 331.9047 1.6200000000
174 333.8347 1.6300000000
175 335.7645 1.6300000000
176 337.6933 1.6300000000
177 339.6222 1.6300000000
178 341.5511 1.6300000000
179 343.4809 1.6400000000
180 345.4102 1.6100000000
181 347.3392 1.6200000000
182 349.2893 1.6300000000
183 351.2272 1.6300000000
184 353.1582 1.6400000000
185 355.0869 1.6400000000
186 357.0165 1.6300000000
187 358.9454 1.6400000000
188 360.8777 1.6300000000
189 362.8066 1.6300000000
190 364.7360 1.6400000000
191 366.6653 1.6400000000
192 368.5945 1.6400000000
193 370.5231 1.6300000000
194 372.4528 1.6400000000
195 374.3809 1.6300000000
196 376.3090 1.6400000000
197 378.2389 1.6200000000
198 380.1699 1.6400000000
199 382.1009 1.6200000000
200 384.0308 1.6500000000
