1 0.0000 8.8900000000
2 1.9461 7.6500000000
3 3.8717 6.6500000000
4 5.7963 6.0100000000
5 7.7201 5.2400000000
6 9.6461 4.6900000000
7 11.5680 4.3700000000
8 13.4949 3.9700000000
9 15.4183 3.6400000000
10 17.3422 3.5100000000
11 19.2699 3.3100000000
12 21.2017 3.0800000000
13 23.1246 2.9600000000
14 25.0496 2.8700000000
15 26.9733 2.8100000000
16 28.8992 2.7400000000
17 30.8225 2.6800000000
18 32.7463 2.6300000000
19 34.6706 2.6100000000
20 36.5955 2.5500000000
21 38.5179 2.4900000000
22 40.4413 2.4700000000
23 42.3669 2.4700000000
24 44.2947 2.4100000000
25 46.2186 2.3800000000
26 48.1418 2.3600000000
27 50.0632 2.3200000000
28 51.9870 2.2600000000
29 53.9094 2.2100000000
30 55.8326 2.2000000000
31 57.7541 2.1600000000
32 59.6786 2.1500000000
33 61.6013 2.1400000000
34 63.5266 2.1100000000
35 65.4511 2.0800000000
36 67.3780 2.0800000000
37 69.3055 2.0700000000
38 71.2342 2.0700000000
39 73.1608 2.0500000000
40 75.0766 2.0500000000
41 76.9919 2.0300000000
42 78.9050 2.0400000000
43 80.8184 2.0300000000
44 82.7339 2.0400000000
45 84.6461 2.0400000000
46 86.5580 2.0500000000
47 88.4740 2.0400000000
48 90.3897 2.0500000000
49 92.3027 2.0500000000
50 94.2172 2.0700000000
51 96.1331 2.0500000000
52 98.0459 2.0600000000
53 99.9597 2.0600000000
54 101.8706 2.0500000000
55 103.7811 2.0400000000
56 105.6934 2.0400000000
57 107.6046 2.0400000000
58 109.5159 2.0500000000
59 111.4301 2.0400000000
60 113.3470 2.0400000000
61 115.2602 2.0400000000
62 117.1771 2.0300000000
63 119.0969 2.0200000000
64 121.0114 1.9800000000
65 122.9239 1.9600000000
66 124.8354 1.9600000000
67 126.7461 1.9600000000
68 128.6597 1.9500000000
69 130.5710 1.9400000000
70 132.4839 1.9400000000
71 134.3979 1.9300000000
72 136.3222 1.9200000000
73 138.2361 1.9200000000
74 140.1512 1.9200000000
75 142.0650 1.9200000000
76 143.9811 1.9100000000
77 145.9223 1.9100000000
78 147.8427 1.9000000000
79 149.7558 1.9000000000
80 151.6710 1.8900000000
81 153.5846 1.8900000000
82 155.4984 1.8900000000
83 157.4143 1.8900000000
84 159.3289 1.8900000000
85 161.2421 1.8700000000
86 163.1545 1.8700000000
87 165.0673 1.8800000000
88 166.9807 1.8800000000
89 168.8930 1.8800000000
90 170.8061 1.8600000000
91 172.7185 1.8500000000
92 174.6307 1.8500000000
93 176.5425 1.8600000000
94 178.4540 1.8400000000
95 180.3662 1.8300000000
96 182.2788 1.8300000000
97 184.1901 1.8300000000
98 186.1002 1.8300000000
99 188.0118 1.8300000000
100 189.9226 1.8200000000
101 191.8346 1.8100000000
102 193.7462 1.8000000000
103 195.6573 1.7900000000
104 197.5704 1.7800000000
105 199.4810 1.7800000000
106 201.3919 1.7700000000
107 203.3070 1.7800000000
108 205.2266 1.7900000000
109 207.1409 1.7900000000
110 209.0544 1.7900000000
111 210.9676 1.7900000000
112 212.8824 1.7800000000
113 214.7967 1.7800000000
114 216.7103 1.7800000000
115 218.6230 1.7800000000
116 220.5382 1.7700000000
117 222.4507 1.7600000000
118 224.3629 1.7600000000
119 226.2780 1.7600000000
120 228.1982 1.7600000000
121 230.1136 1.7600000000
122 232.0277 1.7600000000
123 233.9410 1.7500000000
124 235.8558 1.7500000000
125 237.7686 1.7500000000
126 239.6834 1.7500000000
127 241.5959 1.7500000000
128 243.5108 1.7500000000
129 245.4236 1.7500000000
130 247.3364 1.7400000000
131 249.2533 1.7400000000
132 251.1746 1.7400000000
133 253.0889 1.7400000000
134 255.0043 1.7400000000
135 256.9180 1.7400000000
136 258.8332 1.7400000000
137 260.7463 1.7400000000
138 262.6594 1.7400000000
139 264.5729 1.7400000000
140 266.4918 1.7400000000
141 268.4071 1.7300000000
142 270.3199 1.7300000000
143 272.2354 1.7300000000
144 274.1548 1.7300000000
145 276.0662 1.7300000000
146 277.9794 1.7300000000
147 279.8918 1.7300000000
148 281.8048 1.7300000000
149 283.7165 1.7200000000
150 285.6311 1.7200000000
151 287.5414 1.7200000000
152 289.4545 1.7200000000
153 291.3647 1.7300000000
154 293.2756 1.7000000000
155 295.1894 1.7000000000
156 297.1107 1.7000000000
157 299.0236 1.7000000000
158 300.9385 1.7000000000
159 302.8520 1.7000000000
160 304.7676 1.7000000000
161 306.6822 1.7000000000
162 308.5947 1.7000000000
163 310.5070 1.7100000000
164 312.4226 1.7100000000
165 314.3395 1.7100000000
166 316.2520 1.7100000000
167 318.1644 1.7100000000
168 320.0774 1.7100000000
169 321.9898 1.7100000000
170 323.9025 1.7100000000
171 325.8207 1.7100000000
172 327.7335 1.7100000000
173 329.6452 1.7100000000
174 331.5568 1.7100000000
175 333.4682 1.7100000000
176 335.3842 1.7100000000
177 337.3064 1.7100000000
178 339.2222 1.7100000000
179 341.1370 1.7100000000
180 343.0532 1.7100000000
181 344.9659 1.7100000000
182 346.8792 1.7100000000
183 348.7936 1.7100000000
184 350.7077 1.7100000000
185 352.6224 1.7100000000
186 354.5359 1.7200000000
187 356.4483 1.7200000000
188 358.3669 1.7200000000
189 360.2806 1.7200000000
190 362.1942 1.7300000000
191 364.1067 1.7300000000
192 366.0200 1.7300000000
193 367.9319 1.7300000000
194 369.8441 1.7300000000
195 371.7556 1.7300000000
196 373.6692 1.7300000000
197 375.5820 1.7300000000
198 377.4939 1.7300000000
199 379.4044 1.7300000000
200 381.3210 1.7300000000
