1 0.0000 0.1259166667
2 1.9461 0.0801333333
3 3.8717 0.0669000000
4 5.7963 0.0567500000
5 7.7201 0.0491333333
6 9.6461 0.0432166667
7 11.5680 0.0385000000
8 13.4949 0.0344000000
9 15.4183 0.0311333333
10 17.3422 0.0286833333
11 19.2699 0.0255333333
12 21.2017 0.0233333333
13 23.1246 0.0211833333
14 25.0496 0.0199166667
15 26.9733 0.0185333333
16 28.8992 0.0168166667
17 30.8225 0.0154666667
18 32.7463 0.0144666667
19 34.6706 0.0137333333
20 36.5955 0.0126500000
21 38.5179 0.0117333333
22 40.4413 0.0106500000
23 42.3669 0.0098666667
24 44.2947 0.0090166667
25 46.2186 0.0082000000
26 48.1418 0.0074500000
27 50.0632 0.0068666667
28 51.9870 0.0064666667
29 53.9094 0.0058500000
30 55.8326 0.0055166667
31 57.7541 0.0049666667
32 59.6786 0.0044500000
33 61.6013 0.0041166667
34 63.5266 0.0038333333
35 65.4511 0.0035500000
36 67.3780 0.0030500000
37 69.3055 0.0026666667
38 71.2342 0.0025166667
39 73.1608 0.0023500000
40 75.0766 0.0021666667
41 76.9919 0.0020166667
42 78.9050 0.0018000000
43 80.8184 0.0016500000
44 82.7339 0.0014666667
45 84.6461 0.0013833333
46 86.5580 0.0013000000
47 88.4740 0.0011333333
48 90.3897 0.0010333333
49 92.3027 0.0009333333
50 94.2172 0.0009000000
51 96.1331 0.0008333333
52 98.0459 0.0007666667
53 99.9597 0.0007333333
54 101.8706 0.0006666667
55 103.7811 0.0006333333
56 105.6934 0.0005833333
57 107.6046 0.0005666667
58 109.5159 0.0005333333
59 111.4301 0.0004666667
60 113.3470 0.0004333333
61 115.2602 0.0004000000
62 117.1771 0.0003666667
63 119.0969 0.0003333333
64 121.0114 0.0003166667
65 122.9239 0.0002500000
66 124.8354 0.0002333333
67 126.7461 0.0002000000
68 128.6597 0.0002000000
69 130.5710 0.0001833333
70 132.4839 0.0001833333
71 134.3979 0.0001833333
72 136.3222 0.0001833333
73 138.2361 0.0001833333
74 140.1512 0.0001833333
75 142.0650 0.0001666667
76 143.9811 0.0001666667
77 145.9223 0.0001500000
78 147.8427 0.0001500000
79 149.7558 0.0001333333
80 151.6710 0.0001333333
81 153.5846 0.0001166667
82 155.4984 0.0001166667
83 157.4143 0.0001000000
84 159.3289 0.0000833333
85 161.2421 0.0000666667
86 163.1545 0.0000666667
87 165.0673 0.0000666667
88 166.9807 0.0000666667
89 168.8930 0.0000666667
90 170.8061 0.0000500000
91 172.7185 0.0000500000
92 174.6307 0.0000500000
93 176.5425 0.0000333333
94 178.4540 0.0000333333
95 180.3662 0.0000166667
96 182.2788 0.0000166667
97 184.1901 0.0000166667
98 186.1002 0.0000166667
99 188.0118 0.0000166667
100 189.9226 0.0000166667
101 191.8346 0.0000166667
102 193.7462 0.0000166667
103 195.6573 0.0000166667
104 197.5704 0.0000166667
105 199.4810 0.0000166667
106 201.3919 0.0000166667
107 203.3070 0.0000166667
108 205.2266 0.0000166667
109 207.1409 0.0000166667
110 209.0544 0.0000166667
111 210.9676 0.0000166667
112 212.8824 0.0000166667
113 214.7967 0.0000166667
114 216.7103 0.0000000000
115 218.6230 0.0000000000
116 220.5382 0.0000000000
117 222.4507 0.0000000000
118 224.3629 0.0000000000
119 226.2780 0.0000000000
120 228.1982 0.0000000000
121 230.1136 0.0000000000
122 232.0277 0.0000000000
123 233.9410 0.0000000000
124 235.8558 0.0000000000
125 237.7686 0.0000000000
126 239.6834 0.0000000000
127 241.5959 0.0000000000
128 243.5108 0.0000000000
129 245.4236 0.0000000000
130 247.3364 0.0000000000
131 249.2533 0.0000000000
132 251.1746 0.0000000000
133 253.0889 0.0000000000
134 255.0043 0.0000000000
135 256.9180 0.0000000000
136 258.8332 0.0000000000
137 260.7463 0.0000000000
138 262.6594 0.0000000000
139 264.5729 0.0000000000
140 266.4918 0.0000000000
141 268.4071 0.0000000000
142 270.3199 0.0000000000
143 272.2354 0.0000000000
144 274.1548 0.0000000000
145 276.0662 0.0000000000
146 277.9794 0.0000000000
147 279.8918 0.0000000000
148 281.8048 0.0000000000
149 283.7165 0.0000000000
150 285.6311 0.0000000000
151 287.5414 0.0000000000
152 289.4545 0.0000000000
153 291.3647 0.0000000000
154 293.2756 0.0000000000
155 295.1894 0.0000000000
156 297.1107 0.0000000000
157 299.0236 0.0000000000
158 300.9385 0.0000000000
159 302.8520 0.0000000000
160 304.7676 0.0000000000
161 306.6822 0.0000000000
162 308.5947 0.0000000000
163 310.5070 0.0000000000
164 312.4226 0.0000000000
165 314.3395 0.0000000000
166 316.2520 0.0000000000
167 318.1644 0.0000000000
168 320.0774 0.0000000000
169 321.9898 0.0000000000
170 323.9025 0.0000000000
171 325.8207 0.0000000000
172 327.7335 0.0000000000
173 329.6452 0.0000000000
174 331.5568 0.0000000000
175 333.4682 0.0000000000
176 335.3842 0.0000000000
177 337.3064 0.0000000000
178 339.2222 0.0000000000
179 341.1370 0.0000000000
180 343.0532 0.0000000000
181 344.9659 0.0000000000
182 346.8792 0.0000000000
183 348.7936 0.0000000000
184 350.7077 0.0000000000
185 352.6224 0.0000000000
186 354.5359 0.0000000000
187 356.4483 0.0000000000
188 358.3669 0.0000000000
189 360.2806 0.0000000000
190 362.1942 0.0000000000
191 364.1067 0.0000000000
192 366.0200 0.0000000000
193 367.9319 0.0000000000
194 369.8441 0.0000000000
195 371.7556 0.0000000000
196 373.6692 0.0000000000
197 375.5820 0.0000000000
198 377.4939 0.0000000000
199 379.4044 0.0000000000
200 381.3210 0.0000000000
