1 0.0000 4.8000000000
2 4.3251 3.2200000000
3 8.4374 2.7200000000
4 12.5525 2.6200000000
5 16.6679 2.2600000000
6 20.7861 2.0200000000
7 24.9033 2.0000000000
8 29.0172 1.9200000000
9 33.1303 1.8400000000
10 37.2441 1.9200000000
11 41.3587 1.7600000000
12 45.4724 1.6500000000
13 49.5882 1.8500000000
14 53.7017 1.7800000000
15 57.8243 1.6900000000
16 61.9536 1.5300000000
17 66.1313 1.7200000000
18 70.2684 1.6000000000
19 74.4648 1.4900000000
20 78.6003 1.6200000000
21 82.7794 1.4500000000
22 86.9246 1.5300000000
23 91.0605 1.6000000000
24 95.1929 1.5200000000
25 99.3197 1.4000000000
26 103.4477 1.5800000000
27 107.5884 1.3100000000
28 111.7201 1.4300000000
29 115.8522 1.4400000000
30 119.9763 1.4000000000
31 124.0966 1.4000000000
32 128.2199 1.3900000000
33 132.3415 1.4500000000
34 136.4587 1.5300000000
35 140.5759 1.3600000000
36 144.6949 1.4600000000
37 148.8104 1.4400000000
38 152.9453 1.3300000000
39 157.0686 1.3300000000
40 161.1977 1.4100000000
41 165.3209 1.5000000000
42 169.4452 1.4400000000
43 173.5694 1.4400000000
44 177.6939 1.3700000000
45 181.8274 1.4000000000
46 185.9901 1.3700000000
47 190.1692 1.2900000000
48 194.3317 1.3300000000
49 198.4901 1.4400000000
50 202.6208 1.4300000000
51 206.7538 1.3300000000
52 210.8892 1.3800000000
53 215.0054 1.4200000000
54 219.1199 1.3200000000
55 223.2359 1.3900000000
56 227.3633 1.4600000000
57 231.4878 1.3600000000
58 235.6059 1.2900000000
59 239.7371 1.3200000000
60 243.8735 1.3300000000
61 248.0032 1.3700000000
62 252.1359 1.4000000000
63 256.2526 1.4200000000
64 260.3837 1.3800000000
65 264.5094 1.2700000000
66 268.6603 1.4300000000
67 272.8347 1.4300000000
68 276.9888 1.3000000000
69 281.1124 1.4600000000
70 285.2490 1.3400000000
71 289.4576 1.3600000000
72 293.5826 1.2600000000
73 297.7073 1.2600000000
74 301.8450 1.3400000000
75 305.9918 1.3500000000
76 310.1697 1.3500000000
77 314.3250 1.3100000000
78 318.5066 1.4100000000
79 322.6713 1.3400000000
80 326.8392 1.3700000000
81 330.9817 1.2600000000
82 335.1203 1.3700000000
83 339.2556 1.2600000000
84 343.3694 1.3100000000
85 347.5022 1.3400000000
86 351.6388 1.3300000000
87 355.7559 1.3200000000
88 359.8766 1.2600000000
89 364.0116 1.3100000000
90 368.1982 1.3700000000
91 372.3672 1.2600000000
92 376.4942 1.3100000000
93 380.6059 1.2800000000
94 384.7199 1.3000000000
95 388.8386 1.3100000000
96 392.9497 1.3100000000
97 397.0669 1.4300000000
98 401.1812 1.3400000000
99 405.3005 1.3500000000
100 409.4173 1.3900000000
101 413.5376 1.3200000000
102 417.6550 1.4100000000
103 421.7749 1.2800000000
104 425.8918 1.2500000000
105 430.0067 1.3500000000
106 434.1225 1.3100000000
107 438.2405 1.3100000000
108 442.3594 1.3000000000
109 446.4789 1.3000000000
110 450.5965 1.3200000000
111 454.7231 1.2400000000
112 458.8450 1.3200000000
113 462.9579 1.2100000000
114 467.0700 1.3100000000
115 471.1806 1.3200000000
116 475.2898 1.2600000000
117 479.4034 1.3000000000
118 483.5171 1.3400000000
119 487.6279 1.3100000000
120 491.7389 1.2500000000
121 495.8567 1.2800000000
122 499.9912 1.2100000000
123 504.1169 1.3700000000
124 508.2430 1.3700000000
125 512.3684 1.2900000000
126 516.4926 1.2200000000
127 520.6047 1.3700000000
128 524.7026 1.2800000000
129 528.8027 1.3500000000
130 532.9001 1.2800000000
131 537.0009 1.3300000000
132 541.0945 1.2300000000
133 545.1938 1.3000000000
134 549.2982 1.2500000000
135 553.3953 1.3900000000
136 557.4931 1.2200000000
137 561.5888 1.3500000000
138 565.6856 1.2600000000
139 569.7775 1.3600000000
140 573.8761 1.2900000000
141 577.9673 1.1800000000
142 582.0616 1.2400000000
143 586.1580 1.3300000000
144 590.2507 1.3100000000
145 594.3462 1.3400000000
146 598.4504 1.2900000000
147 602.5906 1.3300000000
148 606.6855 1.2400000000
149 610.7818 1.3500000000
150 614.8735 1.3400000000
151 618.9637 1.3100000000
152 623.0494 1.3100000000
153 627.1458 1.3000000000
154 631.2415 1.3400000000
155 635.3405 1.3500000000
156 639.4433 1.3100000000
157 643.5387 1.3400000000
158 647.6391 1.3300000000
159 651.7392 1.3100000000
160 655.8336 1.2500000000
161 659.9315 1.3200000000
162 664.0252 1.2900000000
163 668.1245 1.2300000000
164 672.2203 1.2600000000
165 676.3264 1.3700000000
166 680.4229 1.2400000000
167 684.5253 1.2900000000
168 688.6204 1.3000000000
169 692.7128 1.3700000000
170 696.8072 1.2800000000
171 700.9033 1.2500000000
172 704.9937 1.1800000000
173 709.0727 1.3300000000
174 713.1585 1.3800000000
175 717.2615 1.3000000000
176 721.3530 1.3400000000
177 725.4424 1.3300000000
178 729.5325 1.2700000000
179 733.6243 1.3800000000
180 737.7099 1.3500000000
181 741.8041 1.3400000000
182 745.8897 1.2800000000
183 749.9802 1.2700000000
184 754.0705 1.3300000000
185 758.1609 1.2400000000
186 762.2521 1.2700000000
187 766.3351 1.2600000000
188 770.4230 1.2200000000
189 774.5140 1.2900000000
190 778.6049 1.2800000000
191 782.6916 1.2600000000
192 786.7807 1.2900000000
193 790.8673 1.3500000000
194 794.9548 1.3800000000
195 799.0430 1.3300000000
196 803.1279 1.3000000000
197 807.2133 1.3300000000
198 811.3039 1.2300000000
199 815.3917 1.2600000000
200 819.4833 1.2200000000
