1 0.0000 0.0724666667
2 4.3251 0.0332000000
3 8.4374 0.0242833333
4 12.5525 0.0197666667
5 16.6679 0.0165000000
6 20.7861 0.0142833333
7 24.9033 0.0125000000
8 29.0172 0.0105500000
9 33.1303 0.0094333333
10 37.2441 0.0080666667
11 41.3587 0.0072833333
12 45.4724 0.0066166667
13 49.5882 0.0057500000
14 53.7017 0.0051166667
15 57.8243 0.0046666667
16 61.9536 0.0041666667
17 66.1313 0.0037500000
18 70.2684 0.0034833333
19 74.4648 0.0029833333
20 78.6003 0.0027333333
21 82.7794 0.0026333333
22 86.9246 0.0021500000
23 91.0605 0.0022333333
24 95.1929 0.0018000000
25 99.3197 0.0018833333
26 103.4477 0.0016833333
27 107.5884 0.0014333333
28 111.7201 0.0014333333
29 115.8522 0.0014333333
30 119.9763 0.0010833333
31 124.0966 0.0011166667
32 128.2199 0.0009500000
33 132.3415 0.0010500000
34 136.4587 0.0009333333
35 140.5759 0.0008833333
36 144.6949 0.0007833333
37 148.8104 0.0009500000
38 152.9453 0.0009000000
39 157.0686 0.0006833333
40 161.1977 0.0005833333
41 165.3209 0.0005000000
42 169.4452 0.0006666667
43 173.5694 0.0005333333
44 177.6939 0.0005166667
45 181.8274 0.0005000000
46 185.9901 0.0005666667
47 190.1692 0.0005500000
48 194.3317 0.0003500000
49 198.4901 0.0003666667
50 202.6208 0.0004500000
51 206.7538 0.0004166667
52 210.8892 0.0003666667
53 215.0054 0.0003333333
54 219.1199 0.0003000000
55 223.2359 0.0002666667
56 227.3633 0.0001666667
57 231.4878 0.0001500000
58 235.6059 0.0002000000
59 239.7371 0.0002333333
60 243.8735 0.0002666667
61 248.0032 0.0002333333
62 252.1359 0.0002500000
63 256.2526 0.0002333333
64 260.3837 0.0002500000
65 264.5094 0.0001000000
66 268.6603 0.0001833333
67 272.8347 0.0001000000
68 276.9888 0.0001333333
69 281.1124 0.0001500000
70 285.2490 0.0001666667
71 289.4576 0.0001666667
72 293.5826 0.0001666667
73 297.7073 0.0001333333
74 301.8450 0.0000833333
75 305.9918 0.0001333333
76 310.1697 0.0000833333
77 314.3250 0.0000833333
78 318.5066 0.0001500000
79 322.6713 0.0001000000
80 326.8392 0.0000333333
81 330.9817 0.0000500000
82 335.1203 0.0000333333
83 339.2556 0.0000333333
84 343.3694 0.0000666667
85 347.5022 0.0000666667
86 351.6388 0.0000666667
87 355.7559 0.0000666667
88 359.8766 0.0000333333
89 364.0116 0.0000833333
90 368.1982 0.0000666667
91 372.3672 0.0000833333
92 376.4942 0.0001000000
93 380.6059 0.0000166667
94 384.7199 0.0000333333
95 388.8386 0.0000833333
96 392.9497 0.0000666667
97 397.0669 0.0000500000
98 401.1812 0.0000333333
99 405.3005 0.0000500000
100 409.4173 0.0000500000
101 413.5376 0.0000333333
102 417.6550 0.0000333333
103 421.7749 0.0000333333
104 425.8918 0.0000500000
105 430.0067 0.0000000000
106 434.1225 0.0000500000
107 438.2405 0.0000333333
108 442.3594 0.0000666667
109 446.4789 0.0000500000
110 450.5965 0.0000166667
111 454.7231 0.0000500000
112 458.8450 0.0000000000
113 462.9579 0.0000666667
114 467.0700 0.0000333333
115 471.1806 0.0000166667
116 475.2898 0.0000166667
117 479.4034 0.0000166667
118 483.5171 0.0000333333
119 487.6279 0.0000166667
120 491.7389 0.0000166667
121 495.8567 0.0000333333
122 499.9912 0.0000166667
123 504.1169 0.0000166667
124 508.2430 0.0000333333
125 512.3684 0.0000166667
126 516.4926 0.0000000000
127 520.6047 0.0000000000
128 524.7026 0.0000333333
129 528.8027 0.0000166667
130 532.9001 0.0000166667
131 537.0009 0.0000166667
132 541.0945 0.0000166667
133 545.1938 0.0000166667
134 549.2982 0.0000000000
135 553.3953 0.0000166667
136 557.4931 0.0000166667
137 561.5888 0.0000000000
138 565.6856 0.0000000000
139 569.7775 0.0000000000
140 573.8761 0.0000166667
141 577.9673 0.0000000000
142 582.0616 0.0000166667
143 586.1580 0.0000333333
144 590.2507 0.0000333333
145 594.3462 0.0000000000
146 598.4504 0.0000000000
147 602.5906 0.0000166667
148 606.6855 0.0000166667
149 610.7818 0.0000333333
150 614.8735 0.0000166667
151 618.9637 0.0000000000
152 623.0494 0.0000000000
153 627.1458 0.0000333333
154 631.2415 0.0000166667
155 635.3405 0.0000166667
156 639.4433 0.0000000000
157 643.5387 0.0000000000
158 647.6391 0.0000000000
159 651.7392 0.0000000000
160 655.8336 0.0000000000
161 659.9315 0.0000000000
162 664.0252 0.0000000000
163 668.1245 0.0000166667
164 672.2203 0.0000166667
165 676.3264 0.0000000000
166 680.4229 0.0000166667
167 684.5253 0.0000000000
168 688.6204 0.0000166667
169 692.7128 0.0000000000
170 696.8072 0.0000000000
171 700.9033 0.0000000000
172 704.9937 0.0000166667
173 709.0727 0.0000000000
174 713.1585 0.0000000000
175 717.2615 0.0000000000
176 721.3530 0.0000000000
177 725.4424 0.0000166667
178 729.5325 0.0000000000
179 733.6243 0.0000000000
180 737.7099 0.0000166667
181 741.8041 0.0000000000
182 745.8897 0.0000000000
183 749.9802 0.0000000000
184 754.0705 0.0000000000
185 758.1609 0.0000000000
186 762.2521 0.0000000000
187 766.3351 0.0000166667
188 770.4230 0.0000000000
189 774.5140 0.0000000000
190 778.6049 0.0000000000
191 782.6916 0.0000166667
192 786.7807 0.0000000000
193 790.8673 0.0000000000
194 794.9548 0.0000000000
195 799.0430 0.0000000000
196 803.1279 0.0000166667
197 807.2133 0.0000000000
198 811.3039 0.0000000000
199 815.3917 0.0000000000
200 819.4833 0.0000000000
