1 0.0000 8.9300000000
2 1.9159 7.6300000000
3 3.8249 6.6800000000
4 5.7340 5.8600000000
5 7.6569 5.2400000000
6 9.5652 4.6700000000
7 11.4721 4.3700000000
8 13.3772 4.0800000000
9 15.2839 3.8200000000
10 17.1908 3.6800000000
11 19.0963 3.5300000000
12 21.0031 3.3700000000
13 22.9087 3.2500000000
14 24.8179 3.1900000000
15 26.7294 3.1300000000
16 28.6381 2.9600000000
17 30.5455 2.9200000000
18 32.4530 2.8200000000
19 34.3597 2.7500000000
20 36.2663 2.6900000000
21 38.1729 2.6200000000
22 40.0803 2.5700000000
23 41.9868 2.5300000000
24 43.8924 2.4800000000
25 45.7988 2.4800000000
26 47.7087 2.4700000000
27 49.6188 2.4800000000
28 51.5271 2.4500000000
29 53.4345 2.4300000000
30 55.3425 2.4100000000
31 57.2497 2.3800000000
32 59.1575 2.3800000000
33 61.0635 2.3600000000
34 62.9709 2.3700000000
35 64.8807 2.3400000000
36 66.7901 2.3300000000
37 68.6962 2.3200000000
38 70.6039 2.3200000000
39 72.5102 2.3300000000
40 74.4165 2.3400000000
41 76.3217 2.3200000000
42 78.2557 2.3100000000
43 80.1614 2.2900000000
44 82.0685 2.2300000000
45 83.9748 2.2400000000
46 85.8819 2.2400000000
47 87.7907 2.2500000000
48 89.6980 2.2500000000
49 91.6055 2.2200000000
50 93.5140 2.2100000000
51 95.4198 2.2100000000
52 97.3278 2.2000000000
53 99.2351 2.1900000000
54 101.1415 2.1800000000
55 103.0478 2.1700000000
56 104.9576 2.1700000000
57 106.8685 2.1700000000
58 108.7765 2.1400000000
59 110.6839 2.1200000000
60 112.5945 2.1100000000
61 114.5003 2.1100000000
62 116.4074 2.1000000000
63 118.3138 2.0900000000
64 120.2211 2.0800000000
65 122.1261 2.0700000000
66 124.0340 2.0800000000
67 125.9402 2.0700000000
68 127.8472 2.0600000000
69 129.7535 2.0700000000
70 131.6611 2.0600000000
71 133.5681 2.0500000000
72 135.4753 2.0400000000
73 137.3809 2.0300000000
74 139.2881 2.0200000000
75 141.1937 2.0200000000
76 143.1014 2.0100000000
77 145.0077 2.0100000000
78 146.9142 2.0200000000
79 148.8207 1.9900000000
80 150.7303 1.9900000000
81 152.6433 1.9900000000
82 154.5511 1.9900000000
83 156.4581 1.9800000000
84 158.3640 1.9800000000
85 160.2704 1.9800000000
86 162.1781 1.9800000000
87 164.0837 1.9700000000
88 165.9912 1.9500000000
89 167.9005 1.9200000000
90 169.8084 1.9100000000
91 171.7154 1.9100000000
92 173.6220 1.9100000000
93 175.5283 1.9100000000
94 177.4350 1.9100000000
95 179.3410 1.9100000000
96 181.2479 1.9100000000
97 183.1537 1.9100000000
98 185.0608 1.9100000000
99 186.9688 1.9100000000
100 188.8757 1.9000000000
101 190.7836 1.8900000000
102 192.6931 1.8800000000
103 194.6003 1.8900000000
104 196.5078 1.8900000000
105 198.4145 1.8900000000
106 200.3202 1.8800000000
107 202.2263 1.8800000000
108 204.1337 1.8800000000
109 206.0404 1.8800000000
110 207.9468 1.8600000000
111 209.8537 1.8600000000
112 211.7617 1.8600000000
113 213.6708 1.8500000000
114 215.5796 1.8500000000
115 217.4861 1.8500000000
116 219.3940 1.8500000000
117 221.3007 1.8500000000
118 223.2088 1.8500000000
119 225.1158 1.8500000000
120 227.0235 1.8600000000
121 228.9291 1.8600000000
122 230.8400 1.8600000000
123 232.7490 1.8600000000
124 234.6577 1.8500000000
125 236.5657 1.8500000000
126 238.4734 1.8500000000
127 240.3805 1.8500000000
128 242.2875 1.8500000000
129 244.1954 1.8500000000
130 246.1034 1.8500000000
131 248.0095 1.8500000000
132 249.9162 1.8500000000
133 251.8224 1.8400000000
134 253.7322 1.8400000000
135 255.6431 1.8400000000
136 257.5503 1.8300000000
137 259.4577 1.8300000000
138 261.3651 1.8300000000
139 263.2708 1.8300000000
140 265.1777 1.8300000000
141 267.0845 1.8300000000
142 268.9925 1.8300000000
143 270.9031 1.8300000000
144 272.8151 1.8300000000
145 274.7227 1.8200000000
146 276.6300 1.8200000000
147 278.5359 1.8200000000
148 280.4417 1.8200000000
149 282.3487 1.8200000000
150 284.2551 1.8200000000
151 286.1612 1.8200000000
152 288.0680 1.8200000000
153 289.9741 1.8200000000
154 291.8809 1.8100000000
155 293.7901 1.8100000000
156 295.7014 1.8100000000
157 297.6090 1.8100000000
158 299.5170 1.8100000000
159 301.4236 1.8100000000
160 303.3302 1.8100000000
161 305.2361 1.8000000000
162 307.1429 1.8000000000
163 309.0477 1.8000000000
164 310.9567 1.8000000000
165 312.8678 1.8000000000
166 314.7761 1.8000000000
167 316.6840 1.7900000000
168 318.5921 1.7900000000
169 320.4995 1.7700000000
170 322.4072 1.7700000000
171 324.3132 1.7700000000
172 326.2208 1.7700000000
173 328.1278 1.7700000000
174 330.0350 1.7700000000
175 331.9417 1.7700000000
176 333.8486 1.7700000000
177 335.7553 1.7700000000
178 337.6611 1.7700000000
179 339.5667 1.7700000000
180 341.4731 1.7700000000
181 343.3734 1.7700000000
182 345.2665 1.7700000000
183 347.1605 1.7700000000
184 349.0552 1.7700000000
185 350.9507 1.7600000000
186 352.8447 1.7600000000
187 354.7360 1.7600000000
188 356.6317 1.7500000000
189 358.5279 1.7500000000
190 360.4209 1.7500000000
191 362.3140 1.7500000000
192 364.2059 1.7500000000
193 366.0989 1.7500000000
194 367.9922 1.7500000000
195 369.8836 1.7500000000
196 371.7767 1.7500000000
197 373.6713 1.7500000000
198 375.5683 1.7500000000
199 377.4613 1.7500000000
200 379.3551 1.7500000000
