1 0.0000 0.1254833333
2 1.9159 0.0802333333
3 3.8249 0.0671833333
4 5.7340 0.0572666667
5 7.6569 0.0493166667
6 9.5652 0.0434333333
7 11.4721 0.0385000000
8 13.3772 0.0342166667
9 15.2839 0.0314166667
10 17.1908 0.0289500000
11 19.0963 0.0261166667
12 21.0031 0.0238500000
13 22.9087 0.0217166667
14 24.8179 0.0199666667
15 26.7294 0.0184666667
16 28.6381 0.0171500000
17 30.5455 0.0159333333
18 32.4530 0.0146500000
19 34.3597 0.0136166667
20 36.2663 0.0126333333
21 38.1729 0.0116500000
22 40.0803 0.0109166667
23 41.9868 0.0099000000
24 43.8924 0.0091333333
25 45.7988 0.0086000000
26 47.7087 0.0077833333
27 49.6188 0.0072000000
28 51.5271 0.0065000000
29 53.4345 0.0060333333
30 55.3425 0.0054333333
31 57.2497 0.0048833333
32 59.1575 0.0044666667
33 61.0635 0.0041333333
34 62.9709 0.0037000000
35 64.8807 0.0033500000
36 66.7901 0.0029833333
37 68.6962 0.0027333333
38 70.6039 0.0024666667
39 72.5102 0.0021333333
40 74.4165 0.0020166667
41 76.3217 0.0018166667
42 78.2557 0.0016666667
43 80.1614 0.0015500000
44 82.0685 0.0013666667
45 83.9748 0.0012333333
46 85.8819 0.0011333333
47 87.7907 0.0011166667
48 89.6980 0.0010333333
49 91.6055 0.0009833333
50 93.5140 0.0009000000
51 95.4198 0.0008333333
52 97.3278 0.0007833333
53 99.2351 0.0007000000
54 101.1415 0.0006500000
55 103.0478 0.0006333333
56 104.9576 0.0005666667
57 106.8685 0.0005166667
58 108.7765 0.0004500000
59 110.6839 0.0003833333
60 112.5945 0.0003666667
61 114.5003 0.0003166667
62 116.4074 0.0002500000
63 118.3138 0.0002500000
64 120.2211 0.0002333333
65 122.1261 0.0002166667
66 124.0340 0.0002166667
67 125.9402 0.0002166667
68 127.8472 0.0002166667
69 129.7535 0.0002000000
70 131.6611 0.0001833333
71 133.5681 0.0001833333
72 135.4753 0.0001666667
73 137.3809 0.0001666667
74 139.2881 0.0001500000
75 141.1937 0.0001500000
76 143.1014 0.0001333333
77 145.0077 0.0001333333
78 146.9142 0.0001333333
79 148.8207 0.0001333333
80 150.7303 0.0001166667
81 152.6433 0.0001166667
82 154.5511 0.0001000000
83 156.4581 0.0000833333
84 158.3640 0.0000833333
85 160.2704 0.0000833333
86 162.1781 0.0000333333
87 164.0837 0.0000166667
88 165.9912 0.0000166667
89 167.9005 0.0000166667
90 169.8084 0.0000166667
91 171.7154 0.0000166667
92 173.6220 0.0000166667
93 175.5283 0.0000166667
94 177.4350 0.0000166667
95 179.3410 0.0000166667
96 181.2479 0.0000166667
97 183.1537 0.0000166667
98 185.0608 0.0000166667
99 186.9688 0.0000166667
100 188.8757 0.0000166667
101 190.7836 0.0000166667
102 192.6931 0.0000166667
103 194.6003 0.0000166667
104 196.5078 0.0000166667
105 198.4145 0.0000166667
106 200.3202 0.0000166667
107 202.2263 0.0000166667
108 204.1337 0.0000166667
109 206.0404 0.0000166667
110 207.9468 0.0000166667
111 209.8537 0.0000166667
112 211.7617 0.0000166667
113 213.6708 0.0000166667
114 215.5796 0.0000000000
115 217.4861 0.0000000000
116 219.3940 0.0000000000
117 221.3007 0.0000000000
118 223.2088 0.0000000000
119 225.1158 0.0000000000
120 227.0235 0.0000000000
121 228.9291 0.0000000000
122 230.8400 0.0000000000
123 232.7490 0.0000000000
124 234.6577 0.0000000000
125 236.5657 0.0000000000
126 238.4734 0.0000000000
127 240.3805 0.0000000000
128 242.2875 0.0000000000
129 244.1954 0.0000000000
130 246.1034 0.0000000000
131 248.0095 0.0000000000
132 249.9162 0.0000000000
133 251.8224 0.0000000000
134 253.7322 0.0000000000
135 255.6431 0.0000000000
136 257.5503 0.0000000000
137 259.4577 0.0000000000
138 261.3651 0.0000000000
139 263.2708 0.0000000000
140 265.1777 0.0000000000
141 267.0845 0.0000000000
142 268.9925 0.0000000000
143 270.9031 0.0000000000
144 272.8151 0.0000000000
145 274.7227 0.0000000000
146 276.6300 0.0000000000
147 278.5359 0.0000000000
148 280.4417 0.0000000000
149 282.3487 0.0000000000
150 284.2551 0.0000000000
151 286.1612 0.0000000000
152 288.0680 0.0000000000
153 289.9741 0.0000000000
154 291.8809 0.0000000000
155 293.7901 0.0000000000
156 295.7014 0.0000000000
157 297.6090 0.0000000000
158 299.5170 0.0000000000
159 301.4236 0.0000000000
160 303.3302 0.0000000000
161 305.2361 0.0000000000
162 307.1429 0.0000000000
163 309.0477 0.0000000000
164 310.9567 0.0000000000
165 312.8678 0.0000000000
166 314.7761 0.0000000000
167 316.6840 0.0000000000
168 318.5921 0.0000000000
169 320.4995 0.0000000000
170 322.4072 0.0000000000
171 324.3132 0.0000000000
172 326.2208 0.0000000000
173 328.1278 0.0000000000
174 330.0350 0.0000000000
175 331.9417 0.0000000000
176 333.8486 0.0000000000
177 335.7553 0.0000000000
178 337.6611 0.0000000000
179 339.5667 0.0000000000
180 341.4731 0.0000000000
181 343.3734 0.0000000000
182 345.2665 0.0000000000
183 347.1605 0.0000000000
184 349.0552 0.0000000000
185 350.9507 0.0000000000
186 352.8447 0.0000000000
187 354.7360 0.0000000000
188 356.6317 0.0000000000
189 358.5279 0.0000000000
190 360.4209 0.0000000000
191 362.3140 0.0000000000
192 364.2059 0.0000000000
193 366.0989 0.0000000000
194 367.9922 0.0000000000
195 369.8836 0.0000000000
196 371.7767 0.0000000000
197 373.6713 0.0000000000
198 375.5683 0.0000000000
199 377.4613 0.0000000000
200 379.3551 0.0000000000
