1 0.0000 8.6900000000
2 1.9241 7.4900000000
3 3.8363 6.6400000000
4 5.7479 5.7400000000
5 7.6619 5.0400000000
6 9.5741 4.5900000000
7 11.4848 4.2700000000
8 13.3969 3.9500000000
9 15.3077 3.6800000000
10 17.2192 3.3700000000
11 19.1612 3.2200000000
12 21.0790 3.0000000000
13 22.9906 2.9100000000
14 24.9028 2.8300000000
15 26.8137 2.7000000000
16 28.7266 2.6600000000
17 30.6394 2.6000000000
18 32.5516 2.5900000000
19 34.4628 2.5600000000
20 36.3732 2.5000000000
21 38.2842 2.4500000000
22 40.1969 2.3700000000
23 42.1088 2.3700000000
24 44.0246 2.3200000000
25 45.9367 2.2900000000
26 47.8493 2.2600000000
27 49.7618 2.2500000000
28 51.6730 2.2500000000
29 53.5974 2.2500000000
30 55.5093 2.2500000000
31 57.4200 2.2100000000
32 59.3312 2.2000000000
33 61.2430 2.1700000000
34 63.1547 2.1600000000
35 65.0684 2.1600000000
36 66.9824 2.1600000000
37 68.8955 2.1500000000
38 70.8075 2.1500000000
39 72.7194 2.1000000000
40 74.6315 2.1200000000
41 76.5436 2.1300000000
42 78.4560 2.1300000000
43 80.3671 2.1400000000
44 82.2821 2.1500000000
45 84.1993 2.1400000000
46 86.1116 2.1500000000
47 88.0231 2.1500000000
48 89.9360 2.1300000000
49 91.8469 2.1300000000
50 93.7581 2.1200000000
51 95.6695 2.1100000000
52 97.5813 2.1000000000
53 99.4912 2.0900000000
54 101.4032 2.0800000000
55 103.3143 2.0600000000
56 105.2274 2.0500000000
57 107.1417 2.0500000000
58 109.0537 2.0400000000
59 110.9646 2.0400000000
60 112.8766 2.0200000000
61 114.7877 2.0100000000
62 116.7007 2.0000000000
63 118.6120 1.9900000000
64 120.5244 1.9900000000
65 122.4348 1.9900000000
66 124.3464 1.9600000000
67 126.2566 1.9600000000
68 128.1693 1.9600000000
69 130.0794 1.9700000000
70 131.9923 1.9800000000
71 133.9035 1.9600000000
72 135.8143 1.9500000000
73 137.7257 1.9400000000
74 139.6380 1.9400000000
75 141.5497 1.9400000000
76 143.4614 1.9300000000
77 145.3736 1.9300000000
78 147.2846 1.9000000000
79 149.1951 1.8900000000
80 151.1094 1.8900000000
81 153.0241 1.8600000000
82 154.9366 1.8500000000
83 156.8485 1.8500000000
84 158.7611 1.8500000000
85 160.6727 1.8500000000
86 162.5850 1.8400000000
87 164.5001 1.8300000000
88 166.4121 1.8300000000
89 168.3249 1.8200000000
90 170.2360 1.8100000000
91 172.1470 1.8100000000
92 174.0612 1.8200000000
93 175.9754 1.8200000000
94 177.8881 1.8200000000
95 179.8003 1.8100000000
96 181.7111 1.8200000000
97 183.6220 1.8000000000
98 185.5344 1.8000000000
99 187.4460 1.7900000000
100 189.3570 1.7900000000
101 191.2697 1.7900000000
102 193.1852 1.8000000000
103 195.0971 1.8000000000
104 197.0097 1.8100000000
105 198.9216 1.8100000000
106 200.8323 1.8100000000
107 202.7432 1.8000000000
108 204.6765 1.8000000000
109 206.5873 1.7900000000
110 208.5000 1.7900000000
111 210.4123 1.7900000000
112 212.3247 1.8000000000
113 214.2362 1.7900000000
114 216.1473 1.7900000000
115 218.0587 1.7900000000
116 219.9711 1.7900000000
117 221.8809 1.7800000000
118 223.7938 1.7800000000
119 225.7036 1.7800000000
120 227.6151 1.7800000000
121 229.5264 1.7900000000
122 231.4385 1.7900000000
123 233.3496 1.7900000000
124 235.2606 1.7900000000
125 237.1762 1.7900000000
126 239.0937 1.7900000000
127 241.0061 1.7900000000
128 242.9189 1.7900000000
129 244.8324 1.7900000000
130 246.7442 1.7900000000
131 248.6563 1.7900000000
132 250.5667 1.7800000000
133 252.4783 1.7700000000
134 254.3905 1.7700000000
135 256.3018 1.7700000000
136 258.2147 1.7700000000
137 260.1294 1.7700000000
138 262.0443 1.7700000000
139 263.9564 1.7700000000
140 265.8673 1.7700000000
141 267.7800 1.7700000000
142 269.6917 1.7700000000
143 271.6033 1.7700000000
144 273.5178 1.7700000000
145 275.4273 1.7700000000
146 277.3394 1.7700000000
147 279.2509 1.7700000000
148 281.1616 1.7700000000
149 283.0762 1.7700000000
150 284.9932 1.7600000000
151 286.9053 1.7600000000
152 288.8176 1.7500000000
153 290.7301 1.7500000000
154 292.6427 1.7500000000
155 294.5553 1.7500000000
156 296.4684 1.7500000000
157 298.3804 1.7400000000
158 300.2946 1.7400000000
159 302.2095 1.7300000000
160 304.1221 1.7300000000
161 306.0347 1.7300000000
162 307.9486 1.7300000000
163 309.8599 1.7200000000
164 311.7713 1.7200000000
165 313.6833 1.7200000000
166 315.5944 1.7200000000
167 317.5084 1.7200000000
168 319.4201 1.7200000000
169 321.3318 1.7200000000
170 323.2478 1.7200000000
171 325.1622 1.7200000000
172 327.0753 1.7200000000
173 328.9881 1.7200000000
174 330.8996 1.7200000000
175 332.8120 1.7200000000
176 334.7244 1.7200000000
177 336.6366 1.7200000000
178 338.5480 1.7200000000
179 340.4584 1.7200000000
180 342.3686 1.7200000000
181 344.2792 1.7200000000
182 346.1936 1.7200000000
183 348.1071 1.7200000000
184 350.0210 1.7200000000
185 351.9343 1.7200000000
186 353.8474 1.7200000000
187 355.7588 1.7200000000
188 357.6711 1.7200000000
189 359.5817 1.7200000000
190 361.4945 1.7200000000
191 363.4070 1.7200000000
192 365.3197 1.7200000000
193 367.2307 1.7200000000
194 369.1452 1.7200000000
195 371.0611 1.7300000000
196 372.9747 1.7300000000
197 374.8867 1.7300000000
198 376.7999 1.7300000000
199 378.7122 1.7300000000
200 380.6256 1.7300000000
