1 0.0000 0.1261666667
2 1.9241 0.0794000000
3 3.8363 0.0659833333
4 5.7479 0.0561833333
5 7.6619 0.0489333333
6 9.5741 0.0425000000
7 11.4848 0.0376166667
8 13.3969 0.0337500000
9 15.3077 0.0306500000
10 17.2192 0.0280000000
11 19.1612 0.0252833333
12 21.0790 0.0232333333
13 22.9906 0.0213333333
14 24.9028 0.0195166667
15 26.8137 0.0181166667
16 28.7266 0.0168666667
17 30.6394 0.0154000000
18 32.5516 0.0143833333
19 34.4628 0.0132000000
20 36.3732 0.0121500000
21 38.2842 0.0113500000
22 40.1969 0.0106000000
23 42.1088 0.0096500000
24 44.0246 0.0090833333
25 45.9367 0.0084833333
26 47.8493 0.0076500000
27 49.7618 0.0070166667
28 51.6730 0.0064166667
29 53.5974 0.0059666667
30 55.5093 0.0055333333
31 57.4200 0.0051000000
32 59.3312 0.0046666667
33 61.2430 0.0042833333
34 63.1547 0.0038166667
35 65.0684 0.0035000000
36 66.9824 0.0031500000
37 68.8955 0.0029500000
38 70.8075 0.0026833333
39 72.7194 0.0024333333
40 74.6315 0.0022500000
41 76.5436 0.0020500000
42 78.4560 0.0018166667
43 80.3671 0.0016333333
44 82.2821 0.0014166667
45 84.1993 0.0013000000
46 86.1116 0.0011666667
47 88.0231 0.0010333333
48 89.9360 0.0010166667
49 91.8469 0.0010000000
50 93.7581 0.0008333333
51 95.6695 0.0008000000
52 97.5813 0.0007166667
53 99.4912 0.0006666667
54 101.4032 0.0006000000
55 103.3143 0.0005166667
56 105.2274 0.0004666667
57 107.1417 0.0004333333
58 109.0537 0.0003833333
59 110.9646 0.0003666667
60 112.8766 0.0003500000
61 114.7877 0.0003333333
62 116.7007 0.0003333333
63 118.6120 0.0002666667
64 120.5244 0.0002666667
65 122.4348 0.0002500000
66 124.3464 0.0002500000
67 126.2566 0.0002500000
68 128.1693 0.0002000000
69 130.0794 0.0001833333
70 131.9923 0.0001666667
71 133.9035 0.0001500000
72 135.8143 0.0001333333
73 137.7257 0.0001333333
74 139.6380 0.0001166667
75 141.5497 0.0000666667
76 143.4614 0.0000666667
77 145.3736 0.0000666667
78 147.2846 0.0000666667
79 149.1951 0.0000666667
80 151.1094 0.0000500000
81 153.0241 0.0000333333
82 154.9366 0.0000333333
83 156.8485 0.0000333333
84 158.7611 0.0000333333
85 160.6727 0.0000333333
86 162.5850 0.0000333333
87 164.5001 0.0000333333
88 166.4121 0.0000333333
89 168.3249 0.0000166667
90 170.2360 0.0000166667
91 172.1470 0.0000166667
92 174.0612 0.0000166667
93 175.9754 0.0000166667
94 177.8881 0.0000166667
95 179.8003 0.0000166667
96 181.7111 0.0000166667
97 183.6220 0.0000166667
98 185.5344 0.0000166667
99 187.4460 0.0000166667
100 189.3570 0.0000166667
101 191.2697 0.0000166667
102 193.1852 0.0000166667
103 195.0971 0.0000166667
104 197.0097 0.0000166667
105 198.9216 0.0000166667
106 200.8323 0.0000166667
107 202.7432 0.0000166667
108 204.6765 0.0000166667
109 206.5873 0.0000166667
110 208.5000 0.0000166667
111 210.4123 0.0000166667
112 212.3247 0.0000000000
113 214.2362 0.0000000000
114 216.1473 0.0000000000
115 218.0587 0.0000000000
116 219.9711 0.0000000000
117 221.8809 0.0000000000
118 223.7938 0.0000000000
119 225.7036 0.0000000000
120 227.6151 0.0000000000
121 229.5264 0.0000000000
122 231.4385 0.0000000000
123 233.3496 0.0000000000
124 235.2606 0.0000000000
125 237.1762 0.0000000000
126 239.0937 0.0000000000
127 241.0061 0.0000000000
128 242.9189 0.0000000000
129 244.8324 0.0000000000
130 246.7442 0.0000000000
131 248.6563 0.0000000000
132 250.5667 0.0000000000
133 252.4783 0.0000000000
134 254.3905 0.0000000000
135 256.3018 0.0000000000
136 258.2147 0.0000000000
137 260.1294 0.0000000000
138 262.0443 0.0000000000
139 263.9564 0.0000000000
140 265.8673 0.0000000000
141 267.7800 0.0000000000
142 269.6917 0.0000000000
143 271.6033 0.0000000000
144 273.5178 0.0000000000
145 275.4273 0.0000000000
146 277.3394 0.0000000000
147 279.2509 0.0000000000
148 281.1616 0.0000000000
149 283.0762 0.0000000000
150 284.9932 0.0000000000
151 286.9053 0.0000000000
152 288.8176 0.0000000000
153 290.7301 0.0000000000
154 292.6427 0.0000000000
155 294.5553 0.0000000000
156 296.4684 0.0000000000
157 298.3804 0.0000000000
158 300.2946 0.0000000000
159 302.2095 0.0000000000
160 304.1221 0.0000000000
161 306.0347 0.0000000000
162 307.9486 0.0000000000
163 309.8599 0.0000000000
164 311.7713 0.0000000000
165 313.6833 0.0000000000
166 315.5944 0.0000000000
167 317.5084 0.0000000000
168 319.4201 0.0000000000
169 321.3318 0.0000000000
170 323.2478 0.0000000000
171 325.1622 0.0000000000
172 327.0753 0.0000000000
173 328.9881 0.0000000000
174 330.8996 0.0000000000
175 332.8120 0.0000000000
176 334.7244 0.0000000000
177 336.6366 0.0000000000
178 338.5480 0.0000000000
179 340.4584 0.0000000000
180 342.3686 0.0000000000
181 344.2792 0.0000000000
182 346.1936 0.0000000000
183 348.1071 0.0000000000
184 350.0210 0.0000000000
185 351.9343 0.0000000000
186 353.8474 0.0000000000
187 355.7588 0.0000000000
188 357.6711 0.0000000000
189 359.5817 0.0000000000
190 361.4945 0.0000000000
191 363.4070 0.0000000000
192 365.3197 0.0000000000
193 367.2307 0.0000000000
194 369.1452 0.0000000000
195 371.0611 0.0000000000
196 372.9747 0.0000000000
197 374.8867 0.0000000000
198 376.7999 0.0000000000
199 378.7122 0.0000000000
200 380.6256 0.0000000000
