1 0.0000 5.4500000000
2 4.2649 4.1600000000
3 8.3192 3.9000000000
4 12.4027 3.3100000000
5 16.4568 3.2900000000
6 20.5126 3.0300000000
7 24.5655 3.0600000000
8 28.6170 3.0000000000
9 32.6701 2.9200000000
10 36.7226 2.7200000000
11 40.7785 2.6200000000
12 44.8361 2.6400000000
13 48.8940 2.5700000000
14 52.9787 2.9400000000
15 57.0350 2.6400000000
16 61.0915 2.4400000000
17 65.1475 2.4400000000
18 69.2027 2.5000000000
19 73.2570 2.6000000000
20 77.3113 2.3400000000
21 81.3657 2.4000000000
22 85.4219 2.4000000000
23 89.4770 2.4500000000
24 93.5310 2.3700000000
25 97.5861 2.2900000000
26 101.6400 2.3400000000
27 105.6942 2.1600000000
28 109.7484 2.4100000000
29 113.8020 2.1900000000
30 117.8566 2.2300000000
31 121.9140 2.1400000000
32 125.9688 2.4300000000
33 130.0231 2.3400000000
34 134.0767 2.2800000000
35 138.1305 2.2900000000
36 142.1847 2.5500000000
37 146.2412 2.3900000000
38 150.2957 2.2400000000
39 154.3482 2.2600000000
40 158.4023 2.2100000000
41 162.4574 2.3000000000
42 166.5114 2.1500000000
43 170.5663 2.0800000000
44 174.6203 2.4800000000
45 178.6738 2.2000000000
46 182.7284 2.2000000000
47 186.7833 2.2600000000
48 190.8390 2.0100000000
49 194.8979 2.1700000000
50 198.9507 2.1000000000
51 203.0049 2.1900000000
52 207.0603 2.1500000000
53 211.1136 2.0800000000
54 215.1686 2.1100000000
55 219.2261 2.1300000000
56 223.2784 2.1600000000
57 227.3321 1.9900000000
58 231.3846 2.2200000000
59 235.4400 2.1200000000
60 239.4946 2.2000000000
61 243.5483 2.1800000000
62 247.6028 2.0500000000
63 251.6596 2.1500000000
64 255.7168 2.0400000000
65 259.7693 2.1500000000
66 263.8207 2.0400000000
67 267.8761 2.1900000000
68 271.9303 2.0500000000
69 275.9820 2.1100000000
70 280.0343 2.1400000000
71 284.0883 2.2000000000
72 288.1406 2.2500000000
73 292.1934 2.1200000000
74 296.2496 2.0000000000
75 300.3724 2.0900000000
76 304.4243 1.9900000000
77 308.4770 1.9300000000
78 312.5316 1.9400000000
79 316.5840 1.9000000000
80 320.6384 1.9500000000
81 324.6913 1.9300000000
82 328.7435 2.1600000000
83 332.7966 1.9900000000
84 336.8639 2.1500000000
85 340.9161 2.0300000000
86 344.9583 2.0400000000
87 349.0012 1.8600000000
88 353.0433 2.0500000000
89 357.0854 1.9500000000
90 361.1271 1.9900000000
91 365.1685 2.0400000000
92 369.2128 2.0600000000
93 373.2597 2.1600000000
94 377.3024 1.8800000000
95 381.3441 1.8200000000
96 385.3866 1.8400000000
97 389.4328 1.8900000000
98 393.4822 1.9500000000
99 397.5279 1.7900000000
100 401.5720 1.8600000000
101 405.6162 1.8700000000
102 409.6603 1.9400000000
103 413.7230 1.9600000000
104 417.7721 2.0200000000
105 421.8151 1.8100000000
106 425.8576 1.8300000000
107 429.9003 1.8200000000
108 433.9446 2.0300000000
109 437.9871 2.1000000000
110 442.0317 1.9200000000
111 446.0751 1.9200000000
112 450.1185 1.8700000000
113 454.1622 1.9900000000
114 458.2057 1.9300000000
115 462.2493 1.9900000000
116 466.2923 1.9900000000
117 470.3351 2.1300000000
118 474.3787 1.9700000000
119 478.4209 1.9200000000
120 482.4650 2.0800000000
121 486.5072 1.9400000000
122 490.5509 1.9900000000
123 494.5945 2.0400000000
124 498.6367 2.1000000000
125 502.6805 2.0300000000
126 506.7235 1.9400000000
127 510.7671 1.8700000000
128 514.8084 1.8900000000
129 518.8529 1.9300000000
130 522.8967 1.9000000000
131 526.9385 2.1200000000
132 530.9813 1.7500000000
133 535.0244 1.8600000000
134 539.0687 2.2200000000
135 543.1105 1.8200000000
136 547.1539 2.1300000000
137 551.1971 1.8800000000
138 555.2434 2.0100000000
139 559.2865 1.9900000000
140 563.3293 1.9300000000
141 567.3714 1.9700000000
142 571.4156 1.8900000000
143 575.4589 1.8800000000
144 579.5030 1.9400000000
145 583.5442 1.9500000000
146 587.5878 1.8500000000
147 591.6303 1.9000000000
148 595.6726 1.9300000000
149 599.7150 1.9700000000
150 603.7594 1.9100000000
151 607.8011 2.0800000000
152 611.8439 1.9200000000
153 615.8878 1.8600000000
154 619.9317 1.8300000000
155 623.9792 2.0500000000
156 628.0234 1.9200000000
157 632.0670 1.9100000000
158 636.1111 1.8100000000
159 640.1551 1.9400000000
160 644.1978 2.0100000000
161 648.2399 1.9400000000
162 652.2828 1.9000000000
163 656.3259 1.7500000000
164 660.3791 1.9100000000
165 664.4221 1.9500000000
166 668.4653 1.7700000000
167 672.5091 1.8200000000
168 676.5541 1.8600000000
169 680.5966 1.7600000000
170 684.6391 1.7500000000
171 688.6830 1.9200000000
172 692.7453 1.9400000000
173 696.7927 1.7900000000
174 700.8403 1.9200000000
175 704.8840 1.8400000000
176 708.9283 1.9000000000
177 712.9727 1.7700000000
178 717.0161 1.9000000000
179 721.0581 1.8700000000
180 725.1008 1.9300000000
181 729.1467 1.7700000000
182 733.1938 2.0400000000
183 737.2384 1.9400000000
184 741.2816 1.8500000000
185 745.3244 1.9000000000
186 749.3681 1.8100000000
187 753.4123 1.8900000000
188 757.4566 1.9400000000
189 761.5005 1.9100000000
190 765.5449 1.8700000000
191 769.5877 1.8200000000
192 773.6323 1.8300000000
193 777.6761 1.8700000000
194 781.7194 1.8600000000
195 785.7635 1.8500000000
196 789.8054 1.9600000000
197 793.8492 1.8900000000
198 797.8935 1.8000000000
199 801.9373 1.7700000000
200 805.9809 1.9200000000
