1 0.0000 0.0842666667
2 4.2649 0.0459666667
3 8.3192 0.0366500000
4 12.4027 0.0332666667
5 16.4568 0.0296000000
6 20.5126 0.0271833333
7 24.5655 0.0261666667
8 28.6170 0.0250833333
9 32.6701 0.0238500000
10 36.7226 0.0218833333
11 40.7785 0.0211500000
12 44.8361 0.0213000000
13 48.8940 0.0204333333
14 52.9787 0.0202500000
15 57.0350 0.0192166667
16 61.0915 0.0194333333
17 65.1475 0.0183666667
18 69.2027 0.0183000000
19 73.2570 0.0177833333
20 77.3113 0.0172333333
21 81.3657 0.0167500000
22 85.4219 0.0169500000
23 89.4770 0.0167333333
24 93.5310 0.0159166667
25 97.5861 0.0161500000
26 101.6400 0.0157833333
27 105.6942 0.0153166667
28 109.7484 0.0150166667
29 113.8020 0.0152166667
30 117.8566 0.0158000000
31 121.9140 0.0146333333
32 125.9688 0.0143833333
33 130.0231 0.0141666667
34 134.0767 0.0142166667
35 138.1305 0.0141833333
36 142.1847 0.0135833333
37 146.2412 0.0132833333
38 150.2957 0.0138000000
39 154.3482 0.0131500000
40 158.4023 0.0130000000
41 162.4574 0.0128500000
42 166.5114 0.0124666667
43 170.5663 0.0125333333
44 174.6203 0.0126500000
45 178.6738 0.0122000000
46 182.7284 0.0128500000
47 186.7833 0.0123000000
48 190.8390 0.0123666667
49 194.8979 0.0120333333
50 198.9507 0.0118333333
51 203.0049 0.0118833333
52 207.0603 0.0118500000
53 211.1136 0.0116166667
54 215.1686 0.0113666667
55 219.2261 0.0109333333
56 223.2784 0.0119000000
57 227.3321 0.0111666667
58 231.3846 0.0110166667
59 235.4400 0.0109666667
60 239.4946 0.0112500000
61 243.5483 0.0111333333
62 247.6028 0.0107000000
63 251.6596 0.0106833333
64 255.7168 0.0110000000
65 259.7693 0.0108333333
66 263.8207 0.0106333333
67 267.8761 0.0101500000
68 271.9303 0.0102666667
69 275.9820 0.0101333333
70 280.0343 0.0099666667
71 284.0883 0.0106500000
72 288.1406 0.0100166667
73 292.1934 0.0098333333
74 296.2496 0.0098166667
75 300.3724 0.0099666667
76 304.4243 0.0094666667
77 308.4770 0.0094000000
78 312.5316 0.0090333333
79 316.5840 0.0093500000
80 320.6384 0.0093833333
81 324.6913 0.0091500000
82 328.7435 0.0093333333
83 332.7966 0.0091000000
84 336.8639 0.0091666667
85 340.9161 0.0092500000
86 344.9583 0.0097666667
87 349.0012 0.0091500000
88 353.0433 0.0088666667
89 357.0854 0.0092166667
90 361.1271 0.0085000000
91 365.1685 0.0090500000
92 369.2128 0.0088666667
93 373.2597 0.0089166667
94 377.3024 0.0093833333
95 381.3441 0.0084000000
96 385.3866 0.0087500000
97 389.4328 0.0089500000
98 393.4822 0.0081833333
99 397.5279 0.0080000000
100 401.5720 0.0085166667
101 405.6162 0.0086166667
102 409.6603 0.0086000000
103 413.7230 0.0083833333
104 417.7721 0.0086166667
105 421.8151 0.0084833333
106 425.8576 0.0084833333
107 429.9003 0.0081500000
108 433.9446 0.0079500000
109 437.9871 0.0085166667
110 442.0317 0.0085000000
111 446.0751 0.0079166667
112 450.1185 0.0077833333
113 454.1622 0.0077833333
114 458.2057 0.0080000000
115 462.2493 0.0078166667
116 466.2923 0.0076666667
117 470.3351 0.0081000000
118 474.3787 0.0081000000
119 478.4209 0.0077833333
120 482.4650 0.0082333333
121 486.5072 0.0078000000
122 490.5509 0.0077666667
123 494.5945 0.0076000000
124 498.6367 0.0075000000
125 502.6805 0.0077500000
126 506.7235 0.0073000000
127 510.7671 0.0079500000
128 514.8084 0.0072166667
129 518.8529 0.0075666667
130 522.8967 0.0074666667
131 526.9385 0.0075833333
132 530.9813 0.0073500000
133 535.0244 0.0072500000
134 539.0687 0.0077833333
135 543.1105 0.0076000000
136 547.1539 0.0074166667
137 551.1971 0.0072166667
138 555.2434 0.0074666667
139 559.2865 0.0072000000
140 563.3293 0.0071500000
141 567.3714 0.0073166667
142 571.4156 0.0075333333
143 575.4589 0.0074166667
144 579.5030 0.0069500000
145 583.5442 0.0072166667
146 587.5878 0.0071333333
147 591.6303 0.0078666667
148 595.6726 0.0069166667
149 599.7150 0.0069000000
150 603.7594 0.0071166667
151 607.8011 0.0068000000
152 611.8439 0.0064833333
153 615.8878 0.0064500000
154 619.9317 0.0069833333
155 623.9792 0.0069666667
156 628.0234 0.0066000000
157 632.0670 0.0064166667
158 636.1111 0.0070000000
159 640.1551 0.0065666667
160 644.1978 0.0065000000
161 648.2399 0.0064833333
162 652.2828 0.0065833333
163 656.3259 0.0065666667
164 660.3791 0.0063666667
165 664.4221 0.0067000000
166 668.4653 0.0066166667
167 672.5091 0.0067500000
168 676.5541 0.0063666667
169 680.5966 0.0063833333
170 684.6391 0.0063500000
171 688.6830 0.0062833333
172 692.7453 0.0060833333
173 696.7927 0.0063833333
174 700.8403 0.0067000000
175 704.8840 0.0065500000
176 708.9283 0.0065833333
177 712.9727 0.0058833333
178 717.0161 0.0061166667
179 721.0581 0.0063500000
180 725.1008 0.0058500000
181 729.1467 0.0059500000
182 733.1938 0.0063833333
183 737.2384 0.0060500000
184 741.2816 0.0060500000
185 745.3244 0.0058000000
186 749.3681 0.0058333333
187 753.4123 0.0057833333
188 757.4566 0.0058500000
189 761.5005 0.0060833333
190 765.5449 0.0060000000
191 769.5877 0.0056833333
192 773.6323 0.0057333333
193 777.6761 0.0059166667
194 781.7194 0.0055833333
195 785.7635 0.0062166667
196 789.8054 0.0055166667
197 793.8492 0.0058833333
198 797.8935 0.0061333333
199 801.9373 0.0060500000
200 805.9809 0.0058666667
