1 0.0000 4.8900000000
2 4.3001 3.2800000000
3 8.3934 2.7900000000
4 12.4803 2.4800000000
5 16.5672 2.4400000000
6 20.6541 2.3000000000
7 24.7453 2.1400000000
8 28.8329 1.8100000000
9 32.9175 1.9000000000
10 37.0029 1.9000000000
11 41.0878 1.8300000000
12 45.1767 1.7500000000
13 49.2642 1.7100000000
14 53.3506 1.6800000000
15 57.4351 1.6200000000
16 61.5206 1.6300000000
17 65.6042 1.5600000000
18 69.6883 1.5900000000
19 73.7698 1.5500000000
20 77.8535 1.6100000000
21 81.9377 1.5700000000
22 86.0292 1.6600000000
23 90.1129 1.4900000000
24 94.1983 1.4700000000
25 98.2809 1.4900000000
26 102.3646 1.4600000000
27 106.4499 1.4800000000
28 110.5359 1.3900000000
29 114.6195 1.4400000000
30 118.7026 1.4000000000
31 122.7861 1.3700000000
32 126.8699 1.4400000000
33 130.9535 1.4400000000
34 135.0384 1.5100000000
35 139.1222 1.5100000000
36 143.2065 1.3700000000
37 147.2919 1.3500000000
38 151.3778 1.3300000000
39 155.4695 1.4000000000
40 159.5532 1.3700000000
41 163.6363 1.3300000000
42 167.7195 1.3500000000
43 171.8012 1.3300000000
44 175.8833 1.4600000000
45 179.9669 1.2900000000
46 184.0543 1.4400000000
47 188.1463 1.3400000000
48 192.2375 1.3600000000
49 196.3242 1.3000000000
50 200.4125 1.3700000000
51 204.5000 1.3400000000
52 208.5889 1.2500000000
53 212.6813 1.3200000000
54 216.7762 1.3400000000
55 220.8643 1.3000000000
56 224.9525 1.2900000000
57 229.0432 1.3100000000
58 233.1945 1.3300000000
59 237.2889 1.2900000000
60 241.3750 1.3200000000
61 245.4619 1.2700000000
62 249.5470 1.3000000000
63 253.6330 1.2200000000
64 257.7203 1.3300000000
65 261.8058 1.3100000000
66 265.9090 1.2400000000
67 270.0083 1.2500000000
68 274.1022 1.2400000000
69 278.1928 1.2600000000
70 282.2778 1.2800000000
71 286.3632 1.1600000000
72 290.4480 1.3000000000
73 294.5329 1.2800000000
74 298.6198 1.2500000000
75 302.7199 1.2900000000
76 306.8062 1.2800000000
77 310.8938 1.3100000000
78 314.9872 1.3100000000
79 319.0778 1.2400000000
80 323.1645 1.1000000000
81 327.2516 1.2200000000
82 331.3400 1.4400000000
83 335.4325 1.2800000000
84 339.5193 1.2800000000
85 343.6058 1.2400000000
86 347.6935 1.3600000000
87 351.7801 1.3900000000
88 355.8658 1.2400000000
89 359.9562 1.2600000000
90 364.0418 1.3400000000
91 368.1288 1.3200000000
92 372.2160 1.2300000000
93 376.3016 1.2500000000
94 380.3892 1.1400000000
95 384.4746 1.2100000000
96 388.5621 1.1600000000
97 392.6525 1.2900000000
98 396.7426 1.2400000000
99 400.8302 1.2000000000
100 404.9193 1.2100000000
101 409.0183 1.2300000000
102 413.1067 1.2700000000
103 417.1935 1.3100000000
104 421.2818 1.2600000000
105 425.3689 1.2100000000
106 429.4570 1.2100000000
107 433.5436 1.1700000000
108 437.6306 1.2500000000
109 441.7173 1.2000000000
110 445.8039 1.2800000000
111 449.8903 1.3100000000
112 453.9776 1.2400000000
113 458.0639 1.2200000000
114 462.1505 1.2200000000
115 466.2395 1.2200000000
116 470.3279 1.1600000000
117 474.4126 1.1800000000
118 478.4989 1.3600000000
119 482.5825 1.1900000000
120 486.6668 1.2600000000
121 490.7526 1.2700000000
122 494.8372 1.2500000000
123 498.9225 1.2500000000
124 503.0079 1.1500000000
125 507.0931 1.2700000000
126 511.1936 1.2500000000
127 515.2959 1.2200000000
128 519.3863 1.2400000000
129 523.4578 1.1900000000
130 527.5252 1.1900000000
131 531.5933 1.2400000000
132 535.6629 1.2100000000
133 539.7324 1.2400000000
134 543.8014 1.2900000000
135 547.8995 1.1000000000
136 551.9691 1.1600000000
137 556.0378 1.1300000000
138 560.1060 1.2300000000
139 564.1759 1.2500000000
140 568.2462 1.3200000000
141 572.3162 1.1800000000
142 576.3860 1.1200000000
143 580.4551 1.1400000000
144 584.5243 1.2000000000
145 588.5935 1.1500000000
146 592.6625 1.2100000000
147 596.7333 1.2500000000
148 600.8033 1.2000000000
149 604.8721 1.3000000000
150 608.9441 1.2300000000
151 613.0190 1.1800000000
152 617.0925 1.1300000000
153 621.1664 1.1500000000
154 625.2351 1.3000000000
155 629.3045 1.2300000000
156 633.3750 1.2700000000
157 637.4476 1.1700000000
158 641.5205 1.1900000000
159 645.5882 1.1900000000
160 649.6546 1.2400000000
161 653.7212 1.2100000000
162 657.7899 1.2300000000
163 661.8590 1.2200000000
164 665.9257 1.1900000000
165 669.9932 1.1600000000
166 674.0613 1.1600000000
167 678.1279 1.2700000000
168 682.1947 1.1900000000
169 686.2627 1.2300000000
170 690.3315 1.1700000000
171 694.4006 1.2600000000
172 698.4678 1.1900000000
173 702.5370 1.2300000000
174 706.6059 1.1700000000
175 710.6732 1.1900000000
176 714.7401 1.2100000000
177 718.8077 1.1400000000
178 722.8756 1.0700000000
179 726.9417 1.1700000000
180 731.0110 1.0600000000
181 735.0782 1.0900000000
182 739.1537 1.2700000000
183 743.2209 1.1600000000
184 747.2900 1.2000000000
185 751.3608 1.1500000000
186 755.4361 1.1100000000
187 759.5074 1.2100000000
188 763.5805 1.1600000000
189 767.6570 1.1700000000
190 771.7267 1.2000000000
191 775.7948 1.0700000000
192 779.8661 1.2300000000
193 783.9372 1.1200000000
194 788.0078 1.1300000000
195 792.0779 1.1200000000
196 796.1481 1.2100000000
197 800.2180 1.1000000000
198 804.2903 1.0700000000
199 808.3664 1.1900000000
200 812.4423 1.1400000000
