1 0.0000 0.0719166667
2 4.3001 0.0337833333
3 8.3934 0.0243833333
4 12.4803 0.0196333333
5 16.5672 0.0168833333
6 20.6541 0.0141000000
7 24.7453 0.0123500000
8 28.8329 0.0112000000
9 32.9175 0.0094166667
10 37.0029 0.0081500000
11 41.0878 0.0077833333
12 45.1767 0.0070000000
13 49.2642 0.0059666667
14 53.3506 0.0051333333
15 57.4351 0.0048666667
16 61.5206 0.0043333333
17 65.6042 0.0039833333
18 69.6883 0.0032333333
19 73.7698 0.0033833333
20 77.8535 0.0027500000
21 81.9377 0.0025000000
22 86.0292 0.0023833333
23 90.1129 0.0021666667
24 94.1983 0.0018833333
25 98.2809 0.0018500000
26 102.3646 0.0018000000
27 106.4499 0.0014833333
28 110.5359 0.0017500000
29 114.6195 0.0014166667
30 118.7026 0.0013833333
31 122.7861 0.0011000000
32 126.8699 0.0011000000
33 130.9535 0.0012000000
34 135.0384 0.0010333333
35 139.1222 0.0008833333
36 143.2065 0.0009166667
37 147.2919 0.0007500000
38 151.3778 0.0008333333
39 155.4695 0.0007500000
40 159.5532 0.0005333333
41 163.6363 0.0004833333
42 167.7195 0.0005333333
43 171.8012 0.0005500000
44 175.8833 0.0005166667
45 179.9669 0.0005166667
46 184.0543 0.0005833333
47 188.1463 0.0004833333
48 192.2375 0.0003833333
49 196.3242 0.0004833333
50 200.4125 0.0003833333
51 204.5000 0.0003166667
52 208.5889 0.0003833333
53 212.6813 0.0002500000
54 216.7762 0.0003166667
55 220.8643 0.0003500000
56 224.9525 0.0002000000
57 229.0432 0.0002500000
58 233.1945 0.0001666667
59 237.2889 0.0002000000
60 241.3750 0.0002166667
61 245.4619 0.0002333333
62 249.5470 0.0002500000
63 253.6330 0.0001166667
64 257.7203 0.0001500000
65 261.8058 0.0001833333
66 265.9090 0.0001666667
67 270.0083 0.0001333333
68 274.1022 0.0002166667
69 278.1928 0.0001333333
70 282.2778 0.0001333333
71 286.3632 0.0001166667
72 290.4480 0.0000833333
73 294.5329 0.0000666667
74 298.6198 0.0000666667
75 302.7199 0.0001333333
76 306.8062 0.0001666667
77 310.8938 0.0000666667
78 314.9872 0.0001333333
79 319.0778 0.0001000000
80 323.1645 0.0000500000
81 327.2516 0.0000333333
82 331.3400 0.0000666667
83 335.4325 0.0000500000
84 339.5193 0.0000333333
85 343.6058 0.0000333333
86 347.6935 0.0000166667
87 351.7801 0.0000833333
88 355.8658 0.0000000000
89 359.9562 0.0000833333
90 364.0418 0.0000166667
91 368.1288 0.0001000000
92 372.2160 0.0000166667
93 376.3016 0.0000500000
94 380.3892 0.0000500000
95 384.4746 0.0000333333
96 388.5621 0.0000500000
97 392.6525 0.0000000000
98 396.7426 0.0000000000
99 400.8302 0.0000666667
100 404.9193 0.0000333333
101 409.0183 0.0000000000
102 413.1067 0.0000333333
103 417.1935 0.0000166667
104 421.2818 0.0000500000
105 425.3689 0.0000333333
106 429.4570 0.0000166667
107 433.5436 0.0000166667
108 437.6306 0.0000333333
109 441.7173 0.0000000000
110 445.8039 0.0000000000
111 449.8903 0.0000833333
112 453.9776 0.0000333333
113 458.0639 0.0000166667
114 462.1505 0.0000333333
115 466.2395 0.0000000000
116 470.3279 0.0000000000
117 474.4126 0.0000166667
118 478.4989 0.0000166667
119 482.5825 0.0000000000
120 486.6668 0.0000000000
121 490.7526 0.0000000000
122 494.8372 0.0000000000
123 498.9225 0.0000000000
124 503.0079 0.0000333333
125 507.0931 0.0000166667
126 511.1936 0.0000500000
127 515.2959 0.0000166667
128 519.3863 0.0000166667
129 523.4578 0.0000333333
130 527.5252 0.0000333333
131 531.5933 0.0000666667
132 535.6629 0.0000166667
133 539.7324 0.0000166667
134 543.8014 0.0000333333
135 547.8995 0.0000166667
136 551.9691 0.0000166667
137 556.0378 0.0000333333
138 560.1060 0.0000166667
139 564.1759 0.0000000000
140 568.2462 0.0000333333
141 572.3162 0.0000000000
142 576.3860 0.0000000000
143 580.4551 0.0000000000
144 584.5243 0.0000166667
145 588.5935 0.0000000000
146 592.6625 0.0000000000
147 596.7333 0.0000333333
148 600.8033 0.0000166667
149 604.8721 0.0000000000
150 608.9441 0.0000333333
151 613.0190 0.0000333333
152 617.0925 0.0000000000
153 621.1664 0.0000000000
154 625.2351 0.0000166667
155 629.3045 0.0000166667
156 633.3750 0.0000000000
157 637.4476 0.0000333333
158 641.5205 0.0000000000
159 645.5882 0.0000166667
160 649.6546 0.0000000000
161 653.7212 0.0000166667
162 657.7899 0.0000166667
163 661.8590 0.0000000000
164 665.9257 0.0000000000
165 669.9932 0.0000000000
166 674.0613 0.0000000000
167 678.1279 0.0000000000
168 682.1947 0.0000166667
169 686.2627 0.0000000000
170 690.3315 0.0000000000
171 694.4006 0.0000000000
172 698.4678 0.0000000000
173 702.5370 0.0000000000
174 706.6059 0.0000000000
175 710.6732 0.0000166667
176 714.7401 0.0000166667
177 718.8077 0.0000000000
178 722.8756 0.0000000000
179 726.9417 0.0000000000
180 731.0110 0.0000000000
181 735.0782 0.0000000000
182 739.1537 0.0000000000
183 743.2209 0.0000000000
184 747.2900 0.0000000000
185 751.3608 0.0000000000
186 755.4361 0.0000000000
187 759.5074 0.0000000000
188 763.5805 0.0000166667
189 767.6570 0.0000166667
190 771.7267 0.0000000000
191 775.7948 0.0000000000
192 779.8661 0.0000000000
193 783.9372 0.0000166667
194 788.0078 0.0000333333
195 792.0779 0.0000000000
196 796.1481 0.0000000000
197 800.2180 0.0000000000
198 804.2903 0.0000166667
199 808.3664 0.0000000000
200 812.4423 0.0000000000
