1 0.0000 4.3900000000
2 1.9186 3.3200000000
3 3.8342 2.8700000000
4 5.7484 2.4200000000
5 7.6634 2.3500000000
6 9.5770 2.2400000000
7 11.4912 2.2600000000
8 13.4056 2.2200000000
9 15.3209 2.1600000000
10 17.2357 2.1000000000
11 19.1488 2.0700000000
12 21.0627 2.0200000000
13 22.9778 2.0100000000
14 24.8935 1.9400000000
15 26.8072 1.9300000000
16 28.7196 1.9500000000
17 30.6372 1.9600000000
18 32.5528 1.9100000000
19 34.4695 1.8900000000
20 36.3838 1.8600000000
21 38.2970 1.8300000000
22 40.2122 1.8400000000
23 42.1265 1.8400000000
24 44.0418 1.8300000000
25 45.9558 1.8100000000
26 47.8694 1.8200000000
27 49.7839 1.8100000000
28 51.6984 1.8100000000
29 53.6135 1.8100000000
30 55.5293 1.7900000000
31 57.4421 1.8000000000
32 59.3562 1.7800000000
33 61.2689 1.7800000000
34 63.1838 1.7700000000
35 65.0978 1.7800000000
36 67.0360 1.7600000000
37 68.9501 1.7600000000
38 70.8646 1.7600000000
39 72.7782 1.7600000000
40 74.6925 1.7600000000
41 76.6073 1.7600000000
42 78.5222 1.7600000000
43 80.4366 1.7600000000
44 82.3506 1.7600000000
45 84.2628 1.7500000000
46 86.1769 1.7500000000
47 88.0893 1.7500000000
48 90.0026 1.7400000000
49 91.9169 1.7300000000
50 93.8296 1.7300000000
51 95.7423 1.7300000000
52 97.6547 1.7200000000
53 99.5681 1.7200000000
54 101.4897 1.7400000000
55 103.4017 1.7500000000
56 105.3131 1.7400000000
57 107.2272 1.7500000000
58 109.1412 1.7600000000
59 111.0547 1.7500000000
60 112.9688 1.7700000000
61 114.8823 1.7700000000
62 116.7969 1.7700000000
63 118.7113 1.7700000000
64 120.6253 1.7700000000
65 122.5421 1.7600000000
66 124.4585 1.7600000000
67 126.3745 1.7700000000
68 128.2905 1.7600000000
69 130.2058 1.7600000000
70 132.1193 1.7600000000
71 134.0338 1.7800000000
72 135.9495 1.7700000000
73 137.8630 1.7700000000
74 139.7796 1.7500000000
75 141.6932 1.7600000000
76 143.6074 1.7500000000
77 145.5206 1.7600000000
78 147.4356 1.7600000000
79 149.3493 1.7600000000
80 151.2637 1.7600000000
81 153.1782 1.7600000000
82 155.0933 1.7600000000
83 157.0066 1.7600000000
84 158.9212 1.7600000000
85 160.8353 1.7700000000
86 162.7487 1.7600000000
87 164.6630 1.7600000000
88 166.5775 1.7600000000
89 168.4899 1.7600000000
90 170.4050 1.7600000000
91 172.3211 1.7700000000
92 174.2405 1.7700000000
93 176.1546 1.7600000000
94 178.0690 1.7700000000
95 179.9814 1.7600000000
96 181.8943 1.7600000000
97 183.8089 1.7600000000
98 185.7233 1.7600000000
99 187.6368 1.7700000000
100 189.5515 1.7700000000
101 191.4653 1.7700000000
102 193.3786 1.7700000000
103 195.2929 1.7700000000
104 197.2065 1.7700000000
105 199.1190 1.7700000000
106 201.0319 1.7700000000
107 202.9473 1.7700000000
108 204.8614 1.7700000000
109 206.7748 1.7700000000
110 208.6926 1.7700000000
111 210.6139 1.7800000000
112 212.5314 1.7800000000
113 214.4499 1.7800000000
114 216.3729 1.7800000000
115 218.2889 1.7800000000
116 220.2052 1.7800000000
117 222.1219 1.7800000000
118 224.0396 1.7800000000
119 225.9553 1.7800000000
120 227.8719 1.7800000000
121 229.7876 1.7800000000
122 231.7064 1.7700000000
123 233.6289 1.7700000000
124 235.5465 1.7700000000
125 237.4625 1.7700000000
126 239.3786 1.7700000000
127 241.2952 1.7700000000
128 243.2118 1.7700000000
129 245.1266 1.7700000000
130 247.0432 1.7700000000
131 248.9587 1.7700000000
132 250.8762 1.7700000000
133 252.7922 1.7700000000
134 254.7078 1.7600000000
135 256.6223 1.7600000000
136 258.5393 1.7500000000
137 260.4552 1.7500000000
138 262.3699 1.7500000000
139 264.2849 1.7500000000
140 266.2006 1.7500000000
141 268.1159 1.7500000000
142 270.0325 1.7500000000
143 271.9491 1.7500000000
144 273.8644 1.7500000000
145 275.7801 1.7500000000
146 277.6967 1.7500000000
147 279.6118 1.7500000000
148 281.5273 1.7500000000
149 283.4424 1.7500000000
150 285.3582 1.7500000000
151 287.2735 1.7500000000
152 289.1885 1.7500000000
153 291.1072 1.7500000000
154 293.0219 1.7500000000
155 294.9375 1.7500000000
156 296.8538 1.7500000000
157 298.7691 1.7500000000
158 300.6846 1.7500000000
159 302.5998 1.7500000000
160 304.5156 1.7500000000
161 306.4311 1.7500000000
162 308.3473 1.7500000000
163 310.2621 1.7500000000
164 312.1777 1.7500000000
165 314.0929 1.7400000000
166 316.0094 1.7400000000
167 317.9249 1.7500000000
168 319.8408 1.7400000000
169 321.7563 1.7400000000
170 323.6707 1.7500000000
171 325.5855 1.7500000000
172 327.5013 1.7500000000
173 329.4177 1.7500000000
174 331.3335 1.7500000000
175 333.2500 1.7500000000
176 335.1647 1.7500000000
177 337.0808 1.7500000000
178 338.9973 1.7500000000
179 340.9129 1.7500000000
180 342.8298 1.7500000000
181 344.7447 1.7500000000
182 346.6605 1.7500000000
183 348.5703 1.7500000000
184 350.4796 1.7500000000
185 352.3889 1.7500000000
186 354.2977 1.7500000000
187 356.2075 1.7500000000
188 358.1159 1.7500000000
189 360.0248 1.7500000000
190 361.9335 1.7500000000
191 363.8424 1.7500000000
192 365.7514 1.7500000000
193 367.6609 1.7500000000
194 369.5699 1.7500000000
195 371.4786 1.7500000000
196 373.3875 1.7500000000
197 375.2963 1.7500000000
198 377.2049 1.7500000000
199 379.1134 1.7400000000
200 381.0221 1.7400000000
