1 0.0000 0.0707000000
2 1.9186 0.0316000000
3 3.8342 0.0215166667
4 5.7484 0.0154833333
5 7.6634 0.0115833333
6 9.5770 0.0084166667
7 11.4912 0.0057500000
8 13.4056 0.0037833333
9 15.3209 0.0025000000
10 17.2357 0.0015833333
11 19.1488 0.0010333333
12 21.0627 0.0007666667
13 22.9778 0.0006000000
14 24.8935 0.0003166667
15 26.8072 0.0001833333
16 28.7196 0.0001500000
17 30.6372 0.0001333333
18 32.5528 0.0001000000
19 34.4695 0.0000333333
20 36.3838 0.0000333333
21 38.2970 0.0000166667
22 40.2122 0.0000166667
23 42.1265 0.0000166667
24 44.0418 0.0000166667
25 45.9558 0.0000166667
26 47.8694 0.0000000000
27 49.7839 0.0000000000
28 51.6984 0.0000000000
29 53.6135 0.0000000000
30 55.5293 0.0000000000
31 57.4421 0.0000000000
32 59.3562 0.0000000000
33 61.2689 0.0000000000
34 63.1838 0.0000000000
35 65.0978 0.0000000000
36 67.0360 0.0000000000
37 68.9501 0.0000000000
38 70.8646 0.0000000000
39 72.7782 0.0000000000
40 74.6925 0.0000000000
41 76.6073 0.0000000000
42 78.5222 0.0000000000
43 80.4366 0.0000000000
44 82.3506 0.0000000000
45 84.2628 0.0000000000
46 86.1769 0.0000000000
47 88.0893 0.0000000000
48 90.0026 0.0000000000
49 91.9169 0.0000000000
50 93.8296 0.0000000000
51 95.7423 0.0000000000
52 97.6547 0.0000000000
53 99.5681 0.0000000000
54 101.4897 0.0000000000
55 103.4017 0.0000000000
56 105.3131 0.0000000000
57 107.2272 0.0000000000
58 109.1412 0.0000000000
59 111.0547 0.0000000000
60 112.9688 0.0000000000
61 114.8823 0.0000000000
62 116.7969 0.0000000000
63 118.7113 0.0000000000
64 120.6253 0.0000000000
65 122.5421 0.0000000000
66 124.4585 0.0000000000
67 126.3745 0.0000000000
68 128.2905 0.0000000000
69 130.2058 0.0000000000
70 132.1193 0.0000000000
71 134.0338 0.0000000000
72 135.9495 0.0000000000
73 137.8630 0.0000000000
74 139.7796 0.0000000000
75 141.6932 0.0000000000
76 143.6074 0.0000000000
77 145.5206 0.0000000000
78 147.4356 0.0000000000
79 149.3493 0.0000000000
80 151.2637 0.0000000000
81 153.1782 0.0000000000
82 155.0933 0.0000000000
83 157.0066 0.0000000000
84 158.9212 0.0000000000
85 160.8353 0.0000000000
86 162.7487 0.0000000000
87 164.6630 0.0000000000
88 166.5775 0.0000000000
89 168.4899 0.0000000000
90 170.4050 0.0000000000
91 172.3211 0.0000000000
92 174.2405 0.0000000000
93 176.1546 0.0000000000
94 178.0690 0.0000000000
95 179.9814 0.0000000000
96 181.8943 0.0000000000
97 183.8089 0.0000000000
98 185.7233 0.0000000000
99 187.6368 0.0000000000
100 189.5515 0.0000000000
101 191.4653 0.0000000000
102 193.3786 0.0000000000
103 195.2929 0.0000000000
104 197.2065 0.0000000000
105 199.1190 0.0000000000
106 201.0319 0.0000000000
107 202.9473 0.0000000000
108 204.8614 0.0000000000
109 206.7748 0.0000000000
110 208.6926 0.0000000000
111 210.6139 0.0000000000
112 212.5314 0.0000000000
113 214.4499 0.0000000000
114 216.3729 0.0000000000
115 218.2889 0.0000000000
116 220.2052 0.0000000000
117 222.1219 0.0000000000
118 224.0396 0.0000000000
119 225.9553 0.0000000000
120 227.8719 0.0000000000
121 229.7876 0.0000000000
122 231.7064 0.0000000000
123 233.6289 0.0000000000
124 235.5465 0.0000000000
125 237.4625 0.0000000000
126 239.3786 0.0000000000
127 241.2952 0.0000000000
128 243.2118 0.0000000000
129 245.1266 0.0000000000
130 247.0432 0.0000000000
131 248.9587 0.0000000000
132 250.8762 0.0000000000
133 252.7922 0.0000000000
134 254.7078 0.0000000000
135 256.6223 0.0000000000
136 258.5393 0.0000000000
137 260.4552 0.0000000000
138 262.3699 0.0000000000
139 264.2849 0.0000000000
140 266.2006 0.0000000000
141 268.1159 0.0000000000
142 270.0325 0.0000000000
143 271.9491 0.0000000000
144 273.8644 0.0000000000
145 275.7801 0.0000000000
146 277.6967 0.0000000000
147 279.6118 0.0000000000
148 281.5273 0.0000000000
149 283.4424 0.0000000000
150 285.3582 0.0000000000
151 287.2735 0.0000000000
152 289.1885 0.0000000000
153 291.1072 0.0000000000
154 293.0219 0.0000000000
155 294.9375 0.0000000000
156 296.8538 0.0000000000
157 298.7691 0.0000000000
158 300.6846 0.0000000000
159 302.5998 0.0000000000
160 304.5156 0.0000000000
161 306.4311 0.0000000000
162 308.3473 0.0000000000
163 310.2621 0.0000000000
164 312.1777 0.0000000000
165 314.0929 0.0000000000
166 316.0094 0.0000000000
167 317.9249 0.0000000000
168 319.8408 0.0000000000
169 321.7563 0.0000000000
170 323.6707 0.0000000000
171 325.5855 0.0000000000
172 327.5013 0.0000000000
173 329.4177 0.0000000000
174 331.3335 0.0000000000
175 333.2500 0.0000000000
176 335.1647 0.0000000000
177 337.0808 0.0000000000
178 338.9973 0.0000000000
179 340.9129 0.0000000000
180 342.8298 0.0000000000
181 344.7447 0.0000000000
182 346.6605 0.0000000000
183 348.5703 0.0000000000
184 350.4796 0.0000000000
185 352.3889 0.0000000000
186 354.2977 0.0000000000
187 356.2075 0.0000000000
188 358.1159 0.0000000000
189 360.0248 0.0000000000
190 361.9335 0.0000000000
191 363.8424 0.0000000000
192 365.7514 0.0000000000
193 367.6609 0.0000000000
194 369.5699 0.0000000000
195 371.4786 0.0000000000
196 373.3875 0.0000000000
197 375.2963 0.0000000000
198 377.2049 0.0000000000
199 379.1134 0.0000000000
200 381.0221 0.0000000000
