1 0.0000 4.4300000000
2 4.2591 3.3400000000
3 8.3443 2.8300000000
4 12.4287 2.3400000000
5 16.5142 2.2700000000
6 20.5979 2.0400000000
7 24.6833 2.0800000000
8 28.7769 2.0800000000
9 32.8601 1.9300000000
10 36.9549 1.8200000000
11 41.0547 1.8600000000
12 45.1516 1.7700000000
13 49.2404 1.7100000000
14 53.3296 1.7700000000
15 57.4169 1.6500000000
16 61.5062 1.5100000000
17 65.5934 1.5900000000
18 69.7024 1.6500000000
19 73.8132 1.4800000000
20 77.9000 1.5700000000
21 81.9857 1.5100000000
22 86.0735 1.5700000000
23 90.1600 1.4600000000
24 94.2482 1.3800000000
25 98.3343 1.4200000000
26 102.4219 1.4600000000
27 106.5312 1.5800000000
28 110.6190 1.4200000000
29 114.7040 1.4300000000
30 118.7917 1.4500000000
31 122.9175 1.4200000000
32 127.0046 1.3600000000
33 131.0908 1.4100000000
34 135.1787 1.4800000000
35 139.2698 1.4400000000
36 143.3579 1.3100000000
37 147.4436 1.3000000000
38 151.5293 1.3800000000
39 155.6183 1.3600000000
40 159.7041 1.3100000000
41 163.7897 1.3000000000
42 167.8748 1.3700000000
43 171.9618 1.2500000000
44 176.0596 1.2700000000
45 180.1463 1.3300000000
46 184.2320 1.3200000000
47 188.3181 1.4100000000
48 192.4055 1.3900000000
49 196.4902 1.2100000000
50 200.5770 1.2400000000
51 204.6628 1.3300000000
52 208.7476 1.2500000000
53 212.8321 1.1600000000
54 216.9333 1.3300000000
55 221.0188 1.2400000000
56 225.1044 1.3600000000
57 229.1901 1.3700000000
58 233.2756 1.2800000000
59 237.3610 1.3600000000
60 241.4495 1.2800000000
61 245.5353 1.3200000000
62 249.6256 1.2700000000
63 253.7102 1.3100000000
64 257.7947 1.2600000000
65 261.8796 1.2500000000
66 265.9654 1.2900000000
67 270.0502 1.2100000000
68 274.1364 1.2300000000
69 278.2213 1.1500000000
70 282.3058 1.2600000000
71 286.3916 1.2900000000
72 290.4764 1.2500000000
73 294.5634 1.2800000000
74 298.6621 1.3000000000
75 302.7483 1.2600000000
76 306.8402 1.2700000000
77 310.9273 1.2700000000
78 315.0129 1.3000000000
79 319.0984 1.1800000000
80 323.1851 1.1400000000
81 327.2686 1.3200000000
82 331.3532 1.2500000000
83 335.4377 1.2600000000
84 339.5224 1.2100000000
85 343.6110 1.1600000000
86 347.7020 1.1600000000
87 351.7905 1.2600000000
88 355.8799 1.2200000000
89 359.9743 1.2100000000
90 364.0623 1.1500000000
91 368.1502 1.1900000000
92 372.2376 1.2800000000
93 376.3257 1.1800000000
94 380.4142 1.2200000000
95 384.5043 1.1600000000
96 388.5936 1.2700000000
97 392.6806 1.2200000000
98 396.7679 1.1300000000
99 400.8559 1.2600000000
100 404.9424 1.1900000000
101 409.0279 1.2800000000
102 413.1169 1.1800000000
103 417.2040 1.2200000000
104 421.2929 1.2400000000
105 425.3785 1.1800000000
106 429.4654 1.0900000000
107 433.5549 1.1800000000
108 437.6439 1.1800000000
109 441.7314 1.1600000000
110 445.8221 1.1200000000
111 449.9098 1.1800000000
112 453.9986 1.0900000000
113 458.0846 1.2900000000
114 462.1726 1.2100000000
115 466.2600 1.1800000000
116 470.3684 1.1800000000
117 474.4568 1.1400000000
118 478.5466 1.1800000000
119 482.6348 1.1600000000
120 486.7231 1.1700000000
121 490.8093 1.2000000000
122 494.8975 1.2900000000
123 498.9841 1.1800000000
124 503.0718 1.2000000000
125 507.1877 1.1400000000
126 511.2782 1.1600000000
127 515.3669 1.2900000000
128 519.4592 1.2300000000
129 523.5469 1.1600000000
130 527.6360 1.0600000000
131 531.7303 1.1300000000
132 535.8176 1.2500000000
133 539.9026 1.1200000000
134 543.9889 1.1300000000
135 548.0727 1.2000000000
136 552.1584 1.2200000000
137 556.2415 1.0300000000
138 560.3268 1.1100000000
139 564.4102 1.1500000000
140 568.4951 1.1200000000
141 572.5808 1.1300000000
142 576.6896 1.0900000000
143 580.7725 1.1400000000
144 584.8570 1.1400000000
145 588.9399 1.1100000000
146 593.0255 1.1800000000
147 597.1099 1.2000000000
148 601.1950 1.1600000000
149 605.2783 1.1500000000
150 609.3631 1.1900000000
151 613.4464 1.1800000000
152 617.5298 1.0900000000
153 621.6129 1.1500000000
154 625.7014 1.1700000000
155 629.7865 1.1300000000
156 633.8731 1.2200000000
157 637.9561 1.2800000000
158 642.0494 1.1700000000
159 646.1377 1.1500000000
160 650.2343 1.1800000000
161 654.3236 1.1500000000
162 658.4189 1.2400000000
163 662.5072 1.0700000000
164 666.5976 1.1400000000
165 670.6871 1.1800000000
166 674.7757 1.1600000000
167 678.8642 1.2400000000
168 682.9527 1.2400000000
169 687.0393 1.0800000000
170 691.1276 1.2000000000
171 695.2178 1.1600000000
172 699.2915 1.1000000000
173 703.3623 1.1400000000
174 707.4335 1.1200000000
175 711.5048 1.0700000000
176 715.5776 1.2000000000
177 719.6496 1.0800000000
178 723.7362 1.1000000000
179 727.8063 1.1700000000
180 731.8773 1.1700000000
181 735.9470 1.2700000000
182 740.0181 1.1600000000
183 744.0918 1.2400000000
184 748.1631 1.2300000000
185 752.2328 1.1500000000
186 756.3068 1.1800000000
187 760.3762 1.1600000000
188 764.4448 1.1700000000
189 768.5170 1.2700000000
190 772.5862 1.0900000000
191 776.6551 1.1900000000
192 780.7263 1.1800000000
193 784.7943 1.1300000000
194 788.8628 1.1300000000
195 792.9959 1.2100000000
196 797.1068 1.2700000000
197 801.1748 1.1400000000
198 805.2442 1.1400000000
199 809.3120 1.1900000000
200 813.3794 1.1100000000
