1 0.0000 0.0728500000
2 4.2591 0.0343833333
3 8.3443 0.0245333333
4 12.4287 0.0198833333
5 16.5142 0.0163166667
6 20.5979 0.0137833333
7 24.6833 0.0119166667
8 28.7769 0.0110333333
9 32.8601 0.0091833333
10 36.9549 0.0081833333
11 41.0547 0.0071000000
12 45.1516 0.0063166667
13 49.2404 0.0056166667
14 53.3296 0.0050500000
15 57.4169 0.0044666667
16 61.5062 0.0043833333
17 65.5934 0.0036000000
18 69.7024 0.0033500000
19 73.8132 0.0033000000
20 77.9000 0.0028000000
21 81.9857 0.0026166667
22 86.0735 0.0021666667
23 90.1600 0.0022833333
24 94.2482 0.0021333333
25 98.3343 0.0019166667
26 102.4219 0.0017166667
27 106.5312 0.0015166667
28 110.6190 0.0016666667
29 114.7040 0.0013500000
30 118.7917 0.0013833333
31 122.9175 0.0011333333
32 127.0046 0.0010500000
33 131.0908 0.0011166667
34 135.1787 0.0008000000
35 139.2698 0.0010500000
36 143.3579 0.0009000000
37 147.4436 0.0008833333
38 151.5293 0.0007666667
39 155.6183 0.0007000000
40 159.7041 0.0007166667
41 163.7897 0.0005000000
42 167.8748 0.0004166667
43 171.9618 0.0005500000
44 176.0596 0.0005166667
45 180.1463 0.0005500000
46 184.2320 0.0005833333
47 188.3181 0.0004500000
48 192.4055 0.0003500000
49 196.4902 0.0004000000
50 200.5770 0.0003000000
51 204.6628 0.0002500000
52 208.7476 0.0002666667
53 212.8321 0.0003000000
54 216.9333 0.0002166667
55 221.0188 0.0002000000
56 225.1044 0.0002500000
57 229.1901 0.0002000000
58 233.2756 0.0003166667
59 237.3610 0.0001166667
60 241.4495 0.0002166667
61 245.5353 0.0002000000
62 249.6256 0.0001666667
63 253.7102 0.0001500000
64 257.7947 0.0000666667
65 261.8796 0.0001500000
66 265.9654 0.0000833333
67 270.0502 0.0001166667
68 274.1364 0.0001666667
69 278.2213 0.0001166667
70 282.3058 0.0001333333
71 286.3916 0.0002000000
72 290.4764 0.0001833333
73 294.5634 0.0001333333
74 298.6621 0.0000666667
75 302.7483 0.0000500000
76 306.8402 0.0001333333
77 310.9273 0.0000666667
78 315.0129 0.0000833333
79 319.0984 0.0000333333
80 323.1851 0.0001000000
81 327.2686 0.0000333333
82 331.3532 0.0000166667
83 335.4377 0.0000333333
84 339.5224 0.0000166667
85 343.6110 0.0000500000
86 347.7020 0.0000666667
87 351.7905 0.0000833333
88 355.8799 0.0000500000
89 359.9743 0.0000333333
90 364.0623 0.0000166667
91 368.1502 0.0000166667
92 372.2376 0.0000000000
93 376.3257 0.0000000000
94 380.4142 0.0000500000
95 384.5043 0.0000500000
96 388.5936 0.0000500000
97 392.6806 0.0000666667
98 396.7679 0.0000166667
99 400.8559 0.0000333333
100 404.9424 0.0000333333
101 409.0279 0.0000000000
102 413.1169 0.0000333333
103 417.2040 0.0000000000
104 421.2929 0.0000666667
105 425.3785 0.0000000000
106 429.4654 0.0000000000
107 433.5549 0.0000166667
108 437.6439 0.0000333333
109 441.7314 0.0000166667
110 445.8221 0.0000000000
111 449.9098 0.0000333333
112 453.9986 0.0000000000
113 458.0846 0.0000333333
114 462.1726 0.0000500000
115 466.2600 0.0000500000
116 470.3684 0.0000166667
117 474.4568 0.0000500000
118 478.5466 0.0000000000
119 482.6348 0.0000333333
120 486.7231 0.0000666667
121 490.8093 0.0000166667
122 494.8975 0.0000333333
123 498.9841 0.0000166667
124 503.0718 0.0000166667
125 507.1877 0.0000000000
126 511.2782 0.0000666667
127 515.3669 0.0000333333
128 519.4592 0.0000000000
129 523.5469 0.0000000000
130 527.6360 0.0000166667
131 531.7303 0.0000000000
132 535.8176 0.0000333333
133 539.9026 0.0000166667
134 543.9889 0.0000333333
135 548.0727 0.0000166667
136 552.1584 0.0000000000
137 556.2415 0.0000166667
138 560.3268 0.0000333333
139 564.4102 0.0000166667
140 568.4951 0.0000000000
141 572.5808 0.0000000000
142 576.6896 0.0000000000
143 580.7725 0.0000000000
144 584.8570 0.0000166667
145 588.9399 0.0000166667
146 593.0255 0.0000000000
147 597.1099 0.0000166667
148 601.1950 0.0000166667
149 605.2783 0.0000000000
150 609.3631 0.0000166667
151 613.4464 0.0000166667
152 617.5298 0.0000166667
153 621.6129 0.0000000000
154 625.7014 0.0000000000
155 629.7865 0.0000500000
156 633.8731 0.0000333333
157 637.9561 0.0000333333
158 642.0494 0.0000333333
159 646.1377 0.0000333333
160 650.2343 0.0000000000
161 654.3236 0.0000000000
162 658.4189 0.0000166667
163 662.5072 0.0000166667
164 666.5976 0.0000000000
165 670.6871 0.0000000000
166 674.7757 0.0000000000
167 678.8642 0.0000000000
168 682.9527 0.0000000000
169 687.0393 0.0000000000
170 691.1276 0.0000166667
171 695.2178 0.0000000000
172 699.2915 0.0000000000
173 703.3623 0.0000000000
174 707.4335 0.0000000000
175 711.5048 0.0000000000
176 715.5776 0.0000000000
177 719.6496 0.0000000000
178 723.7362 0.0000166667
179 727.8063 0.0000000000
180 731.8773 0.0000000000
181 735.9470 0.0000000000
182 740.0181 0.0000000000
183 744.0918 0.0000000000
184 748.1631 0.0000000000
185 752.2328 0.0000000000
186 756.3068 0.0000000000
187 760.3762 0.0000000000
188 764.4448 0.0000000000
189 768.5170 0.0000000000
190 772.5862 0.0000000000
191 776.6551 0.0000000000
192 780.7263 0.0000000000
193 784.7943 0.0000000000
194 788.8628 0.0000166667
195 792.9959 0.0000000000
196 797.1068 0.0000000000
197 801.1748 0.0000166667
198 805.2442 0.0000166667
199 809.3120 0.0000000000
200 813.3794 0.0000166667
