1 0.0000 4.8200000000
2 4.1967 3.2900000000
3 8.3018 2.9200000000
4 12.4060 2.5900000000
5 16.5061 2.6100000000
6 20.6137 2.3100000000
7 24.7190 2.1300000000
8 28.8201 1.9900000000
9 32.9173 1.9000000000
10 37.0167 2.0000000000
11 41.1207 1.9400000000
12 45.2268 1.7600000000
13 49.3255 1.8900000000
14 53.4241 1.7200000000
15 57.5519 1.6700000000
16 61.6491 1.6700000000
17 65.7538 1.5400000000
18 69.8584 1.6400000000
19 73.9579 1.5900000000
20 78.0622 1.6000000000
21 82.1542 1.7100000000
22 86.2577 1.4800000000
23 90.3641 1.6100000000
24 94.4671 1.4900000000
25 98.5746 1.5200000000
26 102.6788 1.5400000000
27 106.7837 1.5700000000
28 110.8850 1.6200000000
29 114.9870 1.4500000000
30 119.0900 1.5000000000
31 123.2204 1.5300000000
32 127.3232 1.4200000000
33 131.4285 1.3800000000
34 135.5356 1.4000000000
35 139.6448 1.4600000000
36 143.7577 1.4600000000
37 147.8684 1.4300000000
38 151.9847 1.3400000000
39 156.0937 1.3600000000
40 160.2066 1.3100000000
41 164.3180 1.3200000000
42 168.4307 1.3100000000
43 172.5442 1.3200000000
44 176.6619 1.2600000000
45 180.7688 1.3500000000
46 184.8723 1.3700000000
47 188.9732 1.3400000000
48 193.0750 1.3000000000
49 197.1834 1.3600000000
50 201.2853 1.3200000000
51 205.3929 1.2900000000
52 209.5048 1.3400000000
53 213.6077 1.3300000000
54 217.7100 1.4000000000
55 221.8121 1.3400000000
56 225.9244 1.2500000000
57 230.0404 1.4000000000
58 234.1547 1.3400000000
59 238.2629 1.2700000000
60 242.3727 1.3600000000
61 246.4896 1.3400000000
62 250.5979 1.2900000000
63 254.7071 1.3600000000
64 258.8222 1.2100000000
65 262.9398 1.3500000000
66 267.0538 1.3000000000
67 271.1784 1.2200000000
68 275.2920 1.2000000000
69 279.4120 1.1800000000
70 283.5267 1.2100000000
71 287.6430 1.3000000000
72 291.7561 1.2600000000
73 295.8673 1.2700000000
74 299.9773 1.2400000000
75 304.0942 1.2700000000
76 308.2007 1.2100000000
77 312.3070 1.3200000000
78 316.4128 1.2400000000
79 320.5201 1.3000000000
80 324.6259 1.3000000000
81 328.7282 1.2900000000
82 332.8339 1.3100000000
83 336.9351 1.2800000000
84 341.0343 1.2700000000
85 345.1403 1.1900000000
86 349.2414 1.1800000000
87 353.3466 1.2400000000
88 357.4541 1.2400000000
89 361.5608 1.2700000000
90 365.6688 1.1700000000
91 369.7825 1.2300000000
92 373.8942 1.2200000000
93 378.0060 1.2300000000
94 382.1205 1.2100000000
95 386.2330 1.2000000000
96 390.3511 1.2100000000
97 394.4613 1.3000000000
98 398.5794 1.3000000000
99 402.6855 1.2600000000
100 406.7957 1.1800000000
101 410.9030 1.3200000000
102 415.0100 1.2500000000
103 419.1274 1.2600000000
104 423.2391 1.2300000000
105 427.3552 1.2400000000
106 431.4800 1.2000000000
107 435.5889 1.3700000000
108 439.6955 1.2200000000
109 443.8345 1.1800000000
110 447.9430 1.2600000000
111 452.0566 1.2200000000
112 456.1774 1.2900000000
113 460.2961 1.2400000000
114 464.4098 1.1900000000
115 468.5189 1.2300000000
116 472.6340 1.1300000000
117 476.7422 1.1800000000
118 480.8548 1.1200000000
119 484.9649 1.2700000000
120 489.0795 1.1500000000
121 493.1880 1.1100000000
122 497.2927 1.1400000000
123 501.3980 1.2500000000
124 505.4954 1.1900000000
125 509.6005 1.1400000000
126 513.7036 1.2000000000
127 517.8024 1.1600000000
128 521.9079 1.2300000000
129 526.0100 1.2500000000
130 530.1113 1.1800000000
131 534.2111 1.2600000000
132 538.3111 1.2400000000
133 542.4148 1.1400000000
134 546.5172 1.1100000000
135 550.6235 1.2700000000
136 554.7291 1.1500000000
137 558.8337 1.1400000000
138 562.9345 1.1400000000
139 567.0394 1.2800000000
140 571.1444 1.1800000000
141 575.2486 1.1100000000
142 579.3517 1.1000000000
143 583.4562 1.2200000000
144 587.5608 1.2100000000
145 591.6654 1.3100000000
146 595.7711 1.1000000000
147 599.8762 1.2100000000
148 603.9829 1.1900000000
149 608.0894 1.1900000000
150 612.1919 1.2400000000
151 616.2966 1.1400000000
152 620.4012 1.2300000000
153 624.5047 1.1700000000
154 628.6086 1.0600000000
155 632.7135 1.1700000000
156 636.8163 1.2100000000
157 640.9194 1.1600000000
158 645.0243 1.2000000000
159 649.1275 1.2500000000
160 653.2294 1.2300000000
161 657.3329 1.2500000000
162 661.4388 1.1700000000
163 665.5404 1.2800000000
164 669.6441 1.2100000000
165 673.7470 1.2100000000
166 677.8958 1.1600000000
167 682.0017 1.1400000000
168 686.1061 1.1700000000
169 690.2101 1.1000000000
170 694.3148 1.1800000000
171 698.4233 1.1600000000
172 702.5249 1.1400000000
173 706.6151 1.2500000000
174 710.7033 1.2100000000
175 714.7923 1.2500000000
176 718.8791 1.1900000000
177 722.9698 1.2300000000
178 727.0601 1.2100000000
179 731.1456 1.2800000000
180 735.2387 1.1800000000
181 739.3284 1.1500000000
182 743.4143 1.2500000000
183 747.5027 1.2400000000
184 751.5924 1.1900000000
185 755.6737 1.1400000000
186 759.7553 1.1600000000
187 763.8411 1.2200000000
188 767.9363 1.2000000000
189 772.0240 1.1600000000
190 776.1122 1.2000000000
191 780.1978 1.2200000000
192 784.2813 1.2100000000
193 788.3669 1.0900000000
194 792.4576 1.2100000000
195 796.5480 1.2600000000
196 800.6371 1.1900000000
197 804.7288 1.1500000000
198 808.8030 1.2000000000
199 812.8917 1.1000000000
200 816.9757 1.3000000000
