1 0.0000 0.0744833333
2 4.1967 0.0344833333
3 8.3018 0.0249166667
4 12.4060 0.0200500000
5 16.5061 0.0170833333
6 20.6137 0.0149000000
7 24.7190 0.0124000000
8 28.8201 0.0107166667
9 32.9173 0.0095333333
10 37.0167 0.0084833333
11 41.1207 0.0074833333
12 45.2268 0.0068333333
13 49.3255 0.0058333333
14 53.4241 0.0053333333
15 57.5519 0.0051166667
16 61.6491 0.0043166667
17 65.7538 0.0039333333
18 69.8584 0.0030166667
19 73.9579 0.0030666667
20 78.0622 0.0027833333
21 82.1542 0.0028833333
22 86.2577 0.0021166667
23 90.3641 0.0018833333
24 94.4671 0.0020166667
25 98.5746 0.0020166667
26 102.6788 0.0015500000
27 106.7837 0.0015833333
28 110.8850 0.0015833333
29 114.9870 0.0013166667
30 119.0900 0.0012500000
31 123.2204 0.0010833333
32 127.3232 0.0012000000
33 131.4285 0.0009000000
34 135.5356 0.0009666667
35 139.6448 0.0008833333
36 143.7577 0.0007000000
37 147.8684 0.0008000000
38 151.9847 0.0007833333
39 156.0937 0.0007833333
40 160.2066 0.0006500000
41 164.3180 0.0006166667
42 168.4307 0.0007000000
43 172.5442 0.0005666667
44 176.6619 0.0004166667
45 180.7688 0.0005000000
46 184.8723 0.0004166667
47 188.9732 0.0003333333
48 193.0750 0.0004166667
49 197.1834 0.0004000000
50 201.2853 0.0002833333
51 205.3929 0.0004666667
52 209.5048 0.0002666667
53 213.6077 0.0003000000
54 217.7100 0.0003000000
55 221.8121 0.0002000000
56 225.9244 0.0001500000
57 230.0404 0.0002166667
58 234.1547 0.0001500000
59 238.2629 0.0002000000
60 242.3727 0.0001166667
61 246.4896 0.0001333333
62 250.5979 0.0002333333
63 254.7071 0.0002500000
64 258.8222 0.0001000000
65 262.9398 0.0001333333
66 267.0538 0.0001500000
67 271.1784 0.0001500000
68 275.2920 0.0001500000
69 279.4120 0.0000666667
70 283.5267 0.0001333333
71 287.6430 0.0001333333
72 291.7561 0.0002666667
73 295.8673 0.0001000000
74 299.9773 0.0000500000
75 304.0942 0.0001333333
76 308.2007 0.0001500000
77 312.3070 0.0000500000
78 316.4128 0.0001000000
79 320.5201 0.0000500000
80 324.6259 0.0000500000
81 328.7282 0.0001000000
82 332.8339 0.0001333333
83 336.9351 0.0000333333
84 341.0343 0.0001000000
85 345.1403 0.0000500000
86 349.2414 0.0000333333
87 353.3466 0.0000500000
88 357.4541 0.0000500000
89 361.5608 0.0000166667
90 365.6688 0.0000166667
91 369.7825 0.0001000000
92 373.8942 0.0000166667
93 378.0060 0.0001000000
94 382.1205 0.0000333333
95 386.2330 0.0000000000
96 390.3511 0.0001000000
97 394.4613 0.0000833333
98 398.5794 0.0000500000
99 402.6855 0.0001000000
100 406.7957 0.0000166667
101 410.9030 0.0000500000
102 415.0100 0.0000333333
103 419.1274 0.0000500000
104 423.2391 0.0000666667
105 427.3552 0.0000000000
106 431.4800 0.0000166667
107 435.5889 0.0000500000
108 439.6955 0.0000666667
109 443.8345 0.0000000000
110 447.9430 0.0000166667
111 452.0566 0.0000333333
112 456.1774 0.0000166667
113 460.2961 0.0000166667
114 464.4098 0.0000000000
115 468.5189 0.0000333333
116 472.6340 0.0000166667
117 476.7422 0.0000500000
118 480.8548 0.0000333333
119 484.9649 0.0000166667
120 489.0795 0.0000666667
121 493.1880 0.0000166667
122 497.2927 0.0000166667
123 501.3980 0.0000166667
124 505.4954 0.0000166667
125 509.6005 0.0000166667
126 513.7036 0.0000166667
127 517.8024 0.0000000000
128 521.9079 0.0000333333
129 526.0100 0.0000166667
130 530.1113 0.0000666667
131 534.2111 0.0000166667
132 538.3111 0.0000166667
133 542.4148 0.0000166667
134 546.5172 0.0000166667
135 550.6235 0.0000000000
136 554.7291 0.0000000000
137 558.8337 0.0000000000
138 562.9345 0.0000333333
139 567.0394 0.0000000000
140 571.1444 0.0000000000
141 575.2486 0.0000166667
142 579.3517 0.0000000000
143 583.4562 0.0000000000
144 587.5608 0.0000000000
145 591.6654 0.0000000000
146 595.7711 0.0000000000
147 599.8762 0.0000000000
148 603.9829 0.0000166667
149 608.0894 0.0000000000
150 612.1919 0.0000166667
151 616.2966 0.0000000000
152 620.4012 0.0000166667
153 624.5047 0.0000333333
154 628.6086 0.0000000000
155 632.7135 0.0000166667
156 636.8163 0.0000166667
157 640.9194 0.0000000000
158 645.0243 0.0000000000
159 649.1275 0.0000166667
160 653.2294 0.0000166667
161 657.3329 0.0000000000
162 661.4388 0.0000000000
163 665.5404 0.0000000000
164 669.6441 0.0000000000
165 673.7470 0.0000000000
166 677.8958 0.0000000000
167 682.0017 0.0000000000
168 686.1061 0.0000000000
169 690.2101 0.0000166667
170 694.3148 0.0000333333
171 698.4233 0.0000000000
172 702.5249 0.0000000000
173 706.6151 0.0000166667
174 710.7033 0.0000000000
175 714.7923 0.0000000000
176 718.8791 0.0000166667
177 722.9698 0.0000166667
178 727.0601 0.0000000000
179 731.1456 0.0000000000
180 735.2387 0.0000000000
181 739.3284 0.0000166667
182 743.4143 0.0000000000
183 747.5027 0.0000000000
184 751.5924 0.0000000000
185 755.6737 0.0000000000
186 759.7553 0.0000000000
187 763.8411 0.0000000000
188 767.9363 0.0000000000
189 772.0240 0.0000000000
190 776.1122 0.0000000000
191 780.1978 0.0000000000
192 784.2813 0.0000166667
193 788.3669 0.0000166667
194 792.4576 0.0000000000
195 796.5480 0.0000000000
196 800.6371 0.0000333333
197 804.7288 0.0000000000
198 808.8030 0.0000000000
199 812.8917 0.0000000000
200 816.9757 0.0000000000
