1 0.0000 4.9400000000
2 1.9383 3.8500000000
3 3.8786 3.4500000000
4 5.8333 3.2300000000
5 7.7599 3.0700000000
6 9.6869 2.9900000000
7 11.6129 2.8200000000
8 13.5418 2.8600000000
9 15.4665 2.8900000000
10 17.3932 2.8000000000
11 19.3178 2.7300000000
12 21.2440 2.7100000000
13 23.1693 2.6900000000
14 25.0952 2.7000000000
15 27.0199 2.6600000000
16 28.9449 2.6300000000
17 30.8702 2.6100000000
18 32.7964 2.6200000000
19 34.7215 2.6800000000
20 36.6469 2.6300000000
21 38.5742 2.5900000000
22 40.5002 2.6100000000
23 42.4255 2.5900000000
24 44.3523 2.5500000000
25 46.2763 2.5600000000
26 48.2025 2.6000000000
27 50.1278 2.6000000000
28 52.0533 2.5800000000
29 53.9783 2.5600000000
30 55.9049 2.5500000000
31 57.8311 2.5600000000
32 59.7570 2.5600000000
33 61.6830 2.5500000000
34 63.6090 2.5600000000
35 65.5345 2.5800000000
36 67.4628 2.5600000000
37 69.3968 2.5400000000
38 71.3220 2.5700000000
39 73.2461 2.5500000000
40 75.1849 2.5400000000
41 77.1101 2.5900000000
42 79.0374 2.5700000000
43 80.9621 2.5500000000
44 82.8874 2.5900000000
45 84.8114 2.5700000000
46 86.7407 2.5400000000
47 88.6662 2.5400000000
48 90.5930 2.5600000000
49 92.5190 2.5400000000
50 94.4440 2.5900000000
51 96.3705 2.5300000000
52 98.2959 2.5800000000
53 100.2215 2.5600000000
54 102.1452 2.5800000000
55 104.0705 2.5700000000
56 105.9962 2.5600000000
57 107.9209 2.5800000000
58 109.8467 2.5900000000
59 111.7713 2.5900000000
60 113.6977 2.5500000000
61 115.6221 2.5800000000
62 117.5471 2.5400000000
63 119.4715 2.5800000000
64 121.3975 2.5500000000
65 123.3224 2.5800000000
66 125.2481 2.5400000000
67 127.1720 2.5400000000
68 129.0963 2.5400000000
69 131.0196 2.5400000000
70 132.9445 2.5400000000
71 134.8689 2.5200000000
72 136.7941 2.5300000000
73 138.7194 2.5200000000
74 140.6443 2.5200000000
75 142.5689 2.5100000000
76 144.4935 2.5000000000
77 146.4167 2.4900000000
78 148.3412 2.4800000000
79 150.2663 2.4800000000
80 152.1905 2.5100000000
81 154.1141 2.5000000000
82 156.0395 2.4700000000
83 157.9648 2.4700000000
84 159.8899 2.4700000000
85 161.8138 2.4600000000
86 163.7377 2.4700000000
87 165.6629 2.4900000000
88 167.5882 2.4700000000
89 169.5151 2.4900000000
90 171.4472 2.4700000000
91 173.3739 2.4700000000
92 175.3012 2.4600000000
93 177.2283 2.5000000000
94 179.1575 2.4600000000
95 181.0829 2.4800000000
96 183.0084 2.4600000000
97 184.9345 2.4500000000
98 186.8608 2.4900000000
99 188.7852 2.4800000000
100 190.7116 2.4700000000
101 192.6372 2.4500000000
102 194.5629 2.4900000000
103 196.4873 2.5000000000
104 198.4140 2.5100000000
105 200.3402 2.4900000000
106 202.2675 2.4700000000
107 204.1931 2.4800000000
108 206.1196 2.5100000000
109 208.0442 2.4700000000
110 209.9705 2.4700000000
111 211.8955 2.4900000000
112 213.8257 2.4600000000
113 215.7530 2.4800000000
114 217.6802 2.4600000000
115 219.6059 2.5000000000
116 221.5338 2.4600000000
117 223.4608 2.5100000000
118 225.3862 2.4600000000
119 227.3129 2.5000000000
120 229.2393 2.4700000000
121 231.1679 2.4700000000
122 233.0973 2.5000000000
123 235.0249 2.4400000000
124 236.9522 2.5000000000
125 238.8786 2.4900000000
126 240.8052 2.5200000000
127 242.7306 2.4800000000
128 244.6572 2.4800000000
129 246.5836 2.5200000000
130 248.5103 2.5000000000
131 250.4432 2.4800000000
132 252.3692 2.5000000000
133 254.2953 2.4900000000
134 256.2210 2.4900000000
135 258.1466 2.5100000000
136 260.0731 2.5100000000
137 261.9978 2.5200000000
138 263.9247 2.5000000000
139 265.8512 2.5100000000
140 267.7782 2.4900000000
141 269.7056 2.4900000000
142 271.6321 2.5100000000
143 273.5579 2.5400000000
144 275.4838 2.4900000000
145 277.4094 2.5100000000
146 279.3358 2.4700000000
147 281.2627 2.5200000000
148 283.1899 2.5000000000
149 285.1163 2.4900000000
150 287.0432 2.5300000000
151 288.9693 2.5000000000
152 290.8963 2.4900000000
153 292.8209 2.5200000000
154 294.7478 2.5100000000
155 296.6733 2.4800000000
156 298.6006 2.5100000000
157 300.5269 2.4900000000
158 302.4540 2.5300000000
159 304.3809 2.5100000000
160 306.3079 2.5300000000
161 308.2327 2.5000000000
162 310.1607 2.4900000000
163 312.0866 2.5000000000
164 314.0125 2.5200000000
165 315.9393 2.5100000000
166 317.8659 2.5100000000
167 319.7913 2.4900000000
168 321.7189 2.5200000000
169 323.6450 2.5000000000
170 325.5709 2.5000000000
171 327.4967 2.5100000000
172 329.4245 2.5100000000
173 331.3499 2.5200000000
174 333.2762 2.5000000000
175 335.2015 2.5300000000
176 337.1273 2.4900000000
177 339.0526 2.4900000000
178 340.9782 2.5200000000
179 342.9039 2.5000000000
180 344.8296 2.4800000000
181 346.7559 2.4800000000
182 348.6834 2.4500000000
183 350.6113 2.4700000000
184 352.5372 2.4900000000
185 354.4626 2.4700000000
186 356.3899 2.4600000000
187 358.3160 2.4800000000
188 360.2406 2.4700000000
189 362.1669 2.4700000000
190 364.0919 2.4900000000
191 366.0182 2.4700000000
192 367.9443 2.4600000000
193 369.8695 2.4900000000
194 371.7963 2.4800000000
195 373.7223 2.5100000000
196 375.6473 2.4500000000
197 377.5747 2.4700000000
198 379.4996 2.4800000000
199 381.4246 2.4900000000
200 383.3506 2.5100000000
