1 0.0000 0.0722833333
2 1.9383 0.0358833333
3 3.8786 0.0273000000
4 5.8333 0.0232000000
5 7.7599 0.0207166667
6 9.6869 0.0193500000
7 11.6129 0.0184000000
8 13.5418 0.0176166667
9 15.4665 0.0170166667
10 17.3932 0.0166666667
11 19.3178 0.0163166667
12 21.2440 0.0159166667
13 23.1693 0.0157500000
14 25.0952 0.0155833333
15 27.0199 0.0153500000
16 28.9449 0.0154166667
17 30.8702 0.0151000000
18 32.7964 0.0152333333
19 34.7215 0.0151000000
20 36.6469 0.0149500000
21 38.5742 0.0149833333
22 40.5002 0.0149333333
23 42.4255 0.0148000000
24 44.3523 0.0147166667
25 46.2763 0.0147333333
26 48.2025 0.0145333333
27 50.1278 0.0145333333
28 52.0533 0.0145166667
29 53.9783 0.0144000000
30 55.9049 0.0144333333
31 57.8311 0.0144000000
32 59.7570 0.0143333333
33 61.6830 0.0143500000
34 63.6090 0.0143000000
35 65.5345 0.0142833333
36 67.4628 0.0142333333
37 69.3968 0.0143000000
38 71.3220 0.0142333333
39 73.2461 0.0141833333
40 75.1849 0.0141833333
41 77.1101 0.0141500000
42 79.0374 0.0141833333
43 80.9621 0.0140666667
44 82.8874 0.0141333333
45 84.8114 0.0140500000
46 86.7407 0.0139000000
47 88.6662 0.0139666667
48 90.5930 0.0139666667
49 92.5190 0.0139833333
50 94.4440 0.0139333333
51 96.3705 0.0139500000
52 98.2959 0.0138666667
53 100.2215 0.0137000000
54 102.1452 0.0138166667
55 104.0705 0.0138666667
56 105.9962 0.0138000000
57 107.9209 0.0139333333
58 109.8467 0.0137833333
59 111.7713 0.0139000000
60 113.6977 0.0137833333
61 115.6221 0.0137833333
62 117.5471 0.0136333333
63 119.4715 0.0137166667
64 121.3975 0.0136666667
65 123.3224 0.0136666667
66 125.2481 0.0136166667
67 127.1720 0.0136000000
68 129.0963 0.0137166667
69 131.0196 0.0136666667
70 132.9445 0.0135666667
71 134.8689 0.0135833333
72 136.7941 0.0135500000
73 138.7194 0.0137000000
74 140.6443 0.0136500000
75 142.5689 0.0136500000
76 144.4935 0.0136166667
77 146.4167 0.0135666667
78 148.3412 0.0136500000
79 150.2663 0.0135666667
80 152.1905 0.0136333333
81 154.1141 0.0135166667
82 156.0395 0.0134666667
83 157.9648 0.0135500000
84 159.8899 0.0135833333
85 161.8138 0.0134500000
86 163.7377 0.0135833333
87 165.6629 0.0136166667
88 167.5882 0.0135000000
89 169.5151 0.0136000000
90 171.4472 0.0135666667
91 173.3739 0.0134833333
92 175.3012 0.0134666667
93 177.2283 0.0134666667
94 179.1575 0.0134666667
95 181.0829 0.0135166667
96 183.0084 0.0133666667
97 184.9345 0.0134166667
98 186.8608 0.0134500000
99 188.7852 0.0134166667
100 190.7116 0.0133666667
101 192.6372 0.0133833333
102 194.5629 0.0134166667
103 196.4873 0.0133333333
104 198.4140 0.0134666667
105 200.3402 0.0133333333
106 202.2675 0.0134000000
107 204.1931 0.0134166667
108 206.1196 0.0135166667
109 208.0442 0.0134166667
110 209.9705 0.0134000000
111 211.8955 0.0134333333
112 213.8257 0.0134166667
113 215.7530 0.0133666667
114 217.6802 0.0133500000
115 219.6059 0.0134833333
116 221.5338 0.0133833333
117 223.4608 0.0134000000
118 225.3862 0.0133000000
119 227.3129 0.0132833333
120 229.2393 0.0133333333
121 231.1679 0.0133166667
122 233.0973 0.0133833333
123 235.0249 0.0132666667
124 236.9522 0.0132500000
125 238.8786 0.0134666667
126 240.8052 0.0133333333
127 242.7306 0.0134166667
128 244.6572 0.0133166667
129 246.5836 0.0133833333
130 248.5103 0.0133666667
131 250.4432 0.0132833333
132 252.3692 0.0133833333
133 254.2953 0.0133166667
134 256.2210 0.0133666667
135 258.1466 0.0133666667
136 260.0731 0.0132833333
137 261.9978 0.0134166667
138 263.9247 0.0134166667
139 265.8512 0.0133833333
140 267.7782 0.0131666667
141 269.7056 0.0133333333
142 271.6321 0.0132500000
143 273.5579 0.0134000000
144 275.4838 0.0133333333
145 277.4094 0.0133833333
146 279.3358 0.0133166667
147 281.2627 0.0132500000
148 283.1899 0.0133000000
149 285.1163 0.0133500000
150 287.0432 0.0133000000
151 288.9693 0.0131666667
152 290.8963 0.0133000000
153 292.8209 0.0132500000
154 294.7478 0.0132666667
155 296.6733 0.0133333333
156 298.6006 0.0132833333
157 300.5269 0.0133333333
158 302.4540 0.0132666667
159 304.3809 0.0132166667
160 306.3079 0.0132500000
161 308.2327 0.0133666667
162 310.1607 0.0132666667
163 312.0866 0.0132166667
164 314.0125 0.0132333333
165 315.9393 0.0132833333
166 317.8659 0.0131833333
167 319.7913 0.0133500000
168 321.7189 0.0132166667
169 323.6450 0.0132166667
170 325.5709 0.0131166667
171 327.4967 0.0131333333
172 329.4245 0.0132833333
173 331.3499 0.0132333333
174 333.2762 0.0132500000
175 335.2015 0.0131666667
176 337.1273 0.0133166667
177 339.0526 0.0131833333
178 340.9782 0.0132333333
179 342.9039 0.0132500000
180 344.8296 0.0133166667
181 346.7559 0.0132666667
182 348.6834 0.0131333333
183 350.6113 0.0132500000
184 352.5372 0.0131833333
185 354.4626 0.0131833333
186 356.3899 0.0133000000
187 358.3160 0.0132500000
188 360.2406 0.0131333333
189 362.1669 0.0132833333
190 364.0919 0.0131833333
191 366.0182 0.0131833333
192 367.9443 0.0133833333
193 369.8695 0.0132500000
194 371.7963 0.0133500000
195 373.7223 0.0132000000
196 375.6473 0.0132666667
197 377.5747 0.0133000000
198 379.4996 0.0132666667
199 381.4246 0.0133000000
200 383.3506 0.0133500000
