1 0.0000 7.8400000000
2 1.9250 5.0800000000
3 3.8423 4.0400000000
4 5.7612 3.4300000000
5 7.6858 3.0300000000
6 9.6044 2.8600000000
7 11.5214 2.7100000000
8 13.4388 2.5600000000
9 15.3556 2.4900000000
10 17.2725 2.4200000000
11 19.1908 2.3500000000
12 21.1089 2.3300000000
13 23.0275 2.2800000000
14 24.9462 2.2600000000
15 26.8637 2.2300000000
16 28.7817 2.1800000000
17 30.6986 2.1600000000
18 32.6144 2.1500000000
19 34.5301 2.1200000000
20 36.4474 2.0900000000
21 38.3645 2.1200000000
22 40.2819 2.0600000000
23 42.1996 2.0200000000
24 44.1175 1.9800000000
25 46.0338 1.9400000000
26 47.9522 1.9000000000
27 49.8691 1.8800000000
28 51.7864 1.8600000000
29 53.7036 1.8600000000
30 55.6231 1.8600000000
31 57.5408 1.8400000000
32 59.4589 1.8300000000
33 61.3741 1.8400000000
34 63.2904 1.8400000000
35 65.2068 1.8400000000
36 67.1252 1.8200000000
37 69.0415 1.8200000000
38 70.9574 1.8200000000
39 72.8739 1.8200000000
40 74.7909 1.8000000000
41 76.7074 1.7900000000
42 78.6252 1.7900000000
43 80.5418 1.7900000000
44 82.4593 1.7900000000
45 84.3739 1.7800000000
46 86.2909 1.7600000000
47 88.2091 1.7500000000
48 90.1272 1.7400000000
49 92.0688 1.7400000000
50 93.9873 1.7400000000
51 95.9039 1.7300000000
52 97.8206 1.7300000000
53 99.7370 1.7300000000
54 101.6535 1.7300000000
55 103.5698 1.7300000000
56 105.4862 1.7400000000
57 107.4033 1.7400000000
58 109.3205 1.7300000000
59 111.2372 1.7300000000
60 113.1562 1.7300000000
61 115.0728 1.7300000000
62 116.9919 1.7300000000
63 118.9068 1.7300000000
64 120.8249 1.7300000000
65 122.7409 1.7300000000
66 124.6583 1.7200000000
67 126.5752 1.7200000000
68 128.4924 1.7200000000
69 130.4080 1.7300000000
70 132.3262 1.7200000000
71 134.2445 1.7300000000
72 136.1616 1.7300000000
73 138.0778 1.7300000000
74 139.9946 1.7300000000
75 141.9102 1.7300000000
76 143.8272 1.7300000000
77 145.7427 1.7300000000
78 147.6598 1.7300000000
79 149.5753 1.7200000000
80 151.4940 1.7200000000
81 153.4112 1.7300000000
82 155.3285 1.7300000000
83 157.2452 1.7300000000
84 159.1711 1.7300000000
85 161.0878 1.7400000000
86 163.0048 1.7400000000
87 164.9198 1.7500000000
88 166.8352 1.7500000000
89 168.7512 1.7500000000
90 170.6699 1.7400000000
91 172.5860 1.7400000000
92 174.5040 1.7500000000
93 176.4189 1.7500000000
94 178.3375 1.7500000000
95 180.2535 1.7500000000
96 182.1707 1.7500000000
97 184.0869 1.7500000000
98 186.0031 1.7500000000
99 187.9177 1.7500000000
100 189.8359 1.7500000000
101 191.7538 1.7500000000
102 193.6715 1.7500000000
103 195.5875 1.7500000000
104 197.5049 1.7500000000
105 199.4202 1.7500000000
106 201.3379 1.7500000000
107 203.2535 1.7500000000
108 205.1708 1.7500000000
109 207.0877 1.7500000000
110 209.0055 1.7500000000
111 210.9220 1.7500000000
112 212.8405 1.7500000000
113 214.7565 1.7500000000
114 216.6747 1.7500000000
115 218.5908 1.7500000000
116 220.5078 1.7500000000
117 222.4231 1.7500000000
118 224.3381 1.7500000000
119 226.2544 1.7500000000
120 228.1713 1.7500000000
121 230.0895 1.7500000000
122 232.0065 1.7500000000
123 233.9233 1.7400000000
124 235.8422 1.7300000000
125 237.7590 1.7300000000
126 239.6770 1.7300000000
127 241.5929 1.7300000000
128 243.5100 1.7300000000
129 245.4268 1.7300000000
130 247.3458 1.7300000000
131 249.2619 1.7300000000
132 251.1799 1.7300000000
133 253.0959 1.7300000000
134 255.0145 1.7300000000
135 256.9296 1.7300000000
136 258.8461 1.7300000000
137 260.7625 1.7300000000
138 262.6786 1.7300000000
139 264.5941 1.7300000000
140 266.5109 1.7300000000
141 268.4279 1.7300000000
142 270.3461 1.7300000000
143 272.2608 1.7300000000
144 274.1798 1.7300000000
145 276.0952 1.7300000000
146 278.0118 1.7300000000
147 279.9272 1.7300000000
148 281.8429 1.7300000000
149 283.7588 1.7300000000
150 285.6759 1.7300000000
151 287.5932 1.7300000000
152 289.5095 1.7300000000
153 291.4258 1.7300000000
154 293.3442 1.7200000000
155 295.2604 1.7200000000
156 297.1756 1.7200000000
157 299.0904 1.7200000000
158 301.0073 1.7200000000
159 302.9239 1.7200000000
160 304.8408 1.7200000000
161 306.7591 1.7200000000
162 308.6927 1.7200000000
163 310.6089 1.7200000000
164 312.5289 1.7200000000
165 314.4456 1.7200000000
166 316.3619 1.7200000000
167 318.2776 1.7200000000
168 320.1945 1.7200000000
169 322.1096 1.7200000000
170 324.0272 1.7200000000
171 325.9445 1.7200000000
172 327.8624 1.7200000000
173 329.7781 1.7300000000
174 331.6975 1.7300000000
175 333.6135 1.7300000000
176 335.5296 1.7300000000
177 337.4450 1.7300000000
178 339.3614 1.7300000000
179 341.2767 1.7300000000
180 343.1941 1.7300000000
181 345.1116 1.7300000000
182 347.0207 1.7300000000
183 348.9268 1.7200000000
184 350.8359 1.7200000000
185 352.7418 1.7200000000
186 354.6478 1.7200000000
187 356.5530 1.7200000000
188 358.4602 1.7200000000
189 360.3663 1.7200000000
190 362.2734 1.7200000000
191 364.1795 1.7200000000
192 366.0885 1.7200000000
193 367.9935 1.7200000000
194 369.9011 1.7200000000
195 371.8074 1.7200000000
196 373.7140 1.7200000000
197 375.6201 1.7200000000
198 377.5263 1.7200000000
199 379.4318 1.7200000000
200 381.3401 1.7200000000
