1 0.0000 4.7100000000
2 1.9198 3.3400000000
3 3.8326 2.8700000000
4 5.7470 2.6100000000
5 7.6603 2.4600000000
6 9.5753 2.3300000000
7 11.4916 2.2000000000
8 13.4073 2.1200000000
9 15.3205 2.1200000000
10 17.2358 2.0900000000
11 19.1496 2.0600000000
12 21.0632 2.0300000000
13 22.9772 2.0200000000
14 24.8925 1.9700000000
15 26.8062 1.9700000000
16 28.7212 1.9600000000
17 30.6342 1.9700000000
18 32.5483 1.9600000000
19 34.4626 1.9500000000
20 36.3761 1.9500000000
21 38.2893 1.9600000000
22 40.2033 1.9000000000
23 42.1166 1.9200000000
24 44.0295 1.9100000000
25 45.9426 1.8800000000
26 47.8575 1.9000000000
27 49.7707 1.8900000000
28 51.6863 1.8900000000
29 53.6003 1.8700000000
30 55.5152 1.8600000000
31 57.4298 1.8900000000
32 59.3439 1.8300000000
33 61.2581 1.8700000000
34 63.1748 1.8300000000
35 65.0888 1.8800000000
36 67.0036 1.8400000000
37 68.9186 1.8800000000
38 70.8329 1.8600000000
39 72.7467 1.8700000000
40 74.6623 1.9300000000
41 76.5782 1.8600000000
42 78.4932 1.8900000000
43 80.4073 1.8700000000
44 82.3223 1.8700000000
45 84.2393 1.8500000000
46 86.1581 1.8600000000
47 88.0732 1.8700000000
48 89.9879 1.8700000000
49 91.9039 1.8600000000
50 93.8192 1.8600000000
51 95.7343 1.8300000000
52 97.6499 1.8400000000
53 99.5645 1.8400000000
54 101.4795 1.8300000000
55 103.3947 1.7800000000
56 105.3103 1.8500000000
57 107.2250 1.8100000000
58 109.1419 1.7900000000
59 111.0573 1.7900000000
60 112.9728 1.7900000000
61 114.8876 1.8000000000
62 116.8030 1.8100000000
63 118.7175 1.7800000000
64 120.6324 1.7900000000
65 122.5463 1.7900000000
66 124.4606 1.7900000000
67 126.3740 1.8100000000
68 128.2883 1.7900000000
69 130.2048 1.7900000000
70 132.1263 1.7600000000
71 134.0403 1.8100000000
72 135.9569 1.7500000000
73 137.8733 1.8000000000
74 139.7895 1.7900000000
75 141.7046 1.7300000000
76 143.6214 1.7600000000
77 145.5396 1.7600000000
78 147.4643 1.7400000000
79 149.3819 1.7300000000
80 151.3012 1.7600000000
81 153.2156 1.7300000000
82 155.1322 1.7500000000
83 157.0497 1.7400000000
84 158.9650 1.7300000000
85 160.8790 1.7500000000
86 162.7992 1.7500000000
87 164.7140 1.7200000000
88 166.6306 1.7500000000
89 168.5506 1.7300000000
90 170.4667 1.7100000000
91 172.3818 1.7500000000
92 174.2972 1.7100000000
93 176.2119 1.7500000000
94 178.1285 1.7100000000
95 180.0423 1.7200000000
96 181.9581 1.7100000000
97 183.8743 1.7100000000
98 185.7899 1.7100000000
99 187.7039 1.7000000000
100 189.6196 1.7100000000
101 191.5336 1.7400000000
102 193.4484 1.7300000000
103 195.3626 1.7100000000
104 197.2776 1.7600000000
105 199.1916 1.7100000000
106 201.1072 1.6900000000
107 203.0212 1.7200000000
108 204.9379 1.7200000000
109 206.8521 1.7400000000
110 208.7678 1.6700000000
111 210.6853 1.7300000000
112 212.6002 1.7100000000
113 214.5146 1.7200000000
114 216.4299 1.6800000000
115 218.3443 1.7300000000
116 220.2599 1.7300000000
117 222.1736 1.7100000000
118 224.0888 1.7200000000
119 226.0040 1.7300000000
120 227.9190 1.7200000000
121 229.8326 1.7200000000
122 231.7464 1.7300000000
123 233.6589 1.7200000000
124 235.5736 1.7000000000
125 237.4872 1.7200000000
126 239.4009 1.7200000000
127 241.3146 1.7100000000
128 243.2289 1.7400000000
129 245.1451 1.7200000000
130 247.0603 1.7100000000
131 248.9743 1.7000000000
132 250.8892 1.7400000000
133 252.8040 1.7000000000
134 254.7191 1.7100000000
135 256.6334 1.7200000000
136 258.5493 1.7000000000
137 260.4636 1.7100000000
138 262.3783 1.7200000000
139 264.2920 1.7300000000
140 266.2083 1.7100000000
141 268.1232 1.7000000000
142 270.0385 1.7000000000
143 271.9568 1.7000000000
144 273.8732 1.7100000000
145 275.7886 1.7000000000
146 277.7026 1.7000000000
147 279.6160 1.6700000000
148 281.5303 1.6900000000
149 283.4442 1.7100000000
150 285.3593 1.7000000000
151 287.2740 1.7000000000
152 289.1921 1.7000000000
153 291.1166 1.6900000000
154 293.0313 1.7100000000
155 294.9462 1.7100000000
156 296.8609 1.7000000000
157 298.7740 1.6900000000
158 300.6890 1.7000000000
159 302.6023 1.6900000000
160 304.5175 1.7000000000
161 306.4302 1.6900000000
162 308.3449 1.6900000000
163 310.2572 1.6900000000
164 312.1755 1.7100000000
165 314.0951 1.6900000000
166 316.0126 1.6800000000
167 317.9282 1.7200000000
168 319.8436 1.7000000000
169 321.7574 1.6800000000
170 323.6732 1.7000000000
171 325.5886 1.7100000000
172 327.5048 1.6800000000
173 329.4207 1.7100000000
174 331.3362 1.7100000000
175 333.2519 1.7000000000
176 335.1697 1.7000000000
177 337.0866 1.7100000000
178 339.0058 1.6900000000
179 340.9309 1.7000000000
180 342.8472 1.6900000000
181 344.7632 1.7000000000
182 346.6786 1.6800000000
183 348.5938 1.6700000000
184 350.5100 1.7000000000
185 352.4255 1.6800000000
186 354.3411 1.7000000000
187 356.2550 1.7200000000
188 358.1704 1.6900000000
189 360.0843 1.7000000000
190 362.0004 1.7000000000
191 363.9156 1.7000000000
192 365.8305 1.7200000000
193 367.7450 1.6900000000
194 369.6603 1.7000000000
195 371.5746 1.7000000000
196 373.4894 1.6800000000
197 375.4044 1.7100000000
198 377.3199 1.7000000000
199 379.2371 1.6900000000
200 381.1549 1.7000000000
