1 0.0000 0.0726666667
2 1.9198 0.0327833333
3 3.8326 0.0225833333
4 5.7470 0.0169333333
5 7.6603 0.0135000000
6 9.5753 0.0105833333
7 11.4916 0.0085166667
8 13.4073 0.0065166667
9 15.3205 0.0052500000
10 17.2358 0.0042166667
11 19.1496 0.0033666667
12 21.0632 0.0029500000
13 22.9772 0.0024500000
14 24.8925 0.0020000000
15 26.8062 0.0018333333
16 28.7212 0.0016166667
17 30.6342 0.0015000000
18 32.5483 0.0012833333
19 34.4626 0.0012166667
20 36.3761 0.0010666667
21 38.2893 0.0010333333
22 40.2033 0.0010166667
23 42.1166 0.0010166667
24 44.0295 0.0009500000
25 45.9426 0.0009333333
26 47.8575 0.0008166667
27 49.7707 0.0007833333
28 51.6863 0.0007333333
29 53.6003 0.0007000000
30 55.5152 0.0007000000
31 57.4298 0.0006833333
32 59.3439 0.0006333333
33 61.2581 0.0006166667
34 63.1748 0.0005833333
35 65.0888 0.0005666667
36 67.0036 0.0005833333
37 68.9186 0.0005833333
38 70.8329 0.0005666667
39 72.7467 0.0005000000
40 74.6623 0.0005500000
41 76.5782 0.0005166667
42 78.4932 0.0005333333
43 80.4073 0.0005000000
44 82.3223 0.0005000000
45 84.2393 0.0005000000
46 86.1581 0.0005000000
47 88.0732 0.0005000000
48 89.9879 0.0004666667
49 91.9039 0.0004500000
50 93.8192 0.0005000000
51 95.7343 0.0004500000
52 97.6499 0.0004666667
53 99.5645 0.0004500000
54 101.4795 0.0004500000
55 103.3947 0.0004333333
56 105.3103 0.0004500000
57 107.2250 0.0004666667
58 109.1419 0.0004500000
59 111.0573 0.0004500000
60 112.9728 0.0004333333
61 114.8876 0.0004500000
62 116.8030 0.0004333333
63 118.7175 0.0004166667
64 120.6324 0.0004500000
65 122.5463 0.0004166667
66 124.4606 0.0004166667
67 126.3740 0.0004500000
68 128.2883 0.0004166667
69 130.2048 0.0004333333
70 132.1263 0.0004333333
71 134.0403 0.0004166667
72 135.9569 0.0004333333
73 137.8733 0.0004333333
74 139.7895 0.0004333333
75 141.7046 0.0004333333
76 143.6214 0.0004333333
77 145.5396 0.0004166667
78 147.4643 0.0004333333
79 149.3819 0.0004166667
80 151.3012 0.0004333333
81 153.2156 0.0004166667
82 155.1322 0.0004166667
83 157.0497 0.0004166667
84 158.9650 0.0004333333
85 160.8790 0.0004333333
86 162.7992 0.0004333333
87 164.7140 0.0004166667
88 166.6306 0.0004166667
89 168.5506 0.0004333333
90 170.4667 0.0004166667
91 172.3818 0.0004333333
92 174.2972 0.0004333333
93 176.2119 0.0004166667
94 178.1285 0.0004333333
95 180.0423 0.0004333333
96 181.9581 0.0004333333
97 183.8743 0.0004333333
98 185.7899 0.0004166667
99 187.7039 0.0004333333
100 189.6196 0.0004333333
101 191.5336 0.0004333333
102 193.4484 0.0004333333
103 195.3626 0.0004333333
104 197.2776 0.0004333333
105 199.1916 0.0004333333
106 201.1072 0.0004333333
107 203.0212 0.0004333333
108 204.9379 0.0004333333
109 206.8521 0.0004333333
110 208.7678 0.0004333333
111 210.6853 0.0004333333
112 212.6002 0.0004333333
113 214.5146 0.0004166667
114 216.4299 0.0004333333
115 218.3443 0.0004333333
116 220.2599 0.0004166667
117 222.1736 0.0004333333
118 224.0888 0.0004166667
119 226.0040 0.0004333333
120 227.9190 0.0004166667
121 229.8326 0.0004333333
122 231.7464 0.0004000000
123 233.6589 0.0004166667
124 235.5736 0.0004333333
125 237.4872 0.0004166667
126 239.4009 0.0004166667
127 241.3146 0.0004000000
128 243.2289 0.0004166667
129 245.1451 0.0004000000
130 247.0603 0.0004333333
131 248.9743 0.0004000000
132 250.8892 0.0004000000
133 252.8040 0.0004166667
134 254.7191 0.0004000000
135 256.6334 0.0004166667
136 258.5493 0.0004000000
137 260.4636 0.0004000000
138 262.3783 0.0004166667
139 264.2920 0.0004166667
140 266.2083 0.0004000000
141 268.1232 0.0004000000
142 270.0385 0.0004000000
143 271.9568 0.0004166667
144 273.8732 0.0004000000
145 275.7886 0.0004166667
146 277.7026 0.0004000000
147 279.6160 0.0004000000
148 281.5303 0.0003833333
149 283.4442 0.0004000000
150 285.3593 0.0004000000
151 287.2740 0.0004000000
152 289.1921 0.0004000000
153 291.1166 0.0004000000
154 293.0313 0.0004000000
155 294.9462 0.0003833333
156 296.8609 0.0004000000
157 298.7740 0.0004000000
158 300.6890 0.0004000000
159 302.6023 0.0004000000
160 304.5175 0.0004000000
161 306.4302 0.0003833333
162 308.3449 0.0004000000
163 310.2572 0.0004000000
164 312.1755 0.0004000000
165 314.0951 0.0004000000
166 316.0126 0.0004000000
167 317.9282 0.0004000000
168 319.8436 0.0003833333
169 321.7574 0.0004000000
170 323.6732 0.0004000000
171 325.5886 0.0003833333
172 327.5048 0.0004000000
173 329.4207 0.0004000000
174 331.3362 0.0003833333
175 333.2519 0.0004000000
176 335.1697 0.0004000000
177 337.0866 0.0003666667
178 339.0058 0.0003833333
179 340.9309 0.0004000000
180 342.8472 0.0003833333
181 344.7632 0.0003833333
182 346.6786 0.0003833333
183 348.5938 0.0003833333
184 350.5100 0.0003833333
185 352.4255 0.0003833333
186 354.3411 0.0003833333
187 356.2550 0.0003833333
188 358.1704 0.0003833333
189 360.0843 0.0003833333
190 362.0004 0.0004000000
191 363.9156 0.0003833333
192 365.8305 0.0003666667
193 367.7450 0.0003833333
194 369.6603 0.0003666667
195 371.5746 0.0003666667
196 373.4894 0.0003833333
197 375.4044 0.0003833333
198 377.3199 0.0003833333
199 379.2371 0.0003833333
200 381.1549 0.0003833333
