1 0.0000 4.8800000000
2 1.9379 3.8200000000
3 3.8836 3.3500000000
4 5.8135 3.1200000000
5 7.7422 3.0300000000
6 9.6734 3.0000000000
7 11.6038 2.9200000000
8 13.5342 2.9200000000
9 15.4642 2.9400000000
10 17.3940 2.8800000000
11 19.3228 2.9200000000
12 21.2530 2.8500000000
13 23.1834 2.8300000000
14 25.1122 2.7700000000
15 27.0431 2.7700000000
16 28.9730 2.7100000000
17 30.9042 2.7300000000
18 32.8356 2.7100000000
19 34.7662 2.7100000000
20 36.6977 2.7100000000
21 38.6351 2.6600000000
22 40.5639 2.7000000000
23 42.4939 2.6900000000
24 44.4230 2.6900000000
25 46.3528 2.6700000000
26 48.2818 2.6700000000
27 50.2118 2.6600000000
28 52.1414 2.6400000000
29 54.0715 2.6600000000
30 56.0016 2.6700000000
31 57.9308 2.6200000000
32 59.8617 2.6200000000
33 61.7912 2.6200000000
34 63.7241 2.6100000000
35 65.6599 2.5700000000
36 67.5907 2.5700000000
37 69.5216 2.5900000000
38 71.4519 2.5900000000
39 73.3825 2.5800000000
40 75.3158 2.5900000000
41 77.2446 2.6000000000
42 79.1750 2.6100000000
43 81.1046 2.5900000000
44 83.0349 2.5900000000
45 84.9653 2.5600000000
46 86.8966 2.5900000000
47 88.8275 2.6000000000
48 90.7569 2.5800000000
49 92.6866 2.6100000000
50 94.6165 2.6000000000
51 96.5494 2.6000000000
52 98.4857 2.6100000000
53 100.4139 2.6000000000
54 102.3449 2.6200000000
55 104.2760 2.6200000000
56 106.2053 2.6100000000
57 108.1338 2.6100000000
58 110.0620 2.5900000000
59 111.9886 2.6100000000
60 113.9166 2.5900000000
61 115.8450 2.6200000000
62 117.7744 2.6000000000
63 119.7019 2.5900000000
64 121.6306 2.6000000000
65 123.5578 2.6200000000
66 125.4875 2.6000000000
67 127.4149 2.5900000000
68 129.3429 2.5800000000
69 131.2703 2.5900000000
70 133.1975 2.5900000000
71 135.1253 2.6100000000
72 137.0529 2.5900000000
73 138.9820 2.6000000000
74 140.9093 2.6000000000
75 142.8376 2.6100000000
76 144.7653 2.6000000000
77 146.6932 2.5800000000
78 148.6206 2.6000000000
79 150.5488 2.5800000000
80 152.4763 2.6000000000
81 154.4038 2.5800000000
82 156.3319 2.5800000000
83 158.2595 2.5900000000
84 160.1870 2.6200000000
85 162.1147 2.5900000000
86 164.0413 2.5800000000
87 165.9683 2.6000000000
88 167.8951 2.6100000000
89 169.8210 2.5800000000
90 171.7490 2.6000000000
91 173.6767 2.6300000000
92 175.6046 2.5900000000
93 177.5340 2.5900000000
94 179.4623 2.5900000000
95 181.3900 2.5700000000
96 183.3239 2.5800000000
97 185.2518 2.6100000000
98 187.1798 2.6100000000
99 189.1070 2.6100000000
100 191.0340 2.5900000000
101 192.9620 2.5800000000
102 194.8907 2.5700000000
103 196.8169 2.5700000000
104 198.7446 2.5700000000
105 200.6721 2.5900000000
106 202.5996 2.5700000000
107 204.5266 2.5700000000
108 206.4536 2.5900000000
109 208.3805 2.5800000000
110 210.3072 2.5900000000
111 212.2350 2.5800000000
112 214.1639 2.5800000000
113 216.0913 2.5800000000
114 218.0190 2.5800000000
115 219.9460 2.5900000000
116 221.8736 2.5800000000
117 223.8020 2.5600000000
118 225.7297 2.5400000000
119 227.6570 2.5500000000
120 229.5850 2.5800000000
121 231.5126 2.5500000000
122 233.4403 2.5900000000
123 235.3672 2.5400000000
124 237.2961 2.5600000000
125 239.2246 2.5200000000
126 241.1520 2.6000000000
127 243.0801 2.5500000000
128 245.0080 2.5700000000
129 246.9365 2.5200000000
130 248.8648 2.5500000000
131 250.7921 2.5600000000
132 252.7202 2.5300000000
133 254.6503 2.5700000000
134 256.5783 2.5200000000
135 258.5050 2.5900000000
136 260.4327 2.5600000000
137 262.3616 2.6000000000
138 264.3031 2.5400000000
139 266.2348 2.5700000000
140 268.1626 2.5600000000
141 270.0903 2.5900000000
142 272.0186 2.5500000000
143 273.9453 2.5100000000
144 275.8784 2.5600000000
145 277.8073 2.5500000000
146 279.7371 2.5300000000
147 281.6659 2.5500000000
148 283.5922 2.5800000000
149 285.5200 2.5400000000
150 287.4474 2.5200000000
151 289.3763 2.5200000000
152 291.3076 2.5800000000
153 293.2358 2.5300000000
154 295.1656 2.5600000000
155 297.0930 2.5300000000
156 299.0213 2.5300000000
157 300.9508 2.4800000000
158 302.8792 2.5400000000
159 304.8080 2.5100000000
160 306.7375 2.5000000000
161 308.6656 2.5300000000
162 310.5940 2.5000000000
163 312.5216 2.5300000000
164 314.4490 2.5200000000
165 316.3766 2.5500000000
166 318.3053 2.5100000000
167 320.2343 2.5000000000
168 322.1627 2.5500000000
169 324.0947 2.5300000000
170 326.0226 2.5000000000
171 327.9494 2.5100000000
172 329.8780 2.5000000000
173 331.8060 2.5200000000
174 333.7351 2.5200000000
175 335.6626 2.5100000000
176 337.5910 2.5200000000
177 339.5186 2.5500000000
178 341.4466 2.5300000000
179 343.3838 2.4700000000
180 345.3158 2.5100000000
181 347.2444 2.5300000000
182 349.1734 2.5300000000
183 351.1057 2.5200000000
184 353.0356 2.5000000000
185 354.9642 2.5300000000
186 356.8917 2.5100000000
187 358.8220 2.4900000000
188 360.7489 2.5200000000
189 362.6766 2.5200000000
190 364.6046 2.5000000000
191 366.5330 2.5200000000
192 368.4605 2.5100000000
193 370.3971 2.5100000000
194 372.3273 2.5100000000
195 374.2558 2.5200000000
196 376.1843 2.5400000000
197 378.1122 2.5300000000
198 380.0402 2.5200000000
199 381.9667 2.5500000000
200 383.8944 2.5200000000
