1 0.0000 0.0723833333
2 1.9379 0.0355833333
3 3.8836 0.0266166667
4 5.8135 0.0226666667
5 7.7422 0.0206000000
6 9.6734 0.0187833333
7 11.6038 0.0177333333
8 13.5342 0.0171666667
9 15.4642 0.0167833333
10 17.3940 0.0165500000
11 19.3228 0.0162333333
12 21.2530 0.0159000000
13 23.1834 0.0157000000
14 25.1122 0.0156666667
15 27.0431 0.0155166667
16 28.9730 0.0154666667
17 30.9042 0.0152000000
18 32.8356 0.0152166667
19 34.7662 0.0149833333
20 36.6977 0.0149833333
21 38.6351 0.0148333333
22 40.5639 0.0147666667
23 42.4939 0.0146333333
24 44.4230 0.0145000000
25 46.3528 0.0146166667
26 48.2818 0.0143666667
27 50.2118 0.0143833333
28 52.1414 0.0142833333
29 54.0715 0.0143833333
30 56.0016 0.0142666667
31 57.9308 0.0142333333
32 59.8617 0.0141333333
33 61.7912 0.0142000000
34 63.7241 0.0140666667
35 65.6599 0.0141666667
36 67.5907 0.0140666667
37 69.5216 0.0140000000
38 71.4519 0.0140833333
39 73.3825 0.0140333333
40 75.3158 0.0140000000
41 77.2446 0.0141166667
42 79.1750 0.0138500000
43 81.1046 0.0140500000
44 83.0349 0.0139500000
45 84.9653 0.0138500000
46 86.8966 0.0139000000
47 88.8275 0.0139166667
48 90.7569 0.0138000000
49 92.6866 0.0138166667
50 94.6165 0.0138333333
51 96.5494 0.0138333333
52 98.4857 0.0137833333
53 100.4139 0.0137833333
54 102.3449 0.0138000000
55 104.2760 0.0136666667
56 106.2053 0.0137500000
57 108.1338 0.0137333333
58 110.0620 0.0136500000
59 111.9886 0.0137000000
60 113.9166 0.0136666667
61 115.8450 0.0136000000
62 117.7744 0.0136500000
63 119.7019 0.0136500000
64 121.6306 0.0135166667
65 123.5578 0.0136166667
66 125.4875 0.0136000000
67 127.4149 0.0136000000
68 129.3429 0.0135500000
69 131.2703 0.0135666667
70 133.1975 0.0136166667
71 135.1253 0.0136666667
72 137.0529 0.0136166667
73 138.9820 0.0134666667
74 140.9093 0.0135333333
75 142.8376 0.0135666667
76 144.7653 0.0135333333
77 146.6932 0.0135166667
78 148.6206 0.0135000000
79 150.5488 0.0134833333
80 152.4763 0.0135500000
81 154.4038 0.0134666667
82 156.3319 0.0135500000
83 158.2595 0.0135000000
84 160.1870 0.0134166667
85 162.1147 0.0135500000
86 164.0413 0.0134500000
87 165.9683 0.0134666667
88 167.8951 0.0133666667
89 169.8210 0.0134500000
90 171.7490 0.0135333333
91 173.6767 0.0133333333
92 175.6046 0.0133833333
93 177.5340 0.0135000000
94 179.4623 0.0134500000
95 181.3900 0.0134500000
96 183.3239 0.0134000000
97 185.2518 0.0135166667
98 187.1798 0.0134500000
99 189.1070 0.0134333333
100 191.0340 0.0134166667
101 192.9620 0.0135000000
102 194.8907 0.0132666667
103 196.8169 0.0134333333
104 198.7446 0.0134333333
105 200.6721 0.0132333333
106 202.5996 0.0133500000
107 204.5266 0.0133833333
108 206.4536 0.0134666667
109 208.3805 0.0133666667
110 210.3072 0.0133500000
111 212.2350 0.0134333333
112 214.1639 0.0133500000
113 216.0913 0.0134000000
114 218.0190 0.0134666667
115 219.9460 0.0133833333
116 221.8736 0.0134166667
117 223.8020 0.0135333333
118 225.7297 0.0134166667
119 227.6570 0.0132833333
120 229.5850 0.0133500000
121 231.5126 0.0133833333
122 233.4403 0.0133166667
123 235.3672 0.0133166667
124 237.2961 0.0133500000
125 239.2246 0.0133833333
126 241.1520 0.0132166667
127 243.0801 0.0133500000
128 245.0080 0.0133666667
129 246.9365 0.0134333333
130 248.8648 0.0133166667
131 250.7921 0.0133333333
132 252.7202 0.0133333333
133 254.6503 0.0133000000
134 256.5783 0.0132833333
135 258.5050 0.0133500000
136 260.4327 0.0133166667
137 262.3616 0.0132833333
138 264.3031 0.0132166667
139 266.2348 0.0132000000
140 268.1626 0.0134000000
141 270.0903 0.0133500000
142 272.0186 0.0133000000
143 273.9453 0.0132833333
144 275.8784 0.0133000000
145 277.8073 0.0133000000
146 279.7371 0.0133333333
147 281.6659 0.0133166667
148 283.5922 0.0131666667
149 285.5200 0.0132666667
150 287.4474 0.0133000000
151 289.3763 0.0132666667
152 291.3076 0.0133000000
153 293.2358 0.0132666667
154 295.1656 0.0132666667
155 297.0930 0.0132500000
156 299.0213 0.0133333333
157 300.9508 0.0132333333
158 302.8792 0.0132666667
159 304.8080 0.0133333333
160 306.7375 0.0133000000
161 308.6656 0.0132833333
162 310.5940 0.0131666667
163 312.5216 0.0133166667
164 314.4490 0.0133666667
165 316.3766 0.0132833333
166 318.3053 0.0132833333
167 320.2343 0.0132833333
168 322.1627 0.0132500000
169 324.0947 0.0133833333
170 326.0226 0.0132500000
171 327.9494 0.0132833333
172 329.8780 0.0133000000
173 331.8060 0.0132333333
174 333.7351 0.0132000000
175 335.6626 0.0133333333
176 337.5910 0.0132833333
177 339.5186 0.0131000000
178 341.4466 0.0133000000
179 343.3838 0.0132833333
180 345.3158 0.0133333333
181 347.2444 0.0132333333
182 349.1734 0.0133000000
183 351.1057 0.0132500000
184 353.0356 0.0131833333
185 354.9642 0.0133166667
186 356.8917 0.0132333333
187 358.8220 0.0132666667
188 360.7489 0.0132833333
189 362.6766 0.0132333333
190 364.6046 0.0132666667
191 366.5330 0.0132833333
192 368.4605 0.0132500000
193 370.3971 0.0132833333
194 372.3273 0.0132666667
195 374.2558 0.0132333333
196 376.1843 0.0133000000
197 378.1122 0.0133000000
198 380.0402 0.0132833333
199 381.9667 0.0131833333
200 383.8944 0.0133500000
