1 0.0000 7.8700000000
2 1.9168 5.1500000000
3 3.8294 4.0700000000
4 5.7410 3.4800000000
5 7.6523 3.0700000000
6 9.5654 2.7900000000
7 11.4764 2.6600000000
8 13.3880 2.5600000000
9 15.3000 2.4900000000
10 17.2125 2.3900000000
11 19.1241 2.3800000000
12 21.0364 2.3300000000
13 22.9480 2.2600000000
14 24.8613 2.2400000000
15 26.7723 2.2400000000
16 28.6854 2.2300000000
17 30.5980 2.1800000000
18 32.5103 2.1400000000
19 34.4223 2.0900000000
20 36.3338 2.0900000000
21 38.2440 2.0500000000
22 40.1557 2.0300000000
23 42.0674 1.9800000000
24 43.9790 1.9600000000
25 45.8903 1.8900000000
26 47.8023 1.8700000000
27 49.7147 1.8600000000
28 51.6267 1.8500000000
29 53.5376 1.8400000000
30 55.4504 1.8500000000
31 57.3609 1.8600000000
32 59.2737 1.8500000000
33 61.1847 1.8400000000
34 63.0954 1.8300000000
35 65.0071 1.8100000000
36 66.9185 1.7900000000
37 68.8310 1.7900000000
38 70.7418 1.7900000000
39 72.6535 1.7700000000
40 74.5649 1.7600000000
41 76.4750 1.7600000000
42 78.3884 1.7500000000
43 80.2993 1.7400000000
44 82.2131 1.7300000000
45 84.1246 1.7300000000
46 86.0363 1.7100000000
47 87.9481 1.7200000000
48 89.8620 1.7200000000
49 91.7726 1.7200000000
50 93.6856 1.7100000000
51 95.5959 1.7200000000
52 97.5062 1.7200000000
53 99.4167 1.7200000000
54 101.3280 1.7200000000
55 103.2399 1.7100000000
56 105.1534 1.7100000000
57 107.0646 1.7100000000
58 108.9769 1.7100000000
59 110.8885 1.7200000000
60 112.8007 1.7200000000
61 114.7103 1.7300000000
62 116.6223 1.7300000000
63 118.5335 1.7300000000
64 120.4457 1.7300000000
65 122.3577 1.7400000000
66 124.2697 1.7400000000
67 126.1820 1.7400000000
68 128.0949 1.7400000000
69 130.0057 1.7400000000
70 131.9173 1.7500000000
71 133.8280 1.7500000000
72 135.7401 1.7400000000
73 137.6543 1.7400000000
74 139.5657 1.7400000000
75 141.4786 1.7200000000
76 143.3902 1.7200000000
77 145.3015 1.7200000000
78 147.2134 1.7200000000
79 149.1251 1.7200000000
80 151.0375 1.7100000000
81 152.9494 1.7100000000
82 154.8637 1.7100000000
83 156.7737 1.7100000000
84 158.6857 1.7100000000
85 160.5974 1.7000000000
86 162.5097 1.7000000000
87 164.4207 1.7000000000
88 166.3341 1.7000000000
89 168.2445 1.7100000000
90 170.1578 1.7000000000
91 172.0692 1.7000000000
92 173.9801 1.7000000000
93 175.8923 1.7000000000
94 177.8056 1.7000000000
95 179.7167 1.7000000000
96 181.6275 1.6900000000
97 183.5400 1.6800000000
98 185.4512 1.6800000000
99 187.3616 1.6800000000
100 189.2739 1.6800000000
101 191.1858 1.6800000000
102 193.0976 1.6800000000
103 195.0092 1.6800000000
104 196.9226 1.6800000000
105 198.8359 1.6800000000
106 200.7478 1.6800000000
107 202.6591 1.6800000000
108 204.5706 1.6800000000
109 206.4826 1.6800000000
110 208.3953 1.6800000000
111 210.3073 1.6800000000
112 212.2197 1.6800000000
113 214.1320 1.6800000000
114 216.0431 1.6800000000
115 217.9549 1.6800000000
116 219.8662 1.6700000000
117 221.7777 1.6700000000
118 223.6897 1.6700000000
119 225.6013 1.6700000000
120 227.5147 1.6700000000
121 229.4252 1.6700000000
122 231.3375 1.6700000000
123 233.2500 1.6700000000
124 235.1613 1.6700000000
125 237.0732 1.6700000000
126 238.9860 1.6700000000
127 240.8970 1.6700000000
128 242.8105 1.6700000000
129 244.7227 1.6700000000
130 246.6343 1.6700000000
131 248.5457 1.6700000000
132 250.4583 1.6700000000
133 252.3705 1.6700000000
134 254.2820 1.6700000000
135 256.1934 1.6700000000
136 258.1067 1.6700000000
137 260.0178 1.6700000000
138 261.9290 1.6700000000
139 263.8404 1.6700000000
140 265.7520 1.6700000000
141 267.6636 1.6700000000
142 269.5756 1.6700000000
143 271.4870 1.6700000000
144 273.3983 1.6700000000
145 275.3093 1.6700000000
146 277.2245 1.6700000000
147 279.1358 1.6700000000
148 281.0478 1.6700000000
149 282.9594 1.6700000000
150 284.8728 1.6600000000
151 286.7853 1.6500000000
152 288.6964 1.6500000000
153 290.6090 1.6500000000
154 292.5211 1.6500000000
155 294.4329 1.6500000000
156 296.3458 1.6500000000
157 298.2573 1.6500000000
158 300.1691 1.6500000000
159 302.0810 1.6500000000
160 303.9927 1.6500000000
161 305.9056 1.6500000000
162 307.8176 1.6500000000
163 309.7290 1.6500000000
164 311.6407 1.6500000000
165 313.5521 1.6500000000
166 315.4641 1.6500000000
167 317.3747 1.6500000000
168 319.2867 1.6500000000
169 321.2036 1.6500000000
170 323.1157 1.6500000000
171 325.0275 1.6500000000
172 326.9393 1.6500000000
173 328.8520 1.6500000000
174 330.7643 1.6500000000
175 332.6756 1.6500000000
176 334.5864 1.6500000000
177 336.4973 1.6500000000
178 338.4097 1.6500000000
179 340.3211 1.6500000000
180 342.2330 1.6500000000
181 344.1456 1.6500000000
182 346.0588 1.6500000000
183 347.9711 1.6500000000
184 349.8836 1.6500000000
185 351.7999 1.6500000000
186 353.7255 1.6400000000
187 355.6357 1.6400000000
188 357.5489 1.6400000000
189 359.4597 1.6400000000
190 361.3714 1.6400000000
191 363.2824 1.6400000000
192 365.1945 1.6300000000
193 367.1053 1.6300000000
194 369.0180 1.6300000000
195 370.9290 1.6300000000
196 372.8406 1.6300000000
197 374.7522 1.6300000000
198 376.6640 1.6300000000
199 378.5751 1.6300000000
200 380.4870 1.6200000000
