1 0.0000 6.4300000000
2 4.2256 4.3700000000
3 8.3068 3.7000000000
4 12.3867 3.4900000000
5 16.4658 3.0400000000
6 20.5464 3.0000000000
7 24.6255 2.9400000000
8 28.7059 2.9100000000
9 32.7923 2.8300000000
10 36.8718 2.5800000000
11 40.9487 2.6500000000
12 45.0299 2.5600000000
13 49.1102 2.5200000000
14 53.1895 2.6100000000
15 57.2681 2.3700000000
16 61.3470 2.5300000000
17 65.4280 2.4800000000
18 69.5070 2.7700000000
19 73.5862 2.4700000000
20 77.6650 2.5000000000
21 81.7435 2.2700000000
22 85.8218 2.3700000000
23 89.9015 2.4800000000
24 93.9794 2.6800000000
25 98.0577 2.5800000000
26 102.1362 2.6300000000
27 106.2186 2.1400000000
28 110.2965 2.3200000000
29 114.3754 2.4400000000
30 118.4538 2.3900000000
31 122.5317 2.5300000000
32 126.6113 2.4800000000
33 130.6895 2.4000000000
34 134.7677 2.2700000000
35 138.8439 2.4200000000
36 142.9225 2.0500000000
37 147.0009 2.2100000000
38 151.0793 2.3400000000
39 155.1586 2.2100000000
40 159.2371 2.3300000000
41 163.3178 2.1900000000
42 167.4016 2.3100000000
43 171.4873 2.0900000000
44 175.5691 2.0800000000
45 179.6494 2.2900000000
46 183.7307 2.2200000000
47 187.8125 2.2800000000
48 191.8925 2.2700000000
49 195.9721 2.2300000000
50 200.0573 2.2900000000
51 204.1393 2.2900000000
52 208.2180 2.3400000000
53 212.2985 2.0400000000
54 216.3795 2.1900000000
55 220.4614 2.1200000000
56 224.5415 2.2700000000
57 228.6211 2.1900000000
58 232.7004 2.2900000000
59 236.7800 2.0400000000
60 240.8613 2.1800000000
61 244.9409 2.1400000000
62 249.0204 2.1900000000
63 253.1000 2.1300000000
64 257.1792 2.1400000000
65 261.2588 2.1400000000
66 265.3394 2.0300000000
67 269.4190 2.0600000000
68 273.4991 2.0900000000
69 277.5781 2.0000000000
70 281.6575 2.2400000000
71 285.7357 2.3200000000
72 289.8141 2.1200000000
73 293.8932 1.9900000000
74 297.9721 2.1600000000
75 302.0507 2.1800000000
76 306.1291 2.0500000000
77 310.2081 2.3500000000
78 314.2878 2.1400000000
79 318.3720 2.0700000000
80 322.4507 2.0300000000
81 326.5292 2.2700000000
82 330.6071 2.0100000000
83 334.6854 2.0200000000
84 338.7655 2.1000000000
85 342.8445 2.1300000000
86 346.9232 2.0300000000
87 351.0054 2.1000000000
88 355.0883 2.0900000000
89 359.1688 1.9300000000
90 363.2484 1.7900000000
91 367.3277 2.0000000000
92 371.4118 1.9700000000
93 375.4923 1.9800000000
94 379.5737 1.9100000000
95 383.6517 2.0500000000
96 387.7318 2.0800000000
97 391.8122 1.9000000000
98 395.8925 1.9700000000
99 399.9721 1.9200000000
100 404.0521 2.1000000000
101 408.1310 1.9700000000
102 412.2117 2.0700000000
103 416.2907 1.8600000000
104 420.3716 1.9900000000
105 424.4509 2.0100000000
106 428.5304 2.1600000000
107 432.6087 2.1100000000
108 436.6872 2.0500000000
109 440.7670 1.9500000000
110 444.8460 2.1700000000
111 448.9247 1.9600000000
112 453.0037 2.0000000000
113 457.0820 2.0900000000
114 461.1601 2.1400000000
115 465.2401 1.9100000000
116 469.3187 1.9100000000
117 473.3974 1.9400000000
118 477.4782 2.0100000000
119 481.5561 2.0800000000
120 485.6348 1.9800000000
121 489.7140 2.0900000000
122 493.7920 2.0100000000
123 497.8708 2.0200000000
124 501.9516 2.0100000000
125 506.0313 1.9900000000
126 510.1099 1.9700000000
127 514.1884 2.0000000000
128 518.2671 1.9000000000
129 522.3461 2.0500000000
130 526.4264 1.9600000000
131 530.5053 1.9300000000
132 534.5834 1.9900000000
133 538.6673 1.9400000000
134 542.7450 2.0400000000
135 546.8227 2.0100000000
136 550.9013 1.9200000000
137 554.9807 1.9700000000
138 559.0615 1.9100000000
139 563.1413 1.9000000000
140 567.2201 1.8400000000
141 571.2991 1.8100000000
142 575.3815 1.9200000000
143 579.4648 1.9400000000
144 583.5460 1.8800000000
145 587.6256 1.8800000000
146 591.7043 1.8300000000
147 595.7854 1.8400000000
148 599.8668 2.0900000000
149 603.9480 1.9100000000
150 608.0277 1.9800000000
151 612.1074 1.7600000000
152 616.1874 1.9800000000
153 620.2668 1.8900000000
154 624.3466 1.9300000000
155 628.4250 1.8700000000
156 632.5048 2.0100000000
157 636.5836 2.1100000000
158 640.6612 1.9900000000
159 644.7401 1.9500000000
160 648.8246 1.9900000000
161 652.9031 1.9200000000
162 656.9830 2.0200000000
163 661.0621 2.0800000000
164 665.1407 2.0400000000
165 669.2194 1.9400000000
166 673.2992 1.9600000000
167 677.3781 1.9600000000
168 681.4807 1.9500000000
169 685.5590 1.8800000000
170 689.6379 1.9200000000
171 693.7170 1.8300000000
172 697.7966 1.9600000000
173 701.8760 1.8100000000
174 705.9552 1.9300000000
175 710.0343 1.8000000000
176 714.1132 1.9100000000
177 718.1915 1.8200000000
178 722.2658 1.9300000000
179 726.3292 1.9800000000
180 730.3922 1.9800000000
181 734.4562 1.9000000000
182 738.5199 1.9400000000
183 742.5825 1.9200000000
184 746.6448 1.7800000000
185 750.7063 1.9000000000
186 754.7685 2.1200000000
187 758.8348 1.8200000000
188 762.9059 1.9400000000
189 766.9731 1.8100000000
190 771.0386 1.9600000000
191 775.1029 2.0700000000
192 779.1676 1.8800000000
193 783.2322 1.7800000000
194 787.2982 1.8900000000
195 791.3659 1.9000000000
196 795.4339 1.9100000000
197 799.4983 1.7500000000
198 803.5626 1.9100000000
199 807.6263 2.0100000000
200 811.6898 1.8300000000
