1 0.0000 0.0843500000
2 4.2256 0.0450166667
3 8.3068 0.0362333333
4 12.3867 0.0314166667
5 16.4658 0.0295500000
6 20.5464 0.0268166667
7 24.6255 0.0255166667
8 28.7059 0.0241500000
9 32.7923 0.0236500000
10 36.8718 0.0222333333
11 40.9487 0.0215833333
12 45.0299 0.0209666667
13 49.1102 0.0207500000
14 53.1895 0.0195666667
15 57.2681 0.0194666667
16 61.3470 0.0193666667
17 65.4280 0.0183666667
18 69.5070 0.0185500000
19 73.5862 0.0178500000
20 77.6650 0.0175500000
21 81.7435 0.0172833333
22 85.8218 0.0164500000
23 89.9015 0.0166500000
24 93.9794 0.0165000000
25 98.0577 0.0160333333
26 102.1362 0.0157833333
27 106.2186 0.0154333333
28 110.2965 0.0157000000
29 114.3754 0.0149333333
30 118.4538 0.0151666667
31 122.5317 0.0151333333
32 126.6113 0.0147500000
33 130.6895 0.0143500000
34 134.7677 0.0141500000
35 138.8439 0.0138666667
36 142.9225 0.0134500000
37 147.0009 0.0134833333
38 151.0793 0.0134000000
39 155.1586 0.0132333333
40 159.2371 0.0131666667
41 163.3178 0.0125333333
42 167.4016 0.0129833333
43 171.4873 0.0123500000
44 175.5691 0.0118000000
45 179.6494 0.0124166667
46 183.7307 0.0124166667
47 187.8125 0.0123833333
48 191.8925 0.0120333333
49 195.9721 0.0123000000
50 200.0573 0.0118166667
51 204.1393 0.0113833333
52 208.2180 0.0121833333
53 212.2985 0.0111500000
54 216.3795 0.0115000000
55 220.4614 0.0111500000
56 224.5415 0.0114500000
57 228.6211 0.0113833333
58 232.7004 0.0109166667
59 236.7800 0.0110333333
60 240.8613 0.0111666667
61 244.9409 0.0110333333
62 249.0204 0.0110166667
63 253.1000 0.0106000000
64 257.1792 0.0102333333
65 261.2588 0.0104166667
66 265.3394 0.0100666667
67 269.4190 0.0101666667
68 273.4991 0.0100666667
69 277.5781 0.0103000000
70 281.6575 0.0103333333
71 285.7357 0.0098500000
72 289.8141 0.0099833333
73 293.8932 0.0101333333
74 297.9721 0.0099166667
75 302.0507 0.0098666667
76 306.1291 0.0100333333
77 310.2081 0.0095500000
78 314.2878 0.0094000000
79 318.3720 0.0088333333
80 322.4507 0.0097666667
81 326.5292 0.0095500000
82 330.6071 0.0093500000
83 334.6854 0.0089833333
84 338.7655 0.0090166667
85 342.8445 0.0095166667
86 346.9232 0.0088500000
87 351.0054 0.0091333333
88 355.0883 0.0088500000
89 359.1688 0.0087666667
90 363.2484 0.0087000000
91 367.3277 0.0089166667
92 371.4118 0.0088333333
93 375.4923 0.0086833333
94 379.5737 0.0085500000
95 383.6517 0.0080166667
96 387.7318 0.0086000000
97 391.8122 0.0083000000
98 395.8925 0.0085000000
99 399.9721 0.0082666667
100 404.0521 0.0089166667
101 408.1310 0.0090166667
102 412.2117 0.0091666667
103 416.2907 0.0083833333
104 420.3716 0.0088833333
105 424.4509 0.0084333333
106 428.5304 0.0084166667
107 432.6087 0.0086833333
108 436.6872 0.0081000000
109 440.7670 0.0086666667
110 444.8460 0.0081500000
111 448.9247 0.0080333333
112 453.0037 0.0080333333
113 457.0820 0.0080500000
114 461.1601 0.0084500000
115 465.2401 0.0078666667
116 469.3187 0.0079666667
117 473.3974 0.0081000000
118 477.4782 0.0078666667
119 481.5561 0.0075333333
120 485.6348 0.0076666667
121 489.7140 0.0078833333
122 493.7920 0.0074500000
123 497.8708 0.0074833333
124 501.9516 0.0076500000
125 506.0313 0.0073000000
126 510.1099 0.0075666667
127 514.1884 0.0081166667
128 518.2671 0.0072500000
129 522.3461 0.0078166667
130 526.4264 0.0074500000
131 530.5053 0.0078166667
132 534.5834 0.0070333333
133 538.6673 0.0072833333
134 542.7450 0.0071500000
135 546.8227 0.0075000000
136 550.9013 0.0073500000
137 554.9807 0.0072166667
138 559.0615 0.0069000000
139 563.1413 0.0065166667
140 567.2201 0.0064666667
141 571.2991 0.0066166667
142 575.3815 0.0071833333
143 579.4648 0.0070833333
144 583.5460 0.0070333333
145 587.6256 0.0068000000
146 591.7043 0.0071166667
147 595.7854 0.0072833333
148 599.8668 0.0068666667
149 603.9480 0.0069666667
150 608.0277 0.0067666667
151 612.1074 0.0069666667
152 616.1874 0.0066500000
153 620.2668 0.0068333333
154 624.3466 0.0067333333
155 628.4250 0.0071000000
156 632.5048 0.0070333333
157 636.5836 0.0065833333
158 640.6612 0.0067333333
159 644.7401 0.0067166667
160 648.8246 0.0069000000
161 652.9031 0.0064000000
162 656.9830 0.0066333333
163 661.0621 0.0067333333
164 665.1407 0.0062166667
165 669.2194 0.0065833333
166 673.2992 0.0063333333
167 677.3781 0.0066166667
168 681.4807 0.0065000000
169 685.5590 0.0064833333
170 689.6379 0.0062333333
171 693.7170 0.0063166667
172 697.7966 0.0064500000
173 701.8760 0.0063000000
174 705.9552 0.0063000000
175 710.0343 0.0061166667
176 714.1132 0.0063833333
177 718.1915 0.0060333333
178 722.2658 0.0059833333
179 726.3292 0.0057166667
180 730.3922 0.0063333333
181 734.4562 0.0064333333
182 738.5199 0.0061833333
183 742.5825 0.0062333333
184 746.6448 0.0061666667
185 750.7063 0.0061000000
186 754.7685 0.0058666667
187 758.8348 0.0062833333
188 762.9059 0.0061333333
189 766.9731 0.0062333333
190 771.0386 0.0062833333
191 775.1029 0.0057333333
192 779.1676 0.0060500000
193 783.2322 0.0060666667
194 787.2982 0.0061000000
195 791.3659 0.0060000000
196 795.4339 0.0057000000
197 799.4983 0.0061500000
198 803.5626 0.0061333333
199 807.6263 0.0060666667
200 811.6898 0.0059500000
