1 0.0000 4.6100000000
2 1.9443 3.3400000000
3 3.8678 2.8800000000
4 5.7925 2.5700000000
5 7.7184 2.4500000000
6 9.6438 2.3600000000
7 11.5678 2.3100000000
8 13.4940 2.2500000000
9 15.4192 2.1700000000
10 17.3433 2.1800000000
11 19.2684 2.1700000000
12 21.1948 2.1200000000
13 23.1202 2.1000000000
14 25.0453 2.1200000000
15 26.9689 2.0600000000
16 28.8941 2.0500000000
17 30.8192 2.0700000000
18 32.7440 2.0500000000
19 34.6676 2.0400000000
20 36.5922 1.9900000000
21 38.5165 2.0600000000
22 40.4411 1.9900000000
23 42.3688 2.0000000000
24 44.2934 1.9900000000
25 46.2171 1.9600000000
26 48.1415 1.9600000000
27 50.0655 1.9300000000
28 51.9912 1.9000000000
29 53.9156 1.8900000000
30 55.8401 1.8800000000
31 57.7638 1.8400000000
32 59.6886 1.8200000000
33 61.6126 1.8500000000
34 63.5361 1.8000000000
35 65.4640 1.8300000000
36 67.3935 1.8100000000
37 69.3173 1.8100000000
38 71.2424 1.8100000000
39 73.1656 1.7800000000
40 75.0901 1.7900000000
41 77.0128 1.7700000000
42 78.9360 1.7900000000
43 80.8607 1.7800000000
44 82.7849 1.7800000000
45 84.7076 1.7700000000
46 86.6330 1.7500000000
47 88.5562 1.7600000000
48 90.4801 1.7800000000
49 92.4023 1.7600000000
50 94.3295 1.7600000000
51 96.2590 1.7600000000
52 98.1829 1.7600000000
53 100.1074 1.7600000000
54 102.0324 1.7500000000
55 103.9550 1.7700000000
56 105.8789 1.7700000000
57 107.8025 1.7600000000
58 109.7272 1.7600000000
59 111.6498 1.7600000000
60 113.5733 1.7600000000
61 115.4972 1.7700000000
62 117.4208 1.7500000000
63 119.3449 1.7700000000
64 121.2682 1.7300000000
65 123.1924 1.8000000000
66 125.1166 1.7600000000
67 127.0406 1.7200000000
68 128.9641 1.7700000000
69 130.8883 1.7200000000
70 132.8133 1.7600000000
71 134.7364 1.7200000000
72 136.6613 1.7700000000
73 138.5838 1.7200000000
74 140.5071 1.7200000000
75 142.4314 1.7300000000
76 144.3546 1.7400000000
77 146.2774 1.7400000000
78 148.2009 1.7700000000
79 150.1236 1.7300000000
80 152.0488 1.7600000000
81 153.9718 1.7200000000
82 155.8956 1.7400000000
83 157.8186 1.7200000000
84 159.7418 1.7300000000
85 161.6645 1.7300000000
86 163.5874 1.7100000000
87 165.5098 1.7300000000
88 167.4337 1.7200000000
89 169.3561 1.7300000000
90 171.2796 1.7100000000
91 173.2021 1.7200000000
92 175.1259 1.7100000000
93 177.0473 1.7200000000
94 178.9705 1.6900000000
95 180.8937 1.7000000000
96 182.8174 1.6800000000
97 184.7403 1.7100000000
98 186.6643 1.6800000000
99 188.5891 1.6800000000
100 190.5123 1.6900000000
101 192.4349 1.7100000000
102 194.3576 1.6900000000
103 196.2819 1.6900000000
104 198.2047 1.7100000000
105 200.1278 1.7100000000
106 202.0518 1.7000000000
107 203.9765 1.7000000000
108 205.8994 1.7100000000
109 207.8212 1.6900000000
110 209.7442 1.6700000000
111 211.6676 1.6900000000
112 213.5908 1.7200000000
113 215.5132 1.7200000000
114 217.4358 1.6900000000
115 219.3587 1.7100000000
116 221.2819 1.7200000000
117 223.2053 1.7100000000
118 225.1286 1.7100000000
119 227.0518 1.7200000000
120 228.9741 1.7000000000
121 230.8979 1.7200000000
122 232.8207 1.6700000000
123 234.7419 1.7400000000
124 236.6649 1.6800000000
125 238.5891 1.6900000000
126 240.5124 1.7100000000
127 242.4367 1.7100000000
128 244.3608 1.7000000000
129 246.2835 1.7000000000
130 248.2076 1.7100000000
131 250.1312 1.7100000000
132 252.0548 1.7000000000
133 253.9764 1.7000000000
134 255.8991 1.7000000000
135 257.8219 1.6800000000
136 259.7467 1.6900000000
137 261.6702 1.6700000000
138 263.5947 1.6900000000
139 265.5165 1.6800000000
140 267.4403 1.6800000000
141 269.3636 1.7000000000
142 271.2872 1.6700000000
143 273.2108 1.6600000000
144 275.1335 1.6900000000
145 277.0561 1.6700000000
146 278.9801 1.6900000000
147 280.9032 1.6700000000
148 282.8255 1.6600000000
149 284.7504 1.6700000000
150 286.6745 1.6800000000
151 288.5966 1.6800000000
152 290.5198 1.6900000000
153 292.4422 1.6700000000
154 294.3653 1.6800000000
155 296.2877 1.6500000000
156 298.2113 1.6800000000
157 300.1348 1.6400000000
158 302.0592 1.6800000000
159 303.9830 1.6600000000
160 305.9078 1.6500000000
161 307.8300 1.6600000000
162 309.7535 1.6500000000
163 311.6777 1.6500000000
164 313.6022 1.6700000000
165 315.5248 1.6400000000
166 317.4484 1.6600000000
167 319.3708 1.6400000000
168 321.2939 1.6500000000
169 323.2158 1.6400000000
170 325.1393 1.6600000000
171 327.0633 1.6500000000
172 328.9869 1.6500000000
173 330.9099 1.6600000000
174 332.8332 1.6500000000
175 334.7549 1.6500000000
176 336.6776 1.6400000000
177 338.6008 1.6300000000
178 340.5236 1.6500000000
179 342.4463 1.6400000000
180 344.3588 1.6400000000
181 346.2714 1.6500000000
182 348.1841 1.6300000000
183 350.0965 1.6400000000
184 352.0091 1.6300000000
185 353.9215 1.6300000000
186 355.8337 1.6300000000
187 357.7455 1.6500000000
188 359.6565 1.6300000000
189 361.5690 1.6300000000
190 363.4809 1.6400000000
191 365.3932 1.6300000000
192 367.3148 1.6500000000
193 369.2267 1.6200000000
194 371.1391 1.6400000000
195 373.0512 1.6300000000
196 374.9635 1.6400000000
197 376.8754 1.6400000000
198 378.7870 1.6200000000
199 380.6988 1.6500000000
200 382.6108 1.6300000000
