1 0.0000 4.4600000000
2 1.9306 3.2800000000
3 3.8516 2.7900000000
4 5.7723 2.5200000000
5 7.6925 2.3200000000
6 9.6128 2.1900000000
7 11.5321 2.1200000000
8 13.4500 2.0900000000
9 15.3690 1.9900000000
10 17.2861 2.0300000000
11 19.2087 2.0600000000
12 21.1315 2.0300000000
13 23.0517 2.0200000000
14 24.9729 2.0100000000
15 26.8937 2.0200000000
16 28.8138 1.9400000000
17 30.7330 1.9300000000
18 32.6529 1.9100000000
19 34.5724 1.8300000000
20 36.5253 1.8300000000
21 38.4438 1.8000000000
22 40.3638 1.7800000000
23 42.2824 1.7900000000
24 44.2016 1.7400000000
25 46.1209 1.7400000000
26 48.0395 1.7600000000
27 49.9581 1.7400000000
28 51.8771 1.7400000000
29 53.7960 1.7300000000
30 55.7150 1.7400000000
31 57.6335 1.7200000000
32 59.5535 1.7300000000
33 61.4727 1.7100000000
34 63.3934 1.7000000000
35 65.3127 1.7000000000
36 67.2333 1.7200000000
37 69.1526 1.7200000000
38 71.0762 1.7200000000
39 73.0013 1.7200000000
40 74.9190 1.7400000000
41 76.8369 1.7300000000
42 78.7551 1.7400000000
43 80.6731 1.7400000000
44 82.5910 1.7400000000
45 84.5075 1.7400000000
46 86.4250 1.7400000000
47 88.3423 1.7400000000
48 90.2599 1.7400000000
49 92.1775 1.7400000000
50 94.0950 1.7300000000
51 96.0112 1.7300000000
52 97.9285 1.7300000000
53 99.8480 1.7300000000
54 101.7651 1.7300000000
55 103.6816 1.7300000000
56 105.5996 1.7300000000
57 107.5197 1.7300000000
58 109.4369 1.7400000000
59 111.3547 1.7400000000
60 113.2731 1.7500000000
61 115.1903 1.7400000000
62 117.1082 1.7500000000
63 119.0250 1.7400000000
64 120.9421 1.7400000000
65 122.8592 1.7300000000
66 124.7764 1.7200000000
67 126.6950 1.7300000000
68 128.6128 1.7200000000
69 130.5310 1.7200000000
70 132.4483 1.7300000000
71 134.3657 1.7300000000
72 136.2840 1.7300000000
73 138.2017 1.7200000000
74 140.1193 1.7300000000
75 142.0356 1.7300000000
76 143.9534 1.7200000000
77 145.8803 1.7200000000
78 147.7977 1.7200000000
79 149.7150 1.7200000000
80 151.6318 1.7200000000
81 153.5490 1.7200000000
82 155.4677 1.7200000000
83 157.3838 1.7200000000
84 159.3016 1.7200000000
85 161.2183 1.7200000000
86 163.1354 1.7100000000
87 165.0531 1.7200000000
88 166.9717 1.7200000000
89 168.8890 1.7200000000
90 170.8077 1.7200000000
91 172.7242 1.7200000000
92 174.6420 1.7200000000
93 176.5603 1.7200000000
94 178.4781 1.7200000000
95 180.3949 1.7200000000
96 182.3130 1.7200000000
97 184.2287 1.7200000000
98 186.1471 1.7200000000
99 188.0650 1.7200000000
100 189.9830 1.7200000000
101 191.9007 1.7200000000
102 193.8178 1.7200000000
103 195.7344 1.7200000000
104 197.6537 1.7200000000
105 199.5710 1.7200000000
106 201.4887 1.7200000000
107 203.4069 1.7200000000
108 205.3248 1.7200000000
109 207.2433 1.7100000000
110 209.1627 1.7100000000
111 211.0809 1.7100000000
112 212.9989 1.7100000000
113 214.9174 1.7100000000
114 216.8409 1.7100000000
115 218.7587 1.7100000000
116 220.6767 1.7100000000
117 222.5951 1.7100000000
118 224.5133 1.7100000000
119 226.4317 1.7100000000
120 228.3496 1.7000000000
121 230.2662 1.7100000000
122 232.1838 1.7000000000
123 234.1025 1.7000000000
124 236.0197 1.7000000000
125 237.9370 1.7100000000
126 239.8549 1.7000000000
127 241.7723 1.7000000000
128 243.6897 1.7000000000
129 245.6087 1.7000000000
130 247.5277 1.7000000000
131 249.4447 1.6900000000
132 251.3630 1.6900000000
133 253.2805 1.6900000000
134 255.1982 1.6900000000
135 257.1170 1.6900000000
136 259.0353 1.6900000000
137 260.9530 1.6900000000
138 262.8713 1.6900000000
139 264.7882 1.6900000000
140 266.7076 1.6900000000
141 268.6251 1.6900000000
142 270.5441 1.6900000000
143 272.4610 1.6900000000
144 274.3799 1.6900000000
145 276.2979 1.6900000000
146 278.2150 1.6900000000
147 280.1325 1.6900000000
148 282.0504 1.6900000000
149 283.9677 1.6900000000
150 285.8863 1.6900000000
151 287.8040 1.6900000000
152 289.7227 1.6900000000
153 291.6408 1.6900000000
154 293.5601 1.6900000000
155 295.4786 1.6900000000
156 297.3958 1.6900000000
157 299.3122 1.6900000000
158 301.2318 1.6900000000
159 303.1494 1.6900000000
160 305.0690 1.6900000000
161 306.9879 1.6900000000
162 308.9069 1.6900000000
163 310.8246 1.6900000000
164 312.7435 1.6900000000
165 314.6617 1.6900000000
166 316.5789 1.6900000000
167 318.4968 1.6900000000
168 320.4152 1.6900000000
169 322.3332 1.6900000000
170 324.2525 1.7000000000
171 326.1701 1.7000000000
172 328.0873 1.7100000000
173 330.0045 1.7100000000
174 331.9320 1.7100000000
175 333.8507 1.7100000000
176 335.7692 1.7100000000
177 337.6877 1.7100000000
178 339.6056 1.7100000000
179 341.5234 1.7100000000
180 343.4419 1.7100000000
181 345.3589 1.7100000000
182 347.2764 1.7100000000
183 349.1955 1.7100000000
184 351.1126 1.7100000000
185 353.0294 1.7100000000
186 354.9482 1.7100000000
187 356.8673 1.7000000000
188 358.7861 1.6900000000
189 360.7042 1.6900000000
190 362.6241 1.6900000000
191 364.5420 1.6900000000
192 366.4614 1.6900000000
193 368.3795 1.6900000000
194 370.2978 1.6900000000
195 372.2147 1.6900000000
196 374.1327 1.6900000000
197 376.0503 1.6900000000
198 377.9688 1.6900000000
199 379.8860 1.6900000000
200 381.8058 1.6900000000
