1 0.0000 7.9000000000
2 1.9115 5.1700000000
3 3.8156 3.9800000000
4 5.7197 3.3500000000
5 7.6241 3.0200000000
6 9.5300 2.7900000000
7 11.4346 2.6800000000
8 13.3436 2.5800000000
9 15.2527 2.4800000000
10 17.1573 2.3300000000
11 19.0612 2.2700000000
12 20.9652 2.2100000000
13 22.8680 2.2000000000
14 24.7718 2.1900000000
15 26.6743 2.1800000000
16 28.5780 2.1100000000
17 30.4817 2.0800000000
18 32.3857 2.0300000000
19 34.2887 2.0500000000
20 36.1969 2.0600000000
21 38.1001 2.0200000000
22 40.0038 1.9800000000
23 41.9060 1.9800000000
24 43.8094 1.9100000000
25 45.7115 1.8800000000
26 47.6147 1.8100000000
27 49.5187 1.8100000000
28 51.4213 1.8100000000
29 53.3243 1.8000000000
30 55.2272 1.7900000000
31 57.1308 1.7600000000
32 59.0340 1.7900000000
33 60.9362 1.7800000000
34 62.8395 1.7600000000
35 64.7417 1.7600000000
36 66.6453 1.7600000000
37 68.5477 1.7600000000
38 70.4510 1.7700000000
39 72.3553 1.7700000000
40 74.2579 1.7600000000
41 76.1613 1.7600000000
42 78.0654 1.7600000000
43 79.9676 1.7700000000
44 81.8708 1.7700000000
45 83.7726 1.7700000000
46 85.6751 1.7800000000
47 87.5780 1.7700000000
48 89.4811 1.7600000000
49 91.3830 1.7600000000
50 93.2859 1.7500000000
51 95.1883 1.7500000000
52 97.0915 1.7500000000
53 98.9939 1.7500000000
54 100.8958 1.7400000000
55 102.7966 1.7400000000
56 104.7010 1.7200000000
57 106.6028 1.7200000000
58 108.5050 1.7200000000
59 110.4073 1.7200000000
60 112.3106 1.7300000000
61 114.2127 1.7200000000
62 116.1168 1.7200000000
63 118.0190 1.7200000000
64 119.9224 1.7100000000
65 121.8247 1.7100000000
66 123.7263 1.7100000000
67 125.6293 1.7100000000
68 127.5323 1.7100000000
69 129.4343 1.7100000000
70 131.3361 1.7100000000
71 133.2381 1.7100000000
72 135.1404 1.7000000000
73 137.0438 1.7000000000
74 138.9469 1.6900000000
75 140.8504 1.6900000000
76 142.7539 1.6900000000
77 144.6561 1.6900000000
78 146.5593 1.6800000000
79 148.4617 1.6800000000
80 150.3641 1.6900000000
81 152.2666 1.6900000000
82 154.1695 1.6900000000
83 156.0724 1.6900000000
84 157.9736 1.6900000000
85 159.8760 1.6900000000
86 161.7791 1.6900000000
87 163.6807 1.6900000000
88 165.5826 1.6900000000
89 167.4851 1.6900000000
90 169.3880 1.7000000000
91 171.2900 1.7000000000
92 173.1933 1.7000000000
93 175.0947 1.7100000000
94 176.9970 1.7100000000
95 178.8987 1.7100000000
96 180.8020 1.7100000000
97 182.7047 1.7100000000
98 184.6063 1.7100000000
99 186.5087 1.7100000000
100 188.4107 1.7000000000
101 190.3131 1.7000000000
102 192.2163 1.7000000000
103 194.1198 1.7000000000
104 196.0226 1.7000000000
105 197.9241 1.6800000000
106 199.8260 1.6600000000
107 201.7276 1.6600000000
108 203.6298 1.6600000000
109 205.5317 1.6600000000
110 207.4350 1.6600000000
111 209.3393 1.6600000000
112 211.2415 1.6600000000
113 213.1438 1.6600000000
114 215.0456 1.6600000000
115 216.9463 1.6600000000
116 218.8480 1.6600000000
117 220.7499 1.6600000000
118 222.6521 1.6600000000
119 224.5550 1.6600000000
120 226.4575 1.6600000000
121 228.3594 1.6600000000
122 230.2631 1.6700000000
123 232.1655 1.6700000000
124 234.0684 1.6700000000
125 235.9705 1.6700000000
126 237.8847 1.6700000000
127 239.7858 1.6700000000
128 241.6887 1.6700000000
129 243.5916 1.6700000000
130 245.4935 1.6700000000
131 247.3970 1.6700000000
132 249.3003 1.6700000000
133 251.2019 1.6700000000
134 253.1051 1.6700000000
135 255.0053 1.6700000000
136 256.9074 1.6700000000
137 258.8096 1.6700000000
138 260.7118 1.6700000000
139 262.6148 1.6700000000
140 264.5184 1.6700000000
141 266.4209 1.6700000000
142 268.3231 1.6700000000
143 270.2253 1.6700000000
144 272.1279 1.6700000000
145 274.0298 1.6700000000
146 275.9312 1.6700000000
147 277.8340 1.6700000000
148 279.7364 1.6700000000
149 281.6386 1.6700000000
150 283.5401 1.6700000000
151 285.4414 1.6700000000
152 287.3427 1.6800000000
153 289.2463 1.6800000000
154 291.1489 1.6800000000
155 293.0514 1.6800000000
156 294.9543 1.6800000000
157 296.8570 1.6900000000
158 298.7597 1.6900000000
159 300.6637 1.6900000000
160 302.5665 1.6900000000
161 304.4683 1.6900000000
162 306.3701 1.6900000000
163 308.2741 1.6900000000
164 310.1762 1.6900000000
165 312.0781 1.6800000000
166 313.9796 1.6800000000
167 315.8810 1.6800000000
168 317.7847 1.6800000000
169 319.6865 1.6800000000
170 321.5890 1.6800000000
171 323.4915 1.6800000000
172 325.3936 1.6800000000
173 327.2944 1.6800000000
174 329.1968 1.6800000000
175 331.0998 1.6800000000
176 333.0031 1.6800000000
177 334.9056 1.6800000000
178 336.8078 1.6800000000
179 338.7106 1.6800000000
180 340.6124 1.6800000000
181 342.5141 1.6800000000
182 344.4162 1.6800000000
183 346.3177 1.6800000000
184 348.2200 1.6800000000
185 350.1229 1.6800000000
186 352.0247 1.6800000000
187 353.9273 1.6800000000
188 355.8303 1.6800000000
189 357.7320 1.6800000000
190 359.6331 1.6800000000
191 361.5355 1.6800000000
192 363.4365 1.6800000000
193 365.3390 1.6800000000
194 367.2418 1.6800000000
195 369.1443 1.6800000000
196 371.0461 1.6800000000
197 372.9477 1.6800000000
198 374.8500 1.6800000000
199 376.7519 1.6800000000
200 378.6539 1.6800000000
