1 0.0000 0.0934166667
2 1.9115 0.0564666667
3 3.8156 0.0396666667
4 5.7197 0.0295333333
5 7.6241 0.0231500000
6 9.5300 0.0184833333
7 11.4346 0.0153833333
8 13.3436 0.0124333333
9 15.2527 0.0103000000
10 17.1573 0.0080500000
11 19.0612 0.0062166667
12 20.9652 0.0046500000
13 22.8680 0.0033833333
14 24.7718 0.0026333333
15 26.6743 0.0018833333
16 28.5780 0.0013833333
17 30.4817 0.0009833333
18 32.3857 0.0008000000
19 34.2887 0.0006166667
20 36.1969 0.0004500000
21 38.1001 0.0003166667
22 40.0038 0.0002666667
23 41.9060 0.0002000000
24 43.8094 0.0001666667
25 45.7115 0.0001000000
26 47.6147 0.0000833333
27 49.5187 0.0000666667
28 51.4213 0.0000500000
29 53.3243 0.0000333333
30 55.2272 0.0000333333
31 57.1308 0.0000333333
32 59.0340 0.0000166667
33 60.9362 0.0000166667
34 62.8395 0.0000166667
35 64.7417 0.0000000000
36 66.6453 0.0000000000
37 68.5477 0.0000000000
38 70.4510 0.0000000000
39 72.3553 0.0000000000
40 74.2579 0.0000000000
41 76.1613 0.0000000000
42 78.0654 0.0000000000
43 79.9676 0.0000000000
44 81.8708 0.0000000000
45 83.7726 0.0000000000
46 85.6751 0.0000000000
47 87.5780 0.0000000000
48 89.4811 0.0000000000
49 91.3830 0.0000000000
50 93.2859 0.0000000000
51 95.1883 0.0000000000
52 97.0915 0.0000000000
53 98.9939 0.0000000000
54 100.8958 0.0000000000
55 102.7966 0.0000000000
56 104.7010 0.0000000000
57 106.6028 0.0000000000
58 108.5050 0.0000000000
59 110.4073 0.0000000000
60 112.3106 0.0000000000
61 114.2127 0.0000000000
62 116.1168 0.0000000000
63 118.0190 0.0000000000
64 119.9224 0.0000000000
65 121.8247 0.0000000000
66 123.7263 0.0000000000
67 125.6293 0.0000000000
68 127.5323 0.0000000000
69 129.4343 0.0000000000
70 131.3361 0.0000000000
71 133.2381 0.0000000000
72 135.1404 0.0000000000
73 137.0438 0.0000000000
74 138.9469 0.0000000000
75 140.8504 0.0000000000
76 142.7539 0.0000000000
77 144.6561 0.0000000000
78 146.5593 0.0000000000
79 148.4617 0.0000000000
80 150.3641 0.0000000000
81 152.2666 0.0000000000
82 154.1695 0.0000000000
83 156.0724 0.0000000000
84 157.9736 0.0000000000
85 159.8760 0.0000000000
86 161.7791 0.0000000000
87 163.6807 0.0000000000
88 165.5826 0.0000000000
89 167.4851 0.0000000000
90 169.3880 0.0000000000
91 171.2900 0.0000000000
92 173.1933 0.0000000000
93 175.0947 0.0000000000
94 176.9970 0.0000000000
95 178.8987 0.0000000000
96 180.8020 0.0000000000
97 182.7047 0.0000000000
98 184.6063 0.0000000000
99 186.5087 0.0000000000
100 188.4107 0.0000000000
101 190.3131 0.0000000000
102 192.2163 0.0000000000
103 194.1198 0.0000000000
104 196.0226 0.0000000000
105 197.9241 0.0000000000
106 199.8260 0.0000000000
107 201.7276 0.0000000000
108 203.6298 0.0000000000
109 205.5317 0.0000000000
110 207.4350 0.0000000000
111 209.3393 0.0000000000
112 211.2415 0.0000000000
113 213.1438 0.0000000000
114 215.0456 0.0000000000
115 216.9463 0.0000000000
116 218.8480 0.0000000000
117 220.7499 0.0000000000
118 222.6521 0.0000000000
119 224.5550 0.0000000000
120 226.4575 0.0000000000
121 228.3594 0.0000000000
122 230.2631 0.0000000000
123 232.1655 0.0000000000
124 234.0684 0.0000000000
125 235.9705 0.0000000000
126 237.8847 0.0000000000
127 239.7858 0.0000000000
128 241.6887 0.0000000000
129 243.5916 0.0000000000
130 245.4935 0.0000000000
131 247.3970 0.0000000000
132 249.3003 0.0000000000
133 251.2019 0.0000000000
134 253.1051 0.0000000000
135 255.0053 0.0000000000
136 256.9074 0.0000000000
137 258.8096 0.0000000000
138 260.7118 0.0000000000
139 262.6148 0.0000000000
140 264.5184 0.0000000000
141 266.4209 0.0000000000
142 268.3231 0.0000000000
143 270.2253 0.0000000000
144 272.1279 0.0000000000
145 274.0298 0.0000000000
146 275.9312 0.0000000000
147 277.8340 0.0000000000
148 279.7364 0.0000000000
149 281.6386 0.0000000000
150 283.5401 0.0000000000
151 285.4414 0.0000000000
152 287.3427 0.0000000000
153 289.2463 0.0000000000
154 291.1489 0.0000000000
155 293.0514 0.0000000000
156 294.9543 0.0000000000
157 296.8570 0.0000000000
158 298.7597 0.0000000000
159 300.6637 0.0000000000
160 302.5665 0.0000000000
161 304.4683 0.0000000000
162 306.3701 0.0000000000
163 308.2741 0.0000000000
164 310.1762 0.0000000000
165 312.0781 0.0000000000
166 313.9796 0.0000000000
167 315.8810 0.0000000000
168 317.7847 0.0000000000
169 319.6865 0.0000000000
170 321.5890 0.0000000000
171 323.4915 0.0000000000
172 325.3936 0.0000000000
173 327.2944 0.0000000000
174 329.1968 0.0000000000
175 331.0998 0.0000000000
176 333.0031 0.0000000000
177 334.9056 0.0000000000
178 336.8078 0.0000000000
179 338.7106 0.0000000000
180 340.6124 0.0000000000
181 342.5141 0.0000000000
182 344.4162 0.0000000000
183 346.3177 0.0000000000
184 348.2200 0.0000000000
185 350.1229 0.0000000000
186 352.0247 0.0000000000
187 353.9273 0.0000000000
188 355.8303 0.0000000000
189 357.7320 0.0000000000
190 359.6331 0.0000000000
191 361.5355 0.0000000000
192 363.4365 0.0000000000
193 365.3390 0.0000000000
194 367.2418 0.0000000000
195 369.1443 0.0000000000
196 371.0461 0.0000000000
197 372.9477 0.0000000000
198 374.8500 0.0000000000
199 376.7519 0.0000000000
200 378.6539 0.0000000000
