1 0.0000 4.4500000000
2 1.9382 3.2900000000
3 3.8696 2.8800000000
4 5.7996 2.6100000000
5 7.7314 2.4200000000
6 9.6634 2.4400000000
7 11.6022 2.3200000000
8 13.5327 2.2700000000
9 15.4626 2.1700000000
10 17.3939 2.1200000000
11 19.3268 2.1600000000
12 21.2690 2.1500000000
13 23.2012 2.1300000000
14 25.1334 2.1000000000
15 27.0670 2.1000000000
16 28.9990 2.0500000000
17 30.9325 2.0000000000
18 32.8635 2.0600000000
19 34.7957 2.0200000000
20 36.7283 2.0100000000
21 38.6584 2.0200000000
22 40.5896 2.0300000000
23 42.5205 2.0100000000
24 44.4515 2.0100000000
25 46.3845 1.9800000000
26 48.3162 2.0100000000
27 50.2480 2.0000000000
28 52.1803 2.0100000000
29 54.1129 1.9900000000
30 56.0448 1.9800000000
31 57.9756 2.0000000000
32 59.9068 1.9800000000
33 61.8375 1.9500000000
34 63.7697 1.9900000000
35 65.7018 1.9500000000
36 67.6333 1.9800000000
37 69.5640 1.9600000000
38 71.4972 1.9700000000
39 73.4278 1.9400000000
40 75.3588 1.9800000000
41 77.2890 1.9200000000
42 79.2200 1.9800000000
43 81.1550 1.9600000000
44 83.0919 1.9400000000
45 85.0231 1.9500000000
46 86.9589 1.9500000000
47 88.8923 1.9100000000
48 90.8261 1.9100000000
49 92.7613 1.9100000000
50 94.6926 1.9100000000
51 96.6281 1.9100000000
52 98.5619 1.9200000000
53 100.4943 1.9000000000
54 102.4288 1.8900000000
55 104.3597 1.9100000000
56 106.2931 1.8600000000
57 108.2258 1.8900000000
58 110.1596 1.8800000000
59 112.0915 1.8900000000
60 114.0253 1.8400000000
61 115.9626 1.8800000000
62 117.9212 1.8600000000
63 119.8592 1.8900000000
64 121.7911 1.8900000000
65 123.7245 1.9000000000
66 125.6569 1.8600000000
67 127.5889 1.8600000000
68 129.5235 1.8200000000
69 131.4550 1.8800000000
70 133.3887 1.8300000000
71 135.3201 1.8900000000
72 137.2536 1.8500000000
73 139.1868 1.8700000000
74 141.1181 1.8500000000
75 143.0510 1.8600000000
76 144.9836 1.8400000000
77 146.9143 1.8500000000
78 148.8481 1.8400000000
79 150.7794 1.8300000000
80 152.7145 1.8100000000
81 154.6407 1.8300000000
82 156.5701 1.8600000000
83 158.4992 1.8500000000
84 160.4280 1.8200000000
85 162.3574 1.8400000000
86 164.2860 1.8300000000
87 166.2149 1.8500000000
88 168.1472 1.8000000000
89 170.0814 1.8500000000
90 172.0136 1.8500000000
91 173.9456 1.8700000000
92 175.8762 1.8200000000
93 177.8062 1.8300000000
94 179.7382 1.8400000000
95 181.6685 1.8100000000
96 183.5983 1.8400000000
97 185.5289 1.8200000000
98 187.4603 1.8400000000
99 189.3923 1.8100000000
100 191.3257 1.8600000000
101 193.2573 1.8500000000
102 195.1876 1.8500000000
103 197.1163 1.8100000000
104 199.0479 1.8300000000
105 200.9770 1.8300000000
106 202.9085 1.8400000000
107 204.8376 1.8000000000
108 206.7694 1.8700000000
109 208.7004 1.8300000000
110 210.6342 1.8500000000
111 212.5663 1.8300000000
112 214.4988 1.8400000000
113 216.4291 1.8100000000
114 218.3602 1.8800000000
115 220.2912 1.8600000000
116 222.2210 1.8000000000
117 224.1523 1.8400000000
118 226.0843 1.8100000000
119 228.0143 1.8500000000
120 229.9448 1.8100000000
121 231.8745 1.8500000000
122 233.8045 1.8200000000
123 235.7357 1.8500000000
124 237.6661 1.8300000000
125 239.5962 1.8100000000
126 241.5263 1.8300000000
127 243.4560 1.8200000000
128 245.3868 1.8300000000
129 247.3206 1.8000000000
130 249.2572 1.8300000000
131 251.1873 1.8100000000
132 253.1186 1.8100000000
133 255.0499 1.8100000000
134 256.9814 1.8400000000
135 258.9114 1.8400000000
136 260.8415 1.8100000000
137 262.7719 1.8400000000
138 264.7032 1.8200000000
139 266.6355 1.8500000000
140 268.5659 1.8300000000
141 270.4993 1.8400000000
142 272.4325 1.8300000000
143 274.3638 1.8400000000
144 276.2936 1.8300000000
145 278.2234 1.8500000000
146 280.1540 1.8300000000
147 282.0820 1.8300000000
148 284.0133 1.8200000000
149 285.9434 1.8400000000
150 287.8738 1.8100000000
151 289.8030 1.8600000000
152 291.7336 1.8400000000
153 293.6638 1.8300000000
154 295.5939 1.8300000000
155 297.5229 1.8500000000
156 299.4544 1.8200000000
157 301.3850 1.8300000000
158 303.3140 1.8500000000
159 305.2461 1.8300000000
160 307.1874 1.8300000000
161 309.1246 1.8500000000
162 311.0615 1.8600000000
163 312.9976 1.8500000000
164 314.9334 1.8600000000
165 316.8695 1.8200000000
166 318.8058 1.8700000000
167 320.7410 1.8500000000
168 322.6761 1.8500000000
169 324.6147 1.8600000000
170 326.5538 1.8400000000
171 328.4915 1.8600000000
172 330.4316 1.8500000000
173 332.3690 1.8400000000
174 334.3064 1.8300000000
175 336.2437 1.8600000000
176 338.1826 1.8500000000
177 340.1199 1.8200000000
178 342.0562 1.8800000000
179 343.9944 1.8500000000
180 345.9309 1.8700000000
181 347.8685 1.8400000000
182 349.8037 1.8500000000
183 351.7416 1.8600000000
184 353.6792 1.8400000000
185 355.6158 1.8600000000
186 357.5542 1.8400000000
187 359.4910 1.8500000000
188 361.4273 1.8400000000
189 363.3643 1.8400000000
190 365.3011 1.8300000000
191 367.2362 1.8600000000
192 369.1725 1.8600000000
193 371.1081 1.8500000000
194 373.0434 1.8400000000
195 374.9801 1.8600000000
196 376.9159 1.8400000000
197 378.8508 1.8500000000
198 380.7885 1.8600000000
199 382.7266 1.8300000000
200 384.6632 1.8400000000
