1 0.0000 0.0707333333
2 1.9382 0.0325000000
3 3.8696 0.0223000000
4 5.7996 0.0168666667
5 7.7314 0.0132500000
6 9.6634 0.0105666667
7 11.6022 0.0084666667
8 13.5327 0.0067166667
9 15.4626 0.0055000000
10 17.3939 0.0043500000
11 19.3268 0.0034666667
12 21.2690 0.0028500000
13 23.2012 0.0025333333
14 25.1334 0.0021666667
15 27.0670 0.0019333333
16 28.9990 0.0017666667
17 30.9325 0.0015833333
18 32.8635 0.0014000000
19 34.7957 0.0012166667
20 36.7283 0.0011333333
21 38.6584 0.0011166667
22 40.5896 0.0010000000
23 42.5205 0.0009500000
24 44.4515 0.0009000000
25 46.3845 0.0009000000
26 48.3162 0.0008666667
27 50.2480 0.0008333333
28 52.1803 0.0008166667
29 54.1129 0.0007333333
30 56.0448 0.0007166667
31 57.9756 0.0007333333
32 59.9068 0.0007166667
33 61.8375 0.0006833333
34 63.7697 0.0006666667
35 65.7018 0.0006666667
36 67.6333 0.0006833333
37 69.5640 0.0006166667
38 71.4972 0.0006333333
39 73.4278 0.0006166667
40 75.3588 0.0006333333
41 77.2890 0.0006166667
42 79.2200 0.0006000000
43 81.1550 0.0006000000
44 83.0919 0.0006166667
45 85.0231 0.0006000000
46 86.9589 0.0006000000
47 88.8923 0.0006000000
48 90.8261 0.0006000000
49 92.7613 0.0005833333
50 94.6926 0.0005833333
51 96.6281 0.0005833333
52 98.5619 0.0005666667
53 100.4943 0.0005833333
54 102.4288 0.0005666667
55 104.3597 0.0005833333
56 106.2931 0.0005666667
57 108.2258 0.0005833333
58 110.1596 0.0005833333
59 112.0915 0.0005333333
60 114.0253 0.0005666667
61 115.9626 0.0005500000
62 117.9212 0.0005500000
63 119.8592 0.0005666667
64 121.7911 0.0005333333
65 123.7245 0.0005166667
66 125.6569 0.0005500000
67 127.5889 0.0005500000
68 129.5235 0.0005500000
69 131.4550 0.0005333333
70 133.3887 0.0004833333
71 135.3201 0.0005166667
72 137.2536 0.0005000000
73 139.1868 0.0005166667
74 141.1181 0.0005000000
75 143.0510 0.0005333333
76 144.9836 0.0005000000
77 146.9143 0.0004833333
78 148.8481 0.0005166667
79 150.7794 0.0004666667
80 152.7145 0.0005166667
81 154.6407 0.0005000000
82 156.5701 0.0005000000
83 158.4992 0.0004833333
84 160.4280 0.0004666667
85 162.3574 0.0004833333
86 164.2860 0.0005166667
87 166.2149 0.0004833333
88 168.1472 0.0004500000
89 170.0814 0.0004833333
90 172.0136 0.0004500000
91 173.9456 0.0004333333
92 175.8762 0.0004500000
93 177.8062 0.0004500000
94 179.7382 0.0004666667
95 181.6685 0.0004500000
96 183.5983 0.0004666667
97 185.5289 0.0004500000
98 187.4603 0.0004333333
99 189.3923 0.0004833333
100 191.3257 0.0004333333
101 193.2573 0.0004500000
102 195.1876 0.0004333333
103 197.1163 0.0004333333
104 199.0479 0.0004666667
105 200.9770 0.0004333333
106 202.9085 0.0004500000
107 204.8376 0.0004000000
108 206.7694 0.0004500000
109 208.7004 0.0004333333
110 210.6342 0.0004000000
111 212.5663 0.0004166667
112 214.4988 0.0004666667
113 216.4291 0.0004166667
114 218.3602 0.0004500000
115 220.2912 0.0004000000
116 222.2210 0.0004000000
117 224.1523 0.0004500000
118 226.0843 0.0004333333
119 228.0143 0.0004000000
120 229.9448 0.0004000000
121 231.8745 0.0004333333
122 233.8045 0.0004166667
123 235.7357 0.0004166667
124 237.6661 0.0004166667
125 239.5962 0.0004166667
126 241.5263 0.0004500000
127 243.4560 0.0004000000
128 245.3868 0.0004000000
129 247.3206 0.0004500000
130 249.2572 0.0004000000
131 251.1873 0.0004500000
132 253.1186 0.0003666667
133 255.0499 0.0003833333
134 256.9814 0.0003833333
135 258.9114 0.0004333333
136 260.8415 0.0004000000
137 262.7719 0.0004000000
138 264.7032 0.0003833333
139 266.6355 0.0003833333
140 268.5659 0.0003666667
141 270.4993 0.0003833333
142 272.4325 0.0004000000
143 274.3638 0.0004000000
144 276.2936 0.0004166667
145 278.2234 0.0003833333
146 280.1540 0.0003833333
147 282.0820 0.0004000000
148 284.0133 0.0003500000
149 285.9434 0.0003833333
150 287.8738 0.0004000000
151 289.8030 0.0003666667
152 291.7336 0.0004166667
153 293.6638 0.0003666667
154 295.5939 0.0003500000
155 297.5229 0.0003833333
156 299.4544 0.0003666667
157 301.3850 0.0003666667
158 303.3140 0.0003500000
159 305.2461 0.0003666667
160 307.1874 0.0003833333
161 309.1246 0.0003666667
162 311.0615 0.0003500000
163 312.9976 0.0003500000
164 314.9334 0.0003833333
165 316.8695 0.0003666667
166 318.8058 0.0003666667
167 320.7410 0.0003666667
168 322.6761 0.0003666667
169 324.6147 0.0003666667
170 326.5538 0.0003666667
171 328.4915 0.0003500000
172 330.4316 0.0003500000
173 332.3690 0.0003666667
174 334.3064 0.0003500000
175 336.2437 0.0003666667
176 338.1826 0.0003500000
177 340.1199 0.0003500000
178 342.0562 0.0003333333
179 343.9944 0.0003333333
180 345.9309 0.0003166667
181 347.8685 0.0003333333
182 349.8037 0.0003500000
183 351.7416 0.0003333333
184 353.6792 0.0003166667
185 355.6158 0.0003500000
186 357.5542 0.0003166667
187 359.4910 0.0003666667
188 361.4273 0.0003166667
189 363.3643 0.0003666667
190 365.3011 0.0003500000
191 367.2362 0.0003166667
192 369.1725 0.0003000000
193 371.1081 0.0003500000
194 373.0434 0.0003166667
195 374.9801 0.0003333333
196 376.9159 0.0003000000
197 378.8508 0.0003166667
198 380.7885 0.0003333333
199 382.7266 0.0003333333
200 384.6632 0.0003333333
