1 0.0000 4.7200000000
2 4.2765 3.5400000000
3 8.3775 2.8300000000
4 12.4790 2.4700000000
5 16.5799 2.4100000000
6 20.6738 2.3200000000
7 24.7736 2.1800000000
8 28.8697 2.1000000000
9 32.9812 1.9200000000
10 37.0797 1.9700000000
11 41.1786 1.9100000000
12 45.2742 1.8500000000
13 49.3724 1.8600000000
14 53.4686 1.7400000000
15 57.5669 1.7200000000
16 61.6653 1.7500000000
17 65.7674 1.6000000000
18 69.8679 1.5400000000
19 73.9661 1.5800000000
20 78.0634 1.5100000000
21 82.1603 1.4500000000
22 86.2582 1.5600000000
23 90.3566 1.4600000000
24 94.4556 1.4800000000
25 98.5513 1.5200000000
26 102.6480 1.5200000000
27 106.7435 1.4800000000
28 110.8414 1.5000000000
29 114.9378 1.5300000000
30 119.0371 1.4100000000
31 123.1514 1.4400000000
32 127.2634 1.4400000000
33 131.3683 1.4300000000
34 135.4760 1.3500000000
35 139.5834 1.4300000000
36 143.6905 1.4700000000
37 147.8014 1.5000000000
38 151.9095 1.3200000000
39 156.0146 1.4400000000
40 160.1235 1.4300000000
41 164.2299 1.4600000000
42 168.3370 1.3700000000
43 172.4420 1.2900000000
44 176.5507 1.4400000000
45 180.6911 1.3400000000
46 184.8083 1.3000000000
47 189.0146 1.3300000000
48 193.2303 1.4300000000
49 197.3987 1.3000000000
50 201.4978 1.2600000000
51 205.6713 1.3900000000
52 209.7958 1.3100000000
53 213.9238 1.3200000000
54 218.0525 1.3200000000
55 222.1631 1.2900000000
56 226.3104 1.2400000000
57 230.4111 1.2300000000
58 234.5123 1.2000000000
59 238.6243 1.3100000000
60 242.7474 1.2800000000
61 246.8510 1.2500000000
62 250.9495 1.2700000000
63 255.0499 1.3400000000
64 259.1480 1.3600000000
65 263.2444 1.3300000000
66 267.3439 1.3400000000
67 271.4470 1.1500000000
68 275.5458 1.2900000000
69 279.6427 1.3100000000
70 283.7394 1.3500000000
71 287.8397 1.2600000000
72 291.9380 1.3200000000
73 296.0277 1.2800000000
74 300.1258 1.2800000000
75 304.2239 1.2600000000
76 308.3255 1.3400000000
77 312.4297 1.3500000000
78 316.5308 1.3000000000
79 320.6308 1.3800000000
80 324.7271 1.3100000000
81 328.8228 1.2500000000
82 332.9195 1.1800000000
83 337.0222 1.2300000000
84 341.1140 1.2300000000
85 345.1816 1.2900000000
86 349.2575 1.3000000000
87 353.3306 1.2100000000
88 357.4030 1.2500000000
89 361.4749 1.2200000000
90 365.5470 1.4000000000
91 369.6214 1.2600000000
92 373.6937 1.2400000000
93 377.7648 1.1200000000
94 381.8456 1.2700000000
95 385.9156 1.3200000000
96 389.9880 1.2100000000
97 394.0590 1.3100000000
98 398.1320 1.3200000000
99 402.2082 1.3300000000
100 406.2814 1.2600000000
101 410.3547 1.1700000000
102 414.4300 1.1800000000
103 418.5037 1.2400000000
104 422.5786 1.2700000000
105 426.6596 1.1900000000
106 430.7405 1.2800000000
107 434.8244 1.2600000000
108 438.9064 1.2300000000
109 442.9865 1.1800000000
110 447.0630 1.1900000000
111 451.1453 1.1800000000
112 455.2301 1.2800000000
113 459.3106 1.1700000000
114 463.3861 1.2400000000
115 467.4593 1.1700000000
116 471.5343 1.1600000000
117 475.6095 1.3000000000
118 479.6822 1.1600000000
119 483.7587 1.1800000000
120 487.8329 1.3400000000
121 491.9107 1.3100000000
122 495.9818 1.2200000000
123 500.0520 1.1500000000
124 504.1243 1.1900000000
125 508.1994 1.2600000000
126 512.2737 1.2000000000
127 516.3394 1.2900000000
128 520.4094 1.2100000000
129 524.4821 1.2800000000
130 528.5597 1.2200000000
131 532.6344 1.1900000000
132 536.7076 1.2200000000
133 540.7835 1.1900000000
134 544.8638 1.2600000000
135 549.0060 1.2100000000
136 553.0821 1.1700000000
137 557.1584 1.3100000000
138 561.2322 1.2700000000
139 565.3058 1.2000000000
140 569.3812 1.2400000000
141 573.4541 1.2500000000
142 577.5319 1.2300000000
143 581.6076 1.2300000000
144 585.6810 1.2300000000
145 589.7544 1.2900000000
146 593.8306 1.2100000000
147 597.9077 1.1700000000
148 601.9901 1.1900000000
149 606.0757 1.1800000000
150 610.1703 1.1900000000
151 614.2510 1.1900000000
152 618.3396 1.1400000000
153 622.4155 1.2000000000
154 626.4881 1.2300000000
155 630.5576 1.1900000000
156 634.6323 1.2300000000
157 638.7086 1.1200000000
158 642.7870 1.1800000000
159 646.8633 1.1800000000
160 650.9362 1.2400000000
161 655.0124 1.1300000000
162 659.0887 1.2600000000
163 663.1645 1.1700000000
164 667.2420 1.2100000000
165 671.3173 1.1400000000
166 675.3970 1.2000000000
167 679.4757 1.2900000000
168 683.5489 1.2000000000
169 687.6212 1.3000000000
170 691.6965 1.2200000000
171 695.7774 1.2400000000
172 699.8534 1.2400000000
173 703.9296 1.2900000000
174 708.0030 1.2700000000
175 712.0755 1.2300000000
176 716.1503 1.3100000000
177 720.2257 1.2500000000
178 724.3060 1.2800000000
179 728.3812 1.1500000000
180 732.4621 1.2100000000
181 736.5385 1.1100000000
182 740.6077 1.2900000000
183 744.6840 1.1800000000
184 748.7593 1.1600000000
185 752.8300 1.2400000000
186 756.9098 1.2400000000
187 760.9954 1.2300000000
188 765.0859 1.2300000000
189 769.1741 1.2300000000
190 773.2539 1.2200000000
191 777.3374 1.2100000000
192 781.4214 1.2100000000
193 785.5083 1.2700000000
194 789.6035 1.1900000000
195 793.6937 1.1900000000
196 797.7910 1.1900000000
197 801.8761 1.2800000000
198 805.9615 1.2000000000
199 810.0437 1.1800000000
200 814.1320 1.2400000000
