1 0.0000 0.0721166667
2 4.2765 0.0342166667
3 8.3775 0.0246333333
4 12.4790 0.0195500000
5 16.5799 0.0161833333
6 20.6738 0.0136833333
7 24.7736 0.0121500000
8 28.8697 0.0104333333
9 32.9812 0.0095833333
10 37.0797 0.0083666667
11 41.1786 0.0074500000
12 45.2742 0.0065166667
13 49.3724 0.0060000000
14 53.4686 0.0053666667
15 57.5669 0.0044000000
16 61.6653 0.0040166667
17 65.7674 0.0037833333
18 69.8679 0.0035833333
19 73.9661 0.0030166667
20 78.0634 0.0027333333
21 82.1603 0.0023833333
22 86.2582 0.0023500000
23 90.3566 0.0022333333
24 94.4556 0.0021000000
25 98.5513 0.0018666667
26 102.6480 0.0020833333
27 106.7435 0.0015500000
28 110.8414 0.0014833333
29 114.9378 0.0014166667
30 119.0371 0.0012833333
31 123.1514 0.0011833333
32 127.2634 0.0012000000
33 131.3683 0.0010833333
34 135.4760 0.0009666667
35 139.5834 0.0008166667
36 143.6905 0.0008333333
37 147.8014 0.0007833333
38 151.9095 0.0006500000
39 156.0146 0.0008166667
40 160.1235 0.0007000000
41 164.2299 0.0005500000
42 168.3370 0.0005833333
43 172.4420 0.0005000000
44 176.5507 0.0005500000
45 180.6911 0.0005333333
46 184.8083 0.0004833333
47 189.0146 0.0002666667
48 193.2303 0.0004333333
49 197.3987 0.0004333333
50 201.4978 0.0003333333
51 205.6713 0.0004000000
52 209.7958 0.0003166667
53 213.9238 0.0003500000
54 218.0525 0.0003166667
55 222.1631 0.0002666667
56 226.3104 0.0002500000
57 230.4111 0.0002500000
58 234.5123 0.0002666667
59 238.6243 0.0002500000
60 242.7474 0.0002166667
61 246.8510 0.0002333333
62 250.9495 0.0001000000
63 255.0499 0.0002000000
64 259.1480 0.0002000000
65 263.2444 0.0003000000
66 267.3439 0.0002000000
67 271.4470 0.0001000000
68 275.5458 0.0001000000
69 279.6427 0.0001333333
70 283.7394 0.0001833333
71 287.8397 0.0001666667
72 291.9380 0.0001166667
73 296.0277 0.0000833333
74 300.1258 0.0000500000
75 304.2239 0.0000666667
76 308.3255 0.0001166667
77 312.4297 0.0000666667
78 316.5308 0.0001333333
79 320.6308 0.0001166667
80 324.7271 0.0000833333
81 328.8228 0.0001166667
82 332.9195 0.0000500000
83 337.0222 0.0000500000
84 341.1140 0.0001166667
85 345.1816 0.0000500000
86 349.2575 0.0000166667
87 353.3306 0.0000666667
88 357.4030 0.0000666667
89 361.4749 0.0001000000
90 365.5470 0.0000666667
91 369.6214 0.0000833333
92 373.6937 0.0000333333
93 377.7648 0.0000666667
94 381.8456 0.0000500000
95 385.9156 0.0000500000
96 389.9880 0.0000666667
97 394.0590 0.0000333333
98 398.1320 0.0000666667
99 402.2082 0.0000166667
100 406.2814 0.0001000000
101 410.3547 0.0000500000
102 414.4300 0.0000500000
103 418.5037 0.0000333333
104 422.5786 0.0000000000
105 426.6596 0.0000000000
106 430.7405 0.0000500000
107 434.8244 0.0000000000
108 438.9064 0.0000333333
109 442.9865 0.0000666667
110 447.0630 0.0001000000
111 451.1453 0.0000500000
112 455.2301 0.0000166667
113 459.3106 0.0000333333
114 463.3861 0.0000000000
115 467.4593 0.0000333333
116 471.5343 0.0000666667
117 475.6095 0.0000333333
118 479.6822 0.0000333333
119 483.7587 0.0000166667
120 487.8329 0.0000166667
121 491.9107 0.0000166667
122 495.9818 0.0000500000
123 500.0520 0.0000166667
124 504.1243 0.0000166667
125 508.1994 0.0000166667
126 512.2737 0.0000333333
127 516.3394 0.0000500000
128 520.4094 0.0000166667
129 524.4821 0.0000333333
130 528.5597 0.0000166667
131 532.6344 0.0000000000
132 536.7076 0.0000666667
133 540.7835 0.0000166667
134 544.8638 0.0000000000
135 549.0060 0.0000333333
136 553.0821 0.0000166667
137 557.1584 0.0000333333
138 561.2322 0.0000333333
139 565.3058 0.0000166667
140 569.3812 0.0000000000
141 573.4541 0.0000166667
142 577.5319 0.0000000000
143 581.6076 0.0000166667
144 585.6810 0.0000333333
145 589.7544 0.0000000000
146 593.8306 0.0000166667
147 597.9077 0.0000000000
148 601.9901 0.0000000000
149 606.0757 0.0000166667
150 610.1703 0.0000333333
151 614.2510 0.0000000000
152 618.3396 0.0000000000
153 622.4155 0.0000000000
154 626.4881 0.0000000000
155 630.5576 0.0000000000
156 634.6323 0.0000166667
157 638.7086 0.0000333333
158 642.7870 0.0000166667
159 646.8633 0.0000000000
160 650.9362 0.0000000000
161 655.0124 0.0000500000
162 659.0887 0.0000000000
163 663.1645 0.0000000000
164 667.2420 0.0000000000
165 671.3173 0.0000166667
166 675.3970 0.0000166667
167 679.4757 0.0000000000
168 683.5489 0.0000166667
169 687.6212 0.0000000000
170 691.6965 0.0000000000
171 695.7774 0.0000000000
172 699.8534 0.0000000000
173 703.9296 0.0000166667
174 708.0030 0.0000000000
175 712.0755 0.0000166667
176 716.1503 0.0000000000
177 720.2257 0.0000166667
178 724.3060 0.0000000000
179 728.3812 0.0000166667
180 732.4621 0.0000333333
181 736.5385 0.0000000000
182 740.6077 0.0000000000
183 744.6840 0.0000000000
184 748.7593 0.0000166667
185 752.8300 0.0000333333
186 756.9098 0.0000000000
187 760.9954 0.0000000000
188 765.0859 0.0000166667
189 769.1741 0.0000000000
190 773.2539 0.0000000000
191 777.3374 0.0000000000
192 781.4214 0.0000000000
193 785.5083 0.0000000000
194 789.6035 0.0000000000
195 793.6937 0.0000166667
196 797.7910 0.0000166667
197 801.8761 0.0000000000
198 805.9615 0.0000000000
199 810.0437 0.0000000000
200 814.1320 0.0000166667
