1 0.0000 4.4000000000
2 1.9210 3.3100000000
3 3.8413 2.8800000000
4 5.7608 2.5600000000
5 7.6815 2.3900000000
6 9.6024 2.3300000000
7 11.5208 2.3500000000
8 13.4398 2.2500000000
9 15.3661 2.2000000000
10 17.2892 2.0900000000
11 19.2165 2.0800000000
12 21.1523 2.1000000000
13 23.0846 2.0300000000
14 25.0188 2.0200000000
15 26.9507 1.9800000000
16 28.8850 2.0100000000
17 30.8177 1.9400000000
18 32.7528 1.9300000000
19 34.7090 1.9500000000
20 36.6512 1.8800000000
21 38.6059 1.9000000000
22 40.5580 1.9100000000
23 42.5147 1.9000000000
24 44.4548 1.8700000000
25 46.3911 1.8700000000
26 48.3357 1.8300000000
27 50.2797 1.7900000000
28 52.2284 1.7900000000
29 54.1759 1.7400000000
30 56.1136 1.7400000000
31 58.0633 1.7000000000
32 60.0128 1.7100000000
33 61.9572 1.6900000000
34 63.8935 1.6700000000
35 65.8282 1.7000000000
36 67.7626 1.6800000000
37 69.6944 1.6900000000
38 71.6325 1.6900000000
39 73.5633 1.6800000000
40 75.4938 1.6900000000
41 77.4256 1.7000000000
42 79.3572 1.6900000000
43 81.2878 1.7200000000
44 83.2182 1.6900000000
45 85.1494 1.6800000000
46 87.0801 1.6900000000
47 89.0103 1.6900000000
48 90.9403 1.6900000000
49 92.8740 1.7100000000
50 94.8069 1.6900000000
51 96.7393 1.7000000000
52 98.6729 1.6900000000
53 100.6068 1.6900000000
54 102.5401 1.7000000000
55 104.4739 1.7300000000
56 106.4109 1.7100000000
57 108.3474 1.7200000000
58 110.2924 1.7300000000
59 112.2272 1.7200000000
60 114.1594 1.7200000000
61 116.0909 1.7300000000
62 118.0216 1.7200000000
63 119.9520 1.7300000000
64 121.8817 1.7200000000
65 123.8127 1.7400000000
66 125.7445 1.7200000000
67 127.6762 1.7400000000
68 129.6073 1.7200000000
69 131.5381 1.7400000000
70 133.4691 1.7400000000
71 135.3990 1.7200000000
72 137.3304 1.7500000000
73 139.2608 1.7000000000
74 141.1904 1.7100000000
75 143.1200 1.7200000000
76 145.0522 1.7400000000
77 146.9822 1.7000000000
78 148.9142 1.7100000000
79 150.8432 1.7200000000
80 152.7732 1.7100000000
81 154.7038 1.7000000000
82 156.6332 1.7000000000
83 158.5639 1.7000000000
84 160.4953 1.6900000000
85 162.4230 1.7100000000
86 164.3542 1.7000000000
87 166.2868 1.6900000000
88 168.2182 1.7100000000
89 170.1484 1.6800000000
90 172.0808 1.7000000000
91 174.0117 1.6700000000
92 175.9465 1.7100000000
93 177.8773 1.6700000000
94 179.8087 1.6800000000
95 181.7389 1.7100000000
96 183.6694 1.7000000000
97 185.6011 1.6900000000
98 187.5323 1.7000000000
99 189.4635 1.7000000000
100 191.3936 1.6700000000
101 193.3291 1.6900000000
102 195.2656 1.6700000000
103 197.1976 1.6700000000
104 199.1289 1.7000000000
105 201.0606 1.6500000000
106 202.9918 1.7100000000
107 204.9241 1.7000000000
108 206.8533 1.6800000000
109 208.7836 1.7000000000
110 210.7178 1.7000000000
111 212.6524 1.7000000000
112 214.5875 1.6800000000
113 216.5199 1.7000000000
114 218.4505 1.6900000000
115 220.3817 1.7200000000
116 222.3107 1.6900000000
117 224.2451 1.6900000000
118 226.1846 1.6900000000
119 228.1159 1.7000000000
120 230.0483 1.6800000000
121 231.9804 1.6700000000
122 233.9103 1.6800000000
123 235.8410 1.7000000000
124 237.7715 1.6800000000
125 239.7024 1.6800000000
126 241.6342 1.6900000000
127 243.5639 1.6800000000
128 245.5012 1.7000000000
129 247.4359 1.6800000000
130 249.3716 1.6900000000
131 251.3063 1.6800000000
132 253.2426 1.7000000000
133 255.1833 1.6800000000
134 257.1191 1.6900000000
135 259.0546 1.6700000000
136 260.9923 1.7000000000
137 262.9253 1.6400000000
138 264.8601 1.7200000000
139 266.7930 1.6700000000
140 268.7277 1.7000000000
141 270.6616 1.6500000000
142 272.5955 1.7100000000
143 274.5283 1.6700000000
144 276.4633 1.6900000000
145 278.3962 1.6700000000
146 280.3275 1.6900000000
147 282.2581 1.6500000000
148 284.1886 1.6800000000
149 286.1186 1.6700000000
150 288.0499 1.7000000000
151 289.9790 1.6300000000
152 291.9095 1.6800000000
153 293.8393 1.6700000000
154 295.7709 1.6700000000
155 297.7022 1.6800000000
156 299.6336 1.6900000000
157 301.5643 1.6600000000
158 303.4938 1.6700000000
159 305.4229 1.6500000000
160 307.3546 1.6800000000
161 309.2849 1.6700000000
162 311.2152 1.6800000000
163 313.1470 1.6500000000
164 315.0778 1.6800000000
165 317.0074 1.7100000000
166 318.9367 1.6800000000
167 320.8666 1.6700000000
168 322.7978 1.6800000000
169 324.7272 1.6400000000
170 326.6585 1.6800000000
171 328.5889 1.6700000000
172 330.5188 1.6800000000
173 332.4521 1.6900000000
174 334.3899 1.6900000000
175 336.3215 1.6700000000
176 338.2536 1.6700000000
177 340.1842 1.6700000000
178 342.1140 1.6800000000
179 344.0396 1.6500000000
180 345.9633 1.6800000000
181 347.8864 1.6600000000
182 349.8101 1.6600000000
183 351.7330 1.6700000000
184 353.6586 1.6700000000
185 355.5850 1.6500000000
186 357.5093 1.6600000000
187 359.4336 1.6600000000
188 361.3557 1.6800000000
189 363.2796 1.6500000000
190 365.2045 1.6800000000
191 367.1274 1.6700000000
192 369.0518 1.6400000000
193 370.9775 1.6700000000
194 372.9019 1.6300000000
195 374.8260 1.6900000000
196 376.7497 1.6500000000
197 378.6738 1.6600000000
198 380.5977 1.6700000000
199 382.5210 1.6700000000
200 384.4464 1.6400000000
