1 0.0000 4.4600000000
2 1.9362 3.2500000000
3 3.8616 2.7500000000
4 5.7859 2.3900000000
5 7.7106 2.2400000000
6 9.6373 2.2000000000
7 11.5646 2.1200000000
8 13.4949 2.0000000000
9 15.4255 2.0000000000
10 17.3520 2.0500000000
11 19.2785 2.0500000000
12 21.2041 2.0000000000
13 23.1307 2.0700000000
14 25.0671 2.0600000000
15 26.9938 2.0200000000
16 28.9208 2.0000000000
17 30.8462 1.9500000000
18 32.7715 1.8800000000
19 34.6971 1.8300000000
20 36.6250 1.8100000000
21 38.5578 1.7300000000
22 40.4843 1.7400000000
23 42.4108 1.7300000000
24 44.3376 1.7000000000
25 46.2635 1.7200000000
26 48.1898 1.7000000000
27 50.1148 1.7000000000
28 52.0419 1.6900000000
29 53.9672 1.7000000000
30 55.8918 1.6800000000
31 57.8172 1.6800000000
32 59.7461 1.6800000000
33 61.6701 1.6700000000
34 63.5954 1.6700000000
35 65.5245 1.6600000000
36 67.4632 1.6900000000
37 69.3911 1.6500000000
38 71.3194 1.6500000000
39 73.2469 1.6500000000
40 75.1774 1.6400000000
41 77.1038 1.6400000000
42 79.0326 1.6500000000
43 80.9594 1.6500000000
44 82.8879 1.6500000000
45 84.8152 1.6600000000
46 86.7429 1.6500000000
47 88.6695 1.6500000000
48 90.5976 1.6500000000
49 92.5249 1.6500000000
50 94.4536 1.6500000000
51 96.3811 1.6500000000
52 98.3078 1.6500000000
53 100.2348 1.6200000000
54 102.1626 1.6300000000
55 104.0895 1.6300000000
56 106.0181 1.6300000000
57 107.9456 1.6400000000
58 109.8742 1.6200000000
59 111.8022 1.6400000000
60 113.7306 1.6200000000
61 115.6565 1.6300000000
62 117.5868 1.6300000000
63 119.5141 1.6200000000
64 121.4405 1.6100000000
65 123.3679 1.6100000000
66 125.2941 1.6100000000
67 127.2201 1.6100000000
68 129.1481 1.6200000000
69 131.0740 1.6200000000
70 133.0007 1.6200000000
71 134.9271 1.6100000000
72 136.8533 1.6100000000
73 138.7788 1.6100000000
74 140.7046 1.6100000000
75 142.6293 1.6100000000
76 144.5559 1.6100000000
77 146.4842 1.6100000000
78 148.4210 1.6200000000
79 150.3491 1.6200000000
80 152.2781 1.6200000000
81 154.2054 1.6200000000
82 156.1355 1.6300000000
83 158.0632 1.6300000000
84 159.9915 1.6200000000
85 161.9184 1.6200000000
86 163.8475 1.6200000000
87 165.7758 1.6200000000
88 167.7040 1.6200000000
89 169.6308 1.6200000000
90 171.5592 1.6200000000
91 173.4878 1.6200000000
92 175.4166 1.6200000000
93 177.3466 1.6300000000
94 179.2735 1.6200000000
95 181.2001 1.6300000000
96 183.1271 1.6300000000
97 185.0539 1.6300000000
98 186.9818 1.6300000000
99 188.9102 1.6300000000
100 190.8385 1.6300000000
101 192.7661 1.6300000000
102 194.6928 1.6300000000
103 196.6204 1.6300000000
104 198.5520 1.6300000000
105 200.4784 1.6300000000
106 202.4065 1.6300000000
107 204.3327 1.6300000000
108 206.2592 1.6400000000
109 208.1855 1.6400000000
110 210.1109 1.6300000000
111 212.0345 1.6300000000
112 213.9596 1.6300000000
113 215.8852 1.6300000000
114 217.8105 1.6300000000
115 219.7352 1.6300000000
116 221.6649 1.6300000000
117 223.5919 1.6300000000
118 225.5188 1.6300000000
119 227.4487 1.6300000000
120 229.3798 1.6300000000
121 231.3081 1.6300000000
122 233.2372 1.6300000000
123 235.1663 1.6300000000
124 237.0945 1.6300000000
125 239.0240 1.6300000000
126 240.9514 1.6300000000
127 242.8798 1.6300000000
128 244.8070 1.6300000000
129 246.7352 1.6300000000
130 248.6633 1.6300000000
131 250.5930 1.6300000000
132 252.5194 1.6300000000
133 254.4475 1.6300000000
134 256.3752 1.6300000000
135 258.3043 1.6300000000
136 260.2328 1.6300000000
137 262.1588 1.6300000000
138 264.0849 1.6300000000
139 266.0110 1.6300000000
140 267.9400 1.6300000000
141 269.8678 1.6300000000
142 271.7961 1.6300000000
143 273.7245 1.6300000000
144 275.6522 1.6300000000
145 277.5800 1.6300000000
146 279.5081 1.6300000000
147 281.4351 1.6300000000
148 283.3631 1.6300000000
149 285.2906 1.6300000000
150 287.2172 1.6300000000
151 289.1458 1.6300000000
152 291.0750 1.6200000000
153 293.0025 1.6200000000
154 294.9307 1.6200000000
155 296.8581 1.6200000000
156 298.7877 1.6200000000
157 300.7158 1.6200000000
158 302.6459 1.6200000000
159 304.5768 1.6200000000
160 306.5035 1.6200000000
161 308.4295 1.6200000000
162 310.3570 1.6200000000
163 312.2822 1.6200000000
164 314.2086 1.6200000000
165 316.1335 1.6200000000
166 318.0594 1.6300000000
167 319.9853 1.6200000000
168 321.9122 1.6300000000
169 323.8396 1.6300000000
170 325.7652 1.6300000000
171 327.6904 1.6300000000
172 329.6169 1.6300000000
173 331.5451 1.6300000000
174 333.4793 1.6300000000
175 335.4065 1.6300000000
176 337.3343 1.6300000000
177 339.2609 1.6300000000
178 341.1870 1.6300000000
179 343.1136 1.6300000000
180 345.0418 1.6300000000
181 346.9717 1.6300000000
182 348.8976 1.6300000000
183 350.8237 1.6300000000
184 352.7518 1.6300000000
185 354.6799 1.6300000000
186 356.6062 1.6300000000
187 358.5328 1.6300000000
188 360.4606 1.6300000000
189 362.3952 1.6300000000
190 364.3249 1.6300000000
191 366.2532 1.6300000000
192 368.1819 1.6300000000
193 370.1106 1.6300000000
194 372.0395 1.6300000000
195 373.9688 1.6300000000
196 375.8981 1.6300000000
197 377.8261 1.6300000000
198 379.7550 1.6300000000
199 381.6826 1.6300000000
200 383.6152 1.6300000000
