1 0.0000 4.5700000000
2 1.9439 3.5000000000
3 3.8827 3.0700000000
4 5.8271 2.6300000000
5 7.7666 2.3400000000
6 9.7019 2.3200000000
7 11.6386 2.2500000000
8 13.5743 2.2500000000
9 15.5118 2.2700000000
10 17.4462 2.2300000000
11 19.3821 2.2000000000
12 21.3172 2.1500000000
13 23.2517 2.0800000000
14 25.1891 2.0400000000
15 27.1254 2.0700000000
16 29.0595 2.0700000000
17 30.9957 2.0300000000
18 32.9306 1.9900000000
19 34.8657 1.9700000000
20 36.8023 1.9500000000
21 38.7367 1.9900000000
22 40.6734 1.9400000000
23 42.6089 1.9300000000
24 44.5458 1.9200000000
25 46.4813 1.9200000000
26 48.4192 1.9400000000
27 50.3535 1.9400000000
28 52.2895 1.8900000000
29 54.2296 1.9200000000
30 56.1786 1.8800000000
31 58.1199 1.9000000000
32 60.0615 1.8800000000
33 62.0046 1.8700000000
34 63.9455 1.9000000000
35 65.8827 1.8600000000
36 67.8255 1.8800000000
37 69.7666 1.8800000000
38 71.7046 1.8900000000
39 73.6476 1.8600000000
40 75.5881 1.8600000000
41 77.5241 1.8500000000
42 79.4671 1.8400000000
43 81.4049 1.8200000000
44 83.3467 1.8300000000
45 85.2841 1.8300000000
46 87.2254 1.8400000000
47 89.1647 1.8500000000
48 91.1126 1.8000000000
49 93.0524 1.8200000000
50 94.9938 1.8400000000
51 96.9341 1.8300000000
52 98.8770 1.8200000000
53 100.8184 1.8000000000
54 102.7587 1.8000000000
55 104.7007 1.8100000000
56 106.6424 1.8000000000
57 108.5835 1.7900000000
58 110.5252 1.7800000000
59 112.4674 1.8100000000
60 114.4076 1.8000000000
61 116.3482 1.8100000000
62 118.2916 1.7900000000
63 120.2359 1.7900000000
64 122.1732 1.7900000000
65 124.1124 1.7900000000
66 126.0503 1.8100000000
67 127.9884 1.8000000000
68 129.9274 1.8300000000
69 131.8645 1.7800000000
70 133.8026 1.7900000000
71 135.7568 1.7900000000
72 137.6935 1.8000000000
73 139.6312 1.7800000000
74 141.5676 1.7900000000
75 143.5046 1.7900000000
76 145.4412 1.7800000000
77 147.3773 1.8000000000
78 149.3138 1.7800000000
79 151.2513 1.7900000000
80 153.1910 1.7700000000
81 155.1322 1.7900000000
82 157.0697 1.8000000000
83 159.0072 1.7900000000
84 160.9435 1.7700000000
85 162.8793 1.7800000000
86 164.8170 1.7700000000
87 166.7515 1.7700000000
88 168.6869 1.7800000000
89 170.6222 1.7600000000
90 172.5586 1.7700000000
91 174.4945 1.7700000000
92 176.4289 1.7900000000
93 178.3634 1.7500000000
94 180.2993 1.7900000000
95 182.2366 1.7600000000
96 184.1802 1.7800000000
97 186.1168 1.7800000000
98 188.0533 1.7800000000
99 189.9884 1.7900000000
100 191.9256 1.7800000000
101 193.8605 1.8000000000
102 195.7972 1.8100000000
103 197.7361 1.8000000000
104 199.6749 1.7900000000
105 201.6119 1.7700000000
106 203.5495 1.7700000000
107 205.4853 1.7700000000
108 207.4199 1.7900000000
109 209.3519 1.7800000000
110 211.2982 1.7900000000
111 213.2319 1.7500000000
112 215.1693 1.7900000000
113 217.1034 1.8000000000
114 219.0388 1.7800000000
115 220.9739 1.7900000000
116 222.9084 1.7700000000
117 224.8430 1.8000000000
118 226.7786 1.7900000000
119 228.7142 1.8000000000
120 230.6494 1.7700000000
121 232.5839 1.8000000000
122 234.5206 1.7600000000
123 236.4742 1.7900000000
124 238.4091 1.7900000000
125 240.3452 1.7800000000
126 242.2805 1.7600000000
127 244.2143 1.7800000000
128 246.1528 1.7700000000
129 248.0963 1.7600000000
130 250.0343 1.7700000000
131 251.9710 1.7600000000
132 253.9070 1.8100000000
133 255.8449 1.7600000000
134 257.7826 1.7600000000
135 259.7202 1.7500000000
136 261.6572 1.7800000000
137 263.5950 1.7700000000
138 265.5332 1.7900000000
139 267.4697 1.7800000000
140 269.4057 1.7500000000
141 271.3435 1.7700000000
142 273.2789 1.7700000000
143 275.2195 1.7600000000
144 277.1590 1.8100000000
145 279.0960 1.7600000000
146 281.0339 1.7800000000
147 282.9725 1.7700000000
148 284.9077 1.7800000000
149 286.8446 1.7900000000
150 288.7802 1.7700000000
151 290.7153 1.7700000000
152 292.6516 1.7700000000
153 294.5872 1.7800000000
154 296.5238 1.7700000000
155 298.4581 1.7800000000
156 300.3947 1.7500000000
157 302.3292 1.7600000000
158 304.2697 1.7800000000
159 306.2155 1.7500000000
160 308.1565 1.7300000000
161 310.0962 1.7700000000
162 312.0376 1.7500000000
163 313.9775 1.7800000000
164 315.9195 1.7500000000
165 317.8602 1.7600000000
166 319.8024 1.7600000000
167 321.7456 1.7500000000
168 323.6864 1.7600000000
169 325.6270 1.7800000000
170 327.5687 1.7600000000
171 329.5144 1.7700000000
172 331.4586 1.7500000000
173 333.4058 1.7700000000
174 335.3505 1.7700000000
175 337.2939 1.7800000000
176 339.2393 1.7600000000
177 341.1770 1.7600000000
178 343.1097 1.7500000000
179 345.0428 1.7700000000
180 346.9741 1.7600000000
181 348.9058 1.7600000000
182 350.8451 1.7600000000
183 352.7753 1.7600000000
184 354.7074 1.7600000000
185 356.6368 1.7500000000
186 358.5669 1.7600000000
187 360.4972 1.7700000000
188 362.4259 1.7400000000
189 364.3555 1.7500000000
190 366.2848 1.7700000000
191 368.2144 1.7600000000
192 370.1420 1.7500000000
193 372.0715 1.7500000000
194 374.0008 1.7400000000
195 375.9308 1.7600000000
196 377.8585 1.7400000000
197 379.7887 1.7600000000
198 381.7167 1.7700000000
199 383.6454 1.7700000000
200 385.5737 1.7700000000
