1 0.0000 0.0715166667
2 1.9439 0.0320666667
3 3.8827 0.0216500000
4 5.8271 0.0160166667
5 7.7666 0.0124166667
6 9.7019 0.0094500000
7 11.6386 0.0071166667
8 13.5743 0.0049000000
9 15.5118 0.0037166667
10 17.4462 0.0027500000
11 19.3821 0.0021000000
12 21.3172 0.0015666667
13 23.2517 0.0011833333
14 25.1891 0.0009833333
15 27.1254 0.0007666667
16 29.0595 0.0006333333
17 30.9957 0.0005500000
18 32.9306 0.0004666667
19 34.8657 0.0004333333
20 36.8023 0.0003833333
21 38.7367 0.0002833333
22 40.6734 0.0001833333
23 42.6089 0.0001666667
24 44.5458 0.0001500000
25 46.4813 0.0001500000
26 48.4192 0.0001333333
27 50.3535 0.0001166667
28 52.2895 0.0001166667
29 54.2296 0.0000833333
30 56.1786 0.0000833333
31 58.1199 0.0000833333
32 60.0615 0.0000833333
33 62.0046 0.0000666667
34 63.9455 0.0000666667
35 65.8827 0.0000666667
36 67.8255 0.0000666667
37 69.7666 0.0000500000
38 71.7046 0.0000500000
39 73.6476 0.0000666667
40 75.5881 0.0000500000
41 77.5241 0.0000500000
42 79.4671 0.0000500000
43 81.4049 0.0000500000
44 83.3467 0.0000500000
45 85.2841 0.0000500000
46 87.2254 0.0000333333
47 89.1647 0.0000333333
48 91.1126 0.0000333333
49 93.0524 0.0000166667
50 94.9938 0.0000333333
51 96.9341 0.0000166667
52 98.8770 0.0000333333
53 100.8184 0.0000166667
54 102.7587 0.0000166667
55 104.7007 0.0000333333
56 106.6424 0.0000166667
57 108.5835 0.0000166667
58 110.5252 0.0000166667
59 112.4674 0.0000166667
60 114.4076 0.0000166667
61 116.3482 0.0000166667
62 118.2916 0.0000166667
63 120.2359 0.0000166667
64 122.1732 0.0000166667
65 124.1124 0.0000166667
66 126.0503 0.0000166667
67 127.9884 0.0000166667
68 129.9274 0.0000166667
69 131.8645 0.0000166667
70 133.8026 0.0000166667
71 135.7568 0.0000166667
72 137.6935 0.0000166667
73 139.6312 0.0000166667
74 141.5676 0.0000166667
75 143.5046 0.0000166667
76 145.4412 0.0000166667
77 147.3773 0.0000166667
78 149.3138 0.0000166667
79 151.2513 0.0000166667
80 153.1910 0.0000166667
81 155.1322 0.0000166667
82 157.0697 0.0000166667
83 159.0072 0.0000166667
84 160.9435 0.0000166667
85 162.8793 0.0000166667
86 164.8170 0.0000166667
87 166.7515 0.0000166667
88 168.6869 0.0000166667
89 170.6222 0.0000166667
90 172.5586 0.0000166667
91 174.4945 0.0000166667
92 176.4289 0.0000166667
93 178.3634 0.0000166667
94 180.2993 0.0000166667
95 182.2366 0.0000166667
96 184.1802 0.0000166667
97 186.1168 0.0000166667
98 188.0533 0.0000166667
99 189.9884 0.0000166667
100 191.9256 0.0000166667
101 193.8605 0.0000166667
102 195.7972 0.0000166667
103 197.7361 0.0000166667
104 199.6749 0.0000166667
105 201.6119 0.0000166667
106 203.5495 0.0000166667
107 205.4853 0.0000166667
108 207.4199 0.0000166667
109 209.3519 0.0000166667
110 211.2982 0.0000166667
111 213.2319 0.0000166667
112 215.1693 0.0000166667
113 217.1034 0.0000166667
114 219.0388 0.0000166667
115 220.9739 0.0000166667
116 222.9084 0.0000166667
117 224.8430 0.0000166667
118 226.7786 0.0000166667
119 228.7142 0.0000166667
120 230.6494 0.0000166667
121 232.5839 0.0000166667
122 234.5206 0.0000166667
123 236.4742 0.0000166667
124 238.4091 0.0000166667
125 240.3452 0.0000166667
126 242.2805 0.0000166667
127 244.2143 0.0000166667
128 246.1528 0.0000166667
129 248.0963 0.0000166667
130 250.0343 0.0000166667
131 251.9710 0.0000166667
132 253.9070 0.0000166667
133 255.8449 0.0000166667
134 257.7826 0.0000166667
135 259.7202 0.0000166667
136 261.6572 0.0000166667
137 263.5950 0.0000166667
138 265.5332 0.0000166667
139 267.4697 0.0000166667
140 269.4057 0.0000166667
141 271.3435 0.0000166667
142 273.2789 0.0000166667
143 275.2195 0.0000166667
144 277.1590 0.0000166667
145 279.0960 0.0000166667
146 281.0339 0.0000166667
147 282.9725 0.0000166667
148 284.9077 0.0000166667
149 286.8446 0.0000166667
150 288.7802 0.0000166667
151 290.7153 0.0000166667
152 292.6516 0.0000166667
153 294.5872 0.0000166667
154 296.5238 0.0000166667
155 298.4581 0.0000166667
156 300.3947 0.0000166667
157 302.3292 0.0000166667
158 304.2697 0.0000166667
159 306.2155 0.0000166667
160 308.1565 0.0000166667
161 310.0962 0.0000166667
162 312.0376 0.0000166667
163 313.9775 0.0000166667
164 315.9195 0.0000166667
165 317.8602 0.0000166667
166 319.8024 0.0000166667
167 321.7456 0.0000166667
168 323.6864 0.0000166667
169 325.6270 0.0000166667
170 327.5687 0.0000166667
171 329.5144 0.0000166667
172 331.4586 0.0000166667
173 333.4058 0.0000166667
174 335.3505 0.0000166667
175 337.2939 0.0000166667
176 339.2393 0.0000166667
177 341.1770 0.0000166667
178 343.1097 0.0000166667
179 345.0428 0.0000166667
180 346.9741 0.0000166667
181 348.9058 0.0000166667
182 350.8451 0.0000166667
183 352.7753 0.0000166667
184 354.7074 0.0000166667
185 356.6368 0.0000166667
186 358.5669 0.0000166667
187 360.4972 0.0000166667
188 362.4259 0.0000166667
189 364.3555 0.0000166667
190 366.2848 0.0000166667
191 368.2144 0.0000166667
192 370.1420 0.0000166667
193 372.0715 0.0000166667
194 374.0008 0.0000166667
195 375.9308 0.0000166667
196 377.8585 0.0000166667
197 379.7887 0.0000166667
198 381.7167 0.0000166667
199 383.6454 0.0000166667
200 385.5737 0.0000166667
