1 0.0000 7.6800000000
2 1.9267 5.0600000000
3 3.8401 3.8700000000
4 5.7517 3.3500000000
5 7.6656 3.0200000000
6 9.5790 2.7200000000
7 11.4920 2.5500000000
8 13.4048 2.5200000000
9 15.3183 2.4000000000
10 17.2323 2.3200000000
11 19.1456 2.3100000000
12 21.0598 2.2500000000
13 22.9737 2.2200000000
14 24.8865 2.2200000000
15 26.7992 2.2000000000
16 28.7109 2.2200000000
17 30.6281 2.1700000000
18 32.5457 2.1900000000
19 34.4579 2.1100000000
20 36.3707 2.0900000000
21 38.2826 2.0800000000
22 40.1930 2.0500000000
23 42.1040 2.0100000000
24 44.0165 2.0400000000
25 45.9276 2.0200000000
26 47.8397 2.0300000000
27 49.7503 2.0000000000
28 51.6616 1.9700000000
29 53.5761 1.9600000000
30 55.4993 1.9400000000
31 57.4135 1.9000000000
32 59.3282 1.8800000000
33 61.2421 1.8800000000
34 63.1574 1.8700000000
35 65.0720 1.8500000000
36 66.9854 1.8400000000
37 68.8979 1.8500000000
38 70.8124 1.8500000000
39 72.7267 1.8500000000
40 74.6405 1.8600000000
41 76.5573 1.8500000000
42 78.4764 1.8400000000
43 80.3880 1.8200000000
44 82.2996 1.8100000000
45 84.2110 1.7800000000
46 86.1224 1.7800000000
47 88.0342 1.7800000000
48 89.9446 1.7800000000
49 91.8556 1.7800000000
50 93.7664 1.7600000000
51 95.6779 1.7700000000
52 97.5893 1.7700000000
53 99.5031 1.7700000000
54 101.4210 1.7700000000
55 103.3350 1.7700000000
56 105.2486 1.7700000000
57 107.1592 1.7700000000
58 109.0709 1.7700000000
59 110.9822 1.7700000000
60 112.8943 1.7700000000
61 114.8043 1.7700000000
62 116.7188 1.7700000000
63 118.6334 1.7700000000
64 120.5440 1.7700000000
65 122.4569 1.7700000000
66 124.3683 1.7700000000
67 126.2793 1.7700000000
68 128.1904 1.7700000000
69 130.0999 1.7700000000
70 132.0123 1.7700000000
71 133.9233 1.7700000000
72 135.8333 1.7700000000
73 137.7443 1.7700000000
74 139.6592 1.7700000000
75 141.5734 1.7700000000
76 143.4860 1.7700000000
77 145.3978 1.7700000000
78 147.3089 1.7700000000
79 149.2202 1.7700000000
80 151.1312 1.7700000000
81 153.0431 1.7700000000
82 154.9544 1.7700000000
83 156.8641 1.7700000000
84 158.7738 1.7700000000
85 160.6833 1.7700000000
86 162.5979 1.7700000000
87 164.5109 1.7700000000
88 166.4231 1.7700000000
89 168.3360 1.7700000000
90 170.2477 1.7700000000
91 172.1590 1.7700000000
92 174.0710 1.7500000000
93 175.9814 1.7500000000
94 177.8927 1.7500000000
95 179.8044 1.7500000000
96 181.7144 1.7500000000
97 183.6248 1.7500000000
98 185.5374 1.7500000000
99 187.4621 1.7500000000
100 189.3774 1.7500000000
101 191.2925 1.7500000000
102 193.2071 1.7500000000
103 195.1210 1.7500000000
104 197.0359 1.7400000000
105 198.9491 1.7400000000
106 200.8630 1.7400000000
107 202.7784 1.7500000000
108 204.6943 1.7600000000
109 206.6064 1.7600000000
110 208.5173 1.7600000000
111 210.4294 1.7600000000
112 212.3400 1.7600000000
113 214.2531 1.7600000000
114 216.1645 1.7600000000
115 218.0771 1.7600000000
116 219.9890 1.7600000000
117 221.9003 1.7600000000
118 223.8114 1.7600000000
119 225.7241 1.7600000000
120 227.6475 1.7600000000
121 229.5625 1.7600000000
122 231.4762 1.7600000000
123 233.3918 1.7600000000
124 235.3068 1.7600000000
125 237.2210 1.7600000000
126 239.1358 1.7600000000
127 241.0481 1.7600000000
128 242.9625 1.7500000000
129 244.8755 1.7500000000
130 246.7897 1.7500000000
131 248.7062 1.7500000000
132 250.6250 1.7500000000
133 252.5350 1.7500000000
134 254.4473 1.7500000000
135 256.3584 1.7500000000
136 258.2691 1.7500000000
137 260.1801 1.7500000000
138 262.0917 1.7500000000
139 264.0037 1.7400000000
140 265.9143 1.7400000000
141 267.8247 1.7400000000
142 269.7360 1.7400000000
143 271.6490 1.7400000000
144 273.5647 1.7400000000
145 275.4780 1.7400000000
146 277.3890 1.7400000000
147 279.3010 1.7400000000
148 281.2134 1.7500000000
149 283.1250 1.7500000000
150 285.0363 1.7500000000
151 286.9470 1.7500000000
152 288.8579 1.7500000000
153 290.7704 1.7500000000
154 292.6807 1.7500000000
155 294.5961 1.7500000000
156 296.5200 1.7500000000
157 298.4348 1.7500000000
158 300.3498 1.7500000000
159 302.2641 1.7500000000
160 304.1787 1.7500000000
161 306.0923 1.7500000000
162 308.0067 1.7500000000
163 309.9214 1.7500000000
164 311.8350 1.7500000000
165 313.7486 1.7500000000
166 315.6623 1.7500000000
167 317.5777 1.7500000000
168 319.4925 1.7500000000
169 321.4040 1.7500000000
170 323.3166 1.7500000000
171 325.2290 1.7500000000
172 327.1394 1.7500000000
173 329.0502 1.7600000000
174 330.9614 1.7600000000
175 332.8720 1.7600000000
176 334.7834 1.7600000000
177 336.6943 1.7600000000
178 338.6067 1.7600000000
179 340.5210 1.7600000000
180 342.4330 1.7600000000
181 344.3454 1.7600000000
182 346.2570 1.7600000000
183 348.1673 1.7600000000
184 350.0804 1.7600000000
185 351.9934 1.7600000000
186 353.9034 1.7600000000
187 355.8156 1.7600000000
188 357.7289 1.7600000000
189 359.6427 1.7600000000
190 361.5545 1.7600000000
191 363.4679 1.7600000000
192 365.3846 1.7600000000
193 367.2954 1.7600000000
194 369.2071 1.7600000000
195 371.1170 1.7600000000
196 373.0292 1.7600000000
197 374.9397 1.7600000000
198 376.8516 1.7600000000
199 378.7630 1.7600000000
200 380.6779 1.7600000000
