1 0.0000 0.0917833333
2 1.9267 0.0556666667
3 3.8401 0.0388500000
4 5.7517 0.0294333333
5 7.6656 0.0229000000
6 9.5790 0.0184666667
7 11.4920 0.0155000000
8 13.4048 0.0126166667
9 15.3183 0.0098333333
10 17.2323 0.0075833333
11 19.1456 0.0059333333
12 21.0598 0.0045000000
13 22.9737 0.0034333333
14 24.8865 0.0026166667
15 26.7992 0.0019000000
16 28.7109 0.0014000000
17 30.6281 0.0010000000
18 32.5457 0.0007500000
19 34.4579 0.0005833333
20 36.3707 0.0004666667
21 38.2826 0.0004333333
22 40.1930 0.0003166667
23 42.1040 0.0002333333
24 44.0165 0.0001500000
25 45.9276 0.0001000000
26 47.8397 0.0000666667
27 49.7503 0.0000500000
28 51.6616 0.0000333333
29 53.5761 0.0000166667
30 55.4993 0.0000166667
31 57.4135 0.0000166667
32 59.3282 0.0000166667
33 61.2421 0.0000166667
34 63.1574 0.0000166667
35 65.0720 0.0000166667
36 66.9854 0.0000000000
37 68.8979 0.0000000000
38 70.8124 0.0000000000
39 72.7267 0.0000000000
40 74.6405 0.0000000000
41 76.5573 0.0000000000
42 78.4764 0.0000000000
43 80.3880 0.0000000000
44 82.2996 0.0000000000
45 84.2110 0.0000000000
46 86.1224 0.0000000000
47 88.0342 0.0000000000
48 89.9446 0.0000000000
49 91.8556 0.0000000000
50 93.7664 0.0000000000
51 95.6779 0.0000000000
52 97.5893 0.0000000000
53 99.5031 0.0000000000
54 101.4210 0.0000000000
55 103.3350 0.0000000000
56 105.2486 0.0000000000
57 107.1592 0.0000000000
58 109.0709 0.0000000000
59 110.9822 0.0000000000
60 112.8943 0.0000000000
61 114.8043 0.0000000000
62 116.7188 0.0000000000
63 118.6334 0.0000000000
64 120.5440 0.0000000000
65 122.4569 0.0000000000
66 124.3683 0.0000000000
67 126.2793 0.0000000000
68 128.1904 0.0000000000
69 130.0999 0.0000000000
70 132.0123 0.0000000000
71 133.9233 0.0000000000
72 135.8333 0.0000000000
73 137.7443 0.0000000000
74 139.6592 0.0000000000
75 141.5734 0.0000000000
76 143.4860 0.0000000000
77 145.3978 0.0000000000
78 147.3089 0.0000000000
79 149.2202 0.0000000000
80 151.1312 0.0000000000
81 153.0431 0.0000000000
82 154.9544 0.0000000000
83 156.8641 0.0000000000
84 158.7738 0.0000000000
85 160.6833 0.0000000000
86 162.5979 0.0000000000
87 164.5109 0.0000000000
88 166.4231 0.0000000000
89 168.3360 0.0000000000
90 170.2477 0.0000000000
91 172.1590 0.0000000000
92 174.0710 0.0000000000
93 175.9814 0.0000000000
94 177.8927 0.0000000000
95 179.8044 0.0000000000
96 181.7144 0.0000000000
97 183.6248 0.0000000000
98 185.5374 0.0000000000
99 187.4621 0.0000000000
100 189.3774 0.0000000000
101 191.2925 0.0000000000
102 193.2071 0.0000000000
103 195.1210 0.0000000000
104 197.0359 0.0000000000
105 198.9491 0.0000000000
106 200.8630 0.0000000000
107 202.7784 0.0000000000
108 204.6943 0.0000000000
109 206.6064 0.0000000000
110 208.5173 0.0000000000
111 210.4294 0.0000000000
112 212.3400 0.0000000000
113 214.2531 0.0000000000
114 216.1645 0.0000000000
115 218.0771 0.0000000000
116 219.9890 0.0000000000
117 221.9003 0.0000000000
118 223.8114 0.0000000000
119 225.7241 0.0000000000
120 227.6475 0.0000000000
121 229.5625 0.0000000000
122 231.4762 0.0000000000
123 233.3918 0.0000000000
124 235.3068 0.0000000000
125 237.2210 0.0000000000
126 239.1358 0.0000000000
127 241.0481 0.0000000000
128 242.9625 0.0000000000
129 244.8755 0.0000000000
130 246.7897 0.0000000000
131 248.7062 0.0000000000
132 250.6250 0.0000000000
133 252.5350 0.0000000000
134 254.4473 0.0000000000
135 256.3584 0.0000000000
136 258.2691 0.0000000000
137 260.1801 0.0000000000
138 262.0917 0.0000000000
139 264.0037 0.0000000000
140 265.9143 0.0000000000
141 267.8247 0.0000000000
142 269.7360 0.0000000000
143 271.6490 0.0000000000
144 273.5647 0.0000000000
145 275.4780 0.0000000000
146 277.3890 0.0000000000
147 279.3010 0.0000000000
148 281.2134 0.0000000000
149 283.1250 0.0000000000
150 285.0363 0.0000000000
151 286.9470 0.0000000000
152 288.8579 0.0000000000
153 290.7704 0.0000000000
154 292.6807 0.0000000000
155 294.5961 0.0000000000
156 296.5200 0.0000000000
157 298.4348 0.0000000000
158 300.3498 0.0000000000
159 302.2641 0.0000000000
160 304.1787 0.0000000000
161 306.0923 0.0000000000
162 308.0067 0.0000000000
163 309.9214 0.0000000000
164 311.8350 0.0000000000
165 313.7486 0.0000000000
166 315.6623 0.0000000000
167 317.5777 0.0000000000
168 319.4925 0.0000000000
169 321.4040 0.0000000000
170 323.3166 0.0000000000
171 325.2290 0.0000000000
172 327.1394 0.0000000000
173 329.0502 0.0000000000
174 330.9614 0.0000000000
175 332.8720 0.0000000000
176 334.7834 0.0000000000
177 336.6943 0.0000000000
178 338.6067 0.0000000000
179 340.5210 0.0000000000
180 342.4330 0.0000000000
181 344.3454 0.0000000000
182 346.2570 0.0000000000
183 348.1673 0.0000000000
184 350.0804 0.0000000000
185 351.9934 0.0000000000
186 353.9034 0.0000000000
187 355.8156 0.0000000000
188 357.7289 0.0000000000
189 359.6427 0.0000000000
190 361.5545 0.0000000000
191 363.4679 0.0000000000
192 365.3846 0.0000000000
193 367.2954 0.0000000000
194 369.2071 0.0000000000
195 371.1170 0.0000000000
196 373.0292 0.0000000000
197 374.9397 0.0000000000
198 376.8516 0.0000000000
199 378.7630 0.0000000000
200 380.6779 0.0000000000
