1 0.0000 4.6100000000
2 4.2520 3.1200000000
3 8.3299 2.6600000000
4 12.4084 2.3100000000
5 16.5036 2.2600000000
6 20.5880 2.0700000000
7 24.6654 2.2000000000
8 28.7424 1.8800000000
9 32.8255 1.8700000000
10 36.8994 1.8300000000
11 40.9739 1.8800000000
12 45.0464 1.6700000000
13 49.1201 1.7500000000
14 53.1938 1.6200000000
15 57.2654 1.6100000000
16 61.3397 1.6000000000
17 65.4319 1.6400000000
18 69.5056 1.5200000000
19 73.5784 1.6600000000
20 77.6522 1.5400000000
21 81.7259 1.5400000000
22 85.8010 1.4500000000
23 89.8745 1.3800000000
24 93.9517 1.3400000000
25 98.0274 1.3800000000
26 102.1026 1.4000000000
27 106.1767 1.3800000000
28 110.2509 1.3100000000
29 114.3261 1.3600000000
30 118.4000 1.4300000000
31 122.4741 1.3900000000
32 126.5482 1.3500000000
33 130.6212 1.4500000000
34 134.6994 1.3300000000
35 138.7719 1.4000000000
36 142.8467 1.3400000000
37 146.9198 1.2400000000
38 150.9980 1.3100000000
39 155.0719 1.3900000000
40 159.1460 1.2900000000
41 163.2183 1.3100000000
42 167.2948 1.3800000000
43 171.3680 1.4000000000
44 175.4402 1.3000000000
45 179.5119 1.2600000000
46 183.5852 1.2900000000
47 187.6584 1.2600000000
48 191.7302 1.3000000000
49 195.8034 1.2600000000
50 199.8770 1.2300000000
51 203.9512 1.3500000000
52 208.0598 1.3200000000
53 212.1334 1.3000000000
54 216.2097 1.3100000000
55 220.2824 1.2900000000
56 224.3557 1.3300000000
57 228.4289 1.2100000000
58 232.5040 1.2700000000
59 236.5775 1.3100000000
60 240.6509 1.2300000000
61 244.7235 1.2100000000
62 248.7957 1.2500000000
63 252.8684 1.2700000000
64 256.9425 1.3400000000
65 261.0160 1.3100000000
66 265.0915 1.3900000000
67 269.1646 1.2700000000
68 273.2394 1.2700000000
69 277.3343 1.2200000000
70 281.4072 1.3700000000
71 285.4809 1.2300000000
72 289.5538 1.3200000000
73 293.6291 1.2800000000
74 297.7054 1.2300000000
75 301.7821 1.2500000000
76 305.8553 1.1600000000
77 309.9289 1.1900000000
78 314.0025 1.2200000000
79 318.0751 1.1900000000
80 322.1494 1.1500000000
81 326.2248 1.2300000000
82 330.2998 1.1600000000
83 334.3748 1.2700000000
84 338.4494 1.2000000000
85 342.5046 1.2300000000
86 346.5524 1.3000000000
87 350.6012 1.2900000000
88 354.6483 1.2600000000
89 358.6964 1.1800000000
90 362.7445 1.2700000000
91 366.7985 1.2300000000
92 370.8461 1.2200000000
93 374.8931 1.2200000000
94 378.9406 1.1400000000
95 382.9870 1.2700000000
96 387.0400 1.2100000000
97 391.0873 1.2200000000
98 395.1368 1.2600000000
99 399.1844 1.3100000000
100 403.2296 1.1600000000
101 407.2768 1.1400000000
102 411.3222 1.1500000000
103 415.3683 1.1500000000
104 419.4190 1.2200000000
105 423.4861 1.2100000000
106 427.5338 1.1200000000
107 431.5803 1.2200000000
108 435.6303 1.2000000000
109 439.6801 1.2500000000
110 443.7283 1.2400000000
111 447.7760 1.2000000000
112 451.8233 1.1800000000
113 455.8722 1.2100000000
114 459.9201 1.1800000000
115 463.9691 1.3100000000
116 468.0174 1.2500000000
117 472.0656 1.2700000000
118 476.1126 1.1900000000
119 480.1594 1.2600000000
120 484.2087 1.1800000000
121 488.2567 1.1800000000
122 492.3072 1.2500000000
123 496.3553 1.2100000000
124 500.4027 1.1300000000
125 504.4503 1.1500000000
126 508.4988 1.2500000000
127 512.5454 1.1500000000
128 516.5935 1.1900000000
129 520.6428 1.2300000000
130 524.6886 1.2600000000
131 528.7366 1.2200000000
132 532.7830 1.2000000000
133 536.8299 1.2100000000
134 540.8783 1.1700000000
135 544.9243 1.2200000000
136 548.9712 1.1500000000
137 553.0197 1.2200000000
138 557.0677 1.2700000000
139 561.1223 1.2000000000
140 565.1704 1.2800000000
141 569.2187 1.2700000000
142 573.2659 1.2000000000
143 577.3145 1.2000000000
144 581.3629 1.2300000000
145 585.4101 1.2400000000
146 589.4583 1.3000000000
147 593.5064 1.1800000000
148 597.5533 1.2200000000
149 601.6003 1.1700000000
150 605.6487 1.2800000000
151 609.6952 1.1800000000
152 613.7442 1.2300000000
153 617.7935 1.2600000000
154 621.8416 1.2500000000
155 625.8896 1.2600000000
156 629.9376 1.3300000000
157 634.0069 1.2400000000
158 638.0554 1.2200000000
159 642.1085 1.2100000000
160 646.1595 1.2000000000
161 650.2090 1.3200000000
162 654.2589 1.2900000000
163 658.3089 1.2300000000
164 662.3564 1.2400000000
165 666.4050 1.2300000000
166 670.4525 1.2700000000
167 674.4998 1.2700000000
168 678.5483 1.3200000000
169 682.5955 1.1800000000
170 686.6438 1.1800000000
171 690.6921 1.3000000000
172 694.7404 1.3200000000
173 698.7882 1.1300000000
174 702.8352 1.1800000000
175 706.8826 1.2500000000
176 710.9306 1.1200000000
177 714.9793 1.1500000000
178 719.0290 1.2600000000
179 723.0776 1.1500000000
180 727.1254 1.1600000000
181 731.1746 1.2400000000
182 735.2226 1.2000000000
183 739.2729 1.2400000000
184 743.3210 1.2900000000
185 747.3720 1.1700000000
186 751.4231 1.1400000000
187 755.4736 1.2600000000
188 759.5223 1.1600000000
189 763.5711 1.2000000000
190 767.6186 1.1800000000
191 771.6665 1.1600000000
192 775.7162 1.1500000000
193 779.7637 1.2200000000
194 783.8132 1.0800000000
195 787.8630 1.1900000000
196 791.9113 1.1700000000
197 795.9590 1.1700000000
198 800.0067 1.2300000000
199 804.0555 1.2400000000
200 808.1056 1.2100000000
