1 0.0000 0.0720833333
2 4.2520 0.0343500000
3 8.3299 0.0250000000
4 12.4084 0.0196333333
5 16.5036 0.0165500000
6 20.5880 0.0142500000
7 24.6654 0.0125333333
8 28.7424 0.0107500000
9 32.8255 0.0094333333
10 36.8994 0.0084500000
11 40.9739 0.0074666667
12 45.0464 0.0063166667
13 49.1201 0.0057500000
14 53.1938 0.0049500000
15 57.2654 0.0045166667
16 61.3397 0.0046666667
17 65.4319 0.0041166667
18 69.5056 0.0031666667
19 73.5784 0.0031666667
20 77.6522 0.0025000000
21 81.7259 0.0029333333
22 85.8010 0.0022000000
23 89.8745 0.0019500000
24 93.9517 0.0020000000
25 98.0274 0.0017833333
26 102.1026 0.0017666667
27 106.1767 0.0016333333
28 110.2509 0.0015833333
29 114.3261 0.0014000000
30 118.4000 0.0012166667
31 122.4741 0.0012333333
32 126.5482 0.0011333333
33 130.6212 0.0011500000
34 134.6994 0.0009000000
35 138.7719 0.0009666667
36 142.8467 0.0007333333
37 146.9198 0.0008333333
38 150.9980 0.0009833333
39 155.0719 0.0007166667
40 159.1460 0.0006166667
41 163.2183 0.0007333333
42 167.2948 0.0006333333
43 171.3680 0.0004833333
44 175.4402 0.0006000000
45 179.5119 0.0004000000
46 183.5852 0.0004833333
47 187.6584 0.0003833333
48 191.7302 0.0003500000
49 195.8034 0.0003333333
50 199.8770 0.0004333333
51 203.9512 0.0003333333
52 208.0598 0.0003333333
53 212.1334 0.0003000000
54 216.2097 0.0002500000
55 220.2824 0.0002666667
56 224.3557 0.0003333333
57 228.4289 0.0002333333
58 232.5040 0.0003666667
59 236.5775 0.0002500000
60 240.6509 0.0002333333
61 244.7235 0.0001000000
62 248.7957 0.0001000000
63 252.8684 0.0002166667
64 256.9425 0.0002166667
65 261.0160 0.0002166667
66 265.0915 0.0001666667
67 269.1646 0.0001833333
68 273.2394 0.0001333333
69 277.3343 0.0000666667
70 281.4072 0.0000833333
71 285.4809 0.0000666667
72 289.5538 0.0001333333
73 293.6291 0.0001000000
74 297.7054 0.0001000000
75 301.7821 0.0000833333
76 305.8553 0.0001333333
77 309.9289 0.0000833333
78 314.0025 0.0000666667
79 318.0751 0.0000500000
80 322.1494 0.0002000000
81 326.2248 0.0001333333
82 330.2998 0.0000833333
83 334.3748 0.0000500000
84 338.4494 0.0001000000
85 342.5046 0.0001333333
86 346.5524 0.0001000000
87 350.6012 0.0000666667
88 354.6483 0.0000500000
89 358.6964 0.0000333333
90 362.7445 0.0000666667
91 366.7985 0.0000333333
92 370.8461 0.0000666667
93 374.8931 0.0000333333
94 378.9406 0.0000333333
95 382.9870 0.0000500000
96 387.0400 0.0000666667
97 391.0873 0.0000333333
98 395.1368 0.0000333333
99 399.1844 0.0000833333
100 403.2296 0.0000666667
101 407.2768 0.0000500000
102 411.3222 0.0000000000
103 415.3683 0.0000333333
104 419.4190 0.0000666667
105 423.4861 0.0000000000
106 427.5338 0.0000500000
107 431.5803 0.0000833333
108 435.6303 0.0000333333
109 439.6801 0.0000166667
110 443.7283 0.0000000000
111 447.7760 0.0000666667
112 451.8233 0.0000333333
113 455.8722 0.0000000000
114 459.9201 0.0000166667
115 463.9691 0.0000500000
116 468.0174 0.0000333333
117 472.0656 0.0000166667
118 476.1126 0.0000000000
119 480.1594 0.0000000000
120 484.2087 0.0000500000
121 488.2567 0.0000166667
122 492.3072 0.0000166667
123 496.3553 0.0000500000
124 500.4027 0.0000333333
125 504.4503 0.0000000000
126 508.4988 0.0000166667
127 512.5454 0.0000000000
128 516.5935 0.0000000000
129 520.6428 0.0000333333
130 524.6886 0.0000166667
131 528.7366 0.0000000000
132 532.7830 0.0000500000
133 536.8299 0.0000000000
134 540.8783 0.0000000000
135 544.9243 0.0000000000
136 548.9712 0.0000000000
137 553.0197 0.0000166667
138 557.0677 0.0000000000
139 561.1223 0.0000000000
140 565.1704 0.0000000000
141 569.2187 0.0000000000
142 573.2659 0.0000333333
143 577.3145 0.0000000000
144 581.3629 0.0000166667
145 585.4101 0.0000000000
146 589.4583 0.0000333333
147 593.5064 0.0000333333
148 597.5533 0.0000000000
149 601.6003 0.0000000000
150 605.6487 0.0000000000
151 609.6952 0.0000000000
152 613.7442 0.0000333333
153 617.7935 0.0000166667
154 621.8416 0.0000000000
155 625.8896 0.0000166667
156 629.9376 0.0000166667
157 634.0069 0.0000000000
158 638.0554 0.0000000000
159 642.1085 0.0000000000
160 646.1595 0.0000166667
161 650.2090 0.0000333333
162 654.2589 0.0000000000
163 658.3089 0.0000166667
164 662.3564 0.0000166667
165 666.4050 0.0000000000
166 670.4525 0.0000166667
167 674.4998 0.0000000000
168 678.5483 0.0000000000
169 682.5955 0.0000000000
170 686.6438 0.0000000000
171 690.6921 0.0000000000
172 694.7404 0.0000000000
173 698.7882 0.0000000000
174 702.8352 0.0000000000
175 706.8826 0.0000000000
176 710.9306 0.0000166667
177 714.9793 0.0000000000
178 719.0290 0.0000000000
179 723.0776 0.0000000000
180 727.1254 0.0000000000
181 731.1746 0.0000166667
182 735.2226 0.0000000000
183 739.2729 0.0000166667
184 743.3210 0.0000000000
185 747.3720 0.0000000000
186 751.4231 0.0000166667
187 755.4736 0.0000333333
188 759.5223 0.0000000000
189 763.5711 0.0000000000
190 767.6186 0.0000000000
191 771.6665 0.0000000000
192 775.7162 0.0000000000
193 779.7637 0.0000000000
194 783.8132 0.0000000000
195 787.8630 0.0000000000
196 791.9113 0.0000166667
197 795.9590 0.0000000000
198 800.0067 0.0000000000
199 804.0555 0.0000000000
200 808.1056 0.0000000000
