1 0.0000 4.4800000000
2 4.2625 3.2700000000
3 8.3748 2.7100000000
4 12.4583 2.5700000000
5 16.5418 2.2800000000
6 20.6265 2.3000000000
7 24.7088 2.0900000000
8 28.7880 2.0200000000
9 32.8655 1.8500000000
10 36.9447 1.9300000000
11 41.0200 1.7900000000
12 45.0978 1.7100000000
13 49.1750 1.7000000000
14 53.2527 1.6300000000
15 57.3287 1.6000000000
16 61.4071 1.6000000000
17 65.4843 1.5500000000
18 69.5635 1.5800000000
19 73.6401 1.6000000000
20 77.7205 1.5400000000
21 81.7965 1.6800000000
22 85.8750 1.4700000000
23 89.9564 1.5100000000
24 94.0354 1.5500000000
25 98.1148 1.5000000000
26 102.1914 1.6300000000
27 106.2678 1.5000000000
28 110.3465 1.4500000000
29 114.4231 1.5800000000
30 118.5015 1.4700000000
31 122.5763 1.4100000000
32 126.6534 1.5200000000
33 130.7315 1.3800000000
34 134.8093 1.4300000000
35 138.8909 1.4600000000
36 142.9802 1.3500000000
37 147.0597 1.3000000000
38 151.1425 1.3700000000
39 155.2222 1.3200000000
40 159.3032 1.3700000000
41 163.3825 1.3100000000
42 167.4635 1.4100000000
43 171.5408 1.3100000000
44 175.6217 1.3400000000
45 179.7018 1.4000000000
46 183.7991 1.3600000000
47 187.8792 1.3100000000
48 191.9608 1.3200000000
49 196.0405 1.3600000000
50 200.1192 1.2700000000
51 204.1978 1.2700000000
52 208.2762 1.2900000000
53 212.3556 1.2200000000
54 216.4348 1.3800000000
55 220.5138 1.2900000000
56 224.5949 1.3200000000
57 228.6748 1.4200000000
58 232.7555 1.3800000000
59 236.8340 1.2500000000
60 240.9131 1.4300000000
61 244.9924 1.3400000000
62 249.0738 1.2800000000
63 253.1534 1.3600000000
64 257.2355 1.3500000000
65 261.3146 1.3300000000
66 265.3949 1.2500000000
67 269.4744 1.4000000000
68 273.5562 1.2600000000
69 277.6354 1.2500000000
70 281.7139 1.3600000000
71 285.7928 1.2900000000
72 289.8771 1.3800000000
73 293.9549 1.2200000000
74 298.0343 1.2900000000
75 302.1131 1.3000000000
76 306.1915 1.2800000000
77 310.2688 1.2800000000
78 314.3471 1.2800000000
79 318.4265 1.3000000000
80 322.5072 1.1700000000
81 326.5871 1.2100000000
82 330.6645 1.2100000000
83 334.7435 1.2900000000
84 338.8238 1.1900000000
85 342.9025 1.2300000000
86 346.9842 1.1700000000
87 351.0638 1.2600000000
88 355.1424 1.2200000000
89 359.2212 1.3100000000
90 363.3025 1.2200000000
91 367.3815 1.3100000000
92 371.4605 1.1600000000
93 375.5398 1.2400000000
94 379.6199 1.2100000000
95 383.6992 1.2200000000
96 387.7808 1.3300000000
97 391.8602 1.2300000000
98 395.9391 1.2000000000
99 400.0188 1.2500000000
100 404.0978 1.3200000000
101 408.1776 1.3000000000
102 412.2585 1.2900000000
103 416.3371 1.2700000000
104 420.4172 1.1800000000
105 424.4964 1.2400000000
106 428.5765 1.2700000000
107 432.6552 1.1800000000
108 436.7349 1.2100000000
109 440.8135 1.2500000000
110 444.8967 1.1600000000
111 448.9765 1.2500000000
112 453.0558 1.1500000000
113 457.1364 1.1700000000
114 461.2154 1.2100000000
115 465.2951 1.1300000000
116 469.3745 1.1900000000
117 473.4529 1.1700000000
118 477.5324 1.1600000000
119 481.6128 1.2500000000
120 485.6942 1.1600000000
121 489.7727 1.1200000000
122 493.8524 1.2100000000
123 497.9320 1.2200000000
124 502.0125 1.1600000000
125 506.0904 1.2400000000
126 510.1718 1.2100000000
127 514.2512 1.2200000000
128 518.3318 1.2200000000
129 522.4111 1.2200000000
130 526.4921 1.2400000000
131 530.5761 1.2400000000
132 534.6816 1.2900000000
133 538.7681 1.3400000000
134 542.8496 1.2600000000
135 546.9299 1.3000000000
136 551.0099 1.2700000000
137 555.0911 1.2500000000
138 559.1720 1.3700000000
139 563.2512 1.2000000000
140 567.3309 1.2500000000
141 571.4108 1.2400000000
142 575.4908 1.2400000000
143 579.5722 1.2800000000
144 583.6516 1.1500000000
145 587.7301 1.1600000000
146 591.8108 1.1900000000
147 595.8908 1.3200000000
148 599.9709 1.2800000000
149 604.0495 1.2400000000
150 608.1304 1.2300000000
151 612.2113 1.1400000000
152 616.2926 1.2000000000
153 620.3732 1.2500000000
154 624.4525 1.2400000000
155 628.5315 1.2700000000
156 632.6122 1.1700000000
157 636.6927 1.2000000000
158 640.7752 1.1400000000
159 644.8554 1.2900000000
160 648.9367 1.1700000000
161 653.0192 1.1800000000
162 657.0996 1.2800000000
163 661.1781 1.1900000000
164 665.2595 1.2000000000
165 669.3388 1.2000000000
166 673.4199 1.1400000000
167 677.5027 1.1500000000
168 681.5832 1.1900000000
169 685.6631 1.1900000000
170 689.7432 1.1400000000
171 693.8231 1.2200000000
172 697.9048 1.1200000000
173 701.9861 1.2100000000
174 706.0668 1.0800000000
175 710.1478 1.2000000000
176 714.2288 1.2100000000
177 718.3091 1.2500000000
178 722.3888 1.2100000000
179 726.4688 1.2600000000
180 730.5496 1.1600000000
181 734.6312 1.1700000000
182 738.7137 1.2200000000
183 742.7935 1.1600000000
184 746.8741 1.1700000000
185 750.9559 1.2400000000
186 755.0376 1.1300000000
187 759.1188 1.2000000000
188 763.1988 1.2300000000
189 767.2794 1.1600000000
190 771.3608 1.1600000000
191 775.4415 1.1900000000
192 779.5238 1.2200000000
193 783.6032 1.2700000000
194 787.6829 1.2600000000
195 791.7634 1.2400000000
196 795.8438 1.1400000000
197 799.9244 1.0900000000
198 804.0121 1.2400000000
199 808.0920 1.1500000000
200 812.1725 1.2300000000
