1 0.0000 0.0723000000
2 4.2625 0.0339166667
3 8.3748 0.0251000000
4 12.4583 0.0200500000
5 16.5418 0.0162000000
6 20.6265 0.0145166667
7 24.7088 0.0122666667
8 28.7880 0.0109666667
9 32.8655 0.0093500000
10 36.9447 0.0082833333
11 41.0200 0.0075666667
12 45.0978 0.0061833333
13 49.1750 0.0060166667
14 53.2527 0.0052000000
15 57.3287 0.0050333333
16 61.4071 0.0045833333
17 65.4843 0.0041166667
18 69.5635 0.0034500000
19 73.6401 0.0031333333
20 77.7205 0.0030166667
21 81.7965 0.0023500000
22 85.8750 0.0023333333
23 89.9564 0.0022833333
24 94.0354 0.0019166667
25 98.1148 0.0016166667
26 102.1914 0.0017000000
27 106.2678 0.0015666667
28 110.3465 0.0015000000
29 114.4231 0.0014166667
30 118.5015 0.0010833333
31 122.5763 0.0011500000
32 126.6534 0.0009333333
33 130.7315 0.0008833333
34 134.8093 0.0009666667
35 138.8909 0.0009500000
36 142.9802 0.0008500000
37 147.0597 0.0008166667
38 151.1425 0.0006666667
39 155.2222 0.0005333333
40 159.3032 0.0005333333
41 163.3825 0.0006333333
42 167.4635 0.0005333333
43 171.5408 0.0005666667
44 175.6217 0.0004333333
45 179.7018 0.0005000000
46 183.7991 0.0005166667
47 187.8792 0.0004666667
48 191.9608 0.0003666667
49 196.0405 0.0003833333
50 200.1192 0.0004666667
51 204.1978 0.0002500000
52 208.2762 0.0003333333
53 212.3556 0.0003000000
54 216.4348 0.0001833333
55 220.5138 0.0003833333
56 224.5949 0.0002333333
57 228.6748 0.0002166667
58 232.7555 0.0002833333
59 236.8340 0.0002166667
60 240.9131 0.0001500000
61 244.9924 0.0002833333
62 249.0738 0.0001833333
63 253.1534 0.0001000000
64 257.2355 0.0001666667
65 261.3146 0.0002333333
66 265.3949 0.0001333333
67 269.4744 0.0001500000
68 273.5562 0.0000500000
69 277.6354 0.0000833333
70 281.7139 0.0001500000
71 285.7928 0.0001000000
72 289.8771 0.0000833333
73 293.9549 0.0000833333
74 298.0343 0.0000500000
75 302.1131 0.0001000000
76 306.1915 0.0001000000
77 310.2688 0.0000833333
78 314.3471 0.0000666667
79 318.4265 0.0000500000
80 322.5072 0.0000000000
81 326.5871 0.0000666667
82 330.6645 0.0000833333
83 334.7435 0.0001166667
84 338.8238 0.0000333333
85 342.9025 0.0000666667
86 346.9842 0.0000833333
87 351.0638 0.0000166667
88 355.1424 0.0000333333
89 359.2212 0.0001166667
90 363.3025 0.0000333333
91 367.3815 0.0000333333
92 371.4605 0.0000333333
93 375.5398 0.0000833333
94 379.6199 0.0000666667
95 383.6992 0.0001000000
96 387.7808 0.0000333333
97 391.8602 0.0000666667
98 395.9391 0.0000333333
99 400.0188 0.0000666667
100 404.0978 0.0000000000
101 408.1776 0.0000500000
102 412.2585 0.0000166667
103 416.3371 0.0000833333
104 420.4172 0.0000000000
105 424.4964 0.0000166667
106 428.5765 0.0000666667
107 432.6552 0.0000333333
108 436.7349 0.0000333333
109 440.8135 0.0000000000
110 444.8967 0.0000166667
111 448.9765 0.0000166667
112 453.0558 0.0000166667
113 457.1364 0.0000666667
114 461.2154 0.0000166667
115 465.2951 0.0000500000
116 469.3745 0.0000166667
117 473.4529 0.0000000000
118 477.5324 0.0000333333
119 481.6128 0.0000500000
120 485.6942 0.0000000000
121 489.7727 0.0000166667
122 493.8524 0.0000333333
123 497.9320 0.0000500000
124 502.0125 0.0000333333
125 506.0904 0.0000333333
126 510.1718 0.0000000000
127 514.2512 0.0000333333
128 518.3318 0.0000333333
129 522.4111 0.0000166667
130 526.4921 0.0000000000
131 530.5761 0.0000333333
132 534.6816 0.0000333333
133 538.7681 0.0000000000
134 542.8496 0.0000500000
135 546.9299 0.0000000000
136 551.0099 0.0000166667
137 555.0911 0.0000000000
138 559.1720 0.0000166667
139 563.2512 0.0000333333
140 567.3309 0.0000000000
141 571.4108 0.0000166667
142 575.4908 0.0000000000
143 579.5722 0.0000333333
144 583.6516 0.0000000000
145 587.7301 0.0000000000
146 591.8108 0.0000166667
147 595.8908 0.0000166667
148 599.9709 0.0000166667
149 604.0495 0.0000166667
150 608.1304 0.0000000000
151 612.2113 0.0000166667
152 616.2926 0.0000333333
153 620.3732 0.0000000000
154 624.4525 0.0000000000
155 628.5315 0.0000000000
156 632.6122 0.0000000000
157 636.6927 0.0000000000
158 640.7752 0.0000000000
159 644.8554 0.0000000000
160 648.9367 0.0000166667
161 653.0192 0.0000166667
162 657.0996 0.0000333333
163 661.1781 0.0000166667
164 665.2595 0.0000000000
165 669.3388 0.0000166667
166 673.4199 0.0000000000
167 677.5027 0.0000333333
168 681.5832 0.0000000000
169 685.6631 0.0000166667
170 689.7432 0.0000166667
171 693.8231 0.0000000000
172 697.9048 0.0000000000
173 701.9861 0.0000166667
174 706.0668 0.0000166667
175 710.1478 0.0000000000
176 714.2288 0.0000166667
177 718.3091 0.0000000000
178 722.3888 0.0000000000
179 726.4688 0.0000166667
180 730.5496 0.0000000000
181 734.6312 0.0000333333
182 738.7137 0.0000000000
183 742.7935 0.0000000000
184 746.8741 0.0000000000
185 750.9559 0.0000000000
186 755.0376 0.0000000000
187 759.1188 0.0000166667
188 763.1988 0.0000000000
189 767.2794 0.0000000000
190 771.3608 0.0000000000
191 775.4415 0.0000000000
192 779.5238 0.0000166667
193 783.6032 0.0000000000
194 787.6829 0.0000000000
195 791.7634 0.0000000000
196 795.8438 0.0000000000
197 799.9244 0.0000000000
198 804.0121 0.0000000000
199 808.0920 0.0000000000
200 812.1725 0.0000000000
