1 0.0000 5.5300000000
2 4.2281 4.1900000000
3 8.3491 4.1100000000
4 12.4690 3.2400000000
5 16.5875 3.4300000000
6 20.7057 3.3300000000
7 24.8224 2.8600000000
8 28.9363 2.8700000000
9 33.0541 2.7800000000
10 37.1826 2.8600000000
11 41.3293 2.6800000000
12 45.5120 2.7300000000
13 49.6463 2.7400000000
14 53.7789 2.5800000000
15 57.9283 2.5500000000
16 62.0659 2.6700000000
17 66.1827 2.3200000000
18 70.2993 2.4800000000
19 74.4075 2.4200000000
20 78.5220 2.4500000000
21 82.6319 2.1200000000
22 86.7475 2.2200000000
23 90.8638 2.5800000000
24 94.9825 2.4800000000
25 99.1002 2.2800000000
26 103.2636 2.5400000000
27 107.3829 2.3800000000
28 111.5740 2.4500000000
29 115.7124 2.6700000000
30 119.8252 2.3300000000
31 123.9363 2.2100000000
32 128.0479 2.3100000000
33 132.1609 2.1800000000
34 136.2747 2.3900000000
35 140.3897 2.1600000000
36 144.5060 2.3300000000
37 148.6159 2.2200000000
38 152.7258 2.3200000000
39 156.8401 2.2100000000
40 160.9576 2.2900000000
41 165.0713 2.3000000000
42 169.1877 2.1600000000
43 173.3044 2.2100000000
44 177.4186 2.1500000000
45 181.5380 2.2400000000
46 185.6552 2.2300000000
47 189.7699 2.2200000000
48 193.8878 2.3000000000
49 198.0028 2.2000000000
50 202.1177 2.3500000000
51 206.2315 2.2900000000
52 210.3510 2.1900000000
53 214.4687 2.0800000000
54 218.5877 2.2400000000
55 222.7048 2.1500000000
56 226.8192 2.0100000000
57 230.9333 2.0600000000
58 235.0486 2.0800000000
59 239.1649 2.0100000000
60 243.2807 1.9400000000
61 247.3993 2.1600000000
62 251.5168 2.0600000000
63 255.6547 2.2000000000
64 259.7735 2.0600000000
65 263.8872 2.0900000000
66 268.0017 2.0200000000
67 272.1168 2.0200000000
68 276.2327 2.1300000000
69 280.3490 2.0900000000
70 284.4648 2.1500000000
71 288.6071 2.2100000000
72 292.7222 2.0200000000
73 296.8386 2.1400000000
74 300.9565 2.0000000000
75 305.0710 1.9800000000
76 309.1877 1.9100000000
77 313.3016 2.1900000000
78 317.4164 2.0500000000
79 321.5324 2.0000000000
80 325.6483 2.1800000000
81 329.7877 1.8600000000
82 333.9074 2.1000000000
83 338.0278 1.9100000000
84 342.1488 1.9800000000
85 346.2546 2.1000000000
86 350.3644 2.0700000000
87 354.4692 2.1200000000
88 358.5766 2.1200000000
89 362.6848 2.0700000000
90 366.7941 2.0700000000
91 370.9008 2.2000000000
92 375.0012 2.1600000000
93 379.1012 2.0000000000
94 383.1986 2.0100000000
95 387.2966 2.0800000000
96 391.3960 2.1200000000
97 395.4920 1.9300000000
98 399.5904 2.0600000000
99 403.6869 1.8900000000
100 407.7816 1.8800000000
101 411.8798 1.9000000000
102 415.9797 1.9800000000
103 420.0874 2.0700000000
104 424.1970 2.1200000000
105 428.2979 2.0500000000
106 432.4082 2.2900000000
107 436.5170 1.9800000000
108 440.6260 1.9900000000
109 444.7352 2.0500000000
110 448.8445 1.9700000000
111 452.9499 2.0500000000
112 457.0624 2.1000000000
113 461.1697 2.0600000000
114 465.2799 1.9700000000
115 469.3927 2.1000000000
116 473.4976 1.9600000000
117 477.5996 2.1500000000
118 481.7072 1.9500000000
119 485.8081 2.0500000000
120 489.8989 1.9800000000
121 493.9891 1.9400000000
122 498.0849 1.9400000000
123 502.1786 1.8500000000
124 506.2710 1.9100000000
125 510.3622 1.8100000000
126 514.4762 1.8800000000
127 518.5695 2.0300000000
128 522.6664 1.8700000000
129 526.7657 1.8900000000
130 530.8646 2.0600000000
131 534.9638 1.8500000000
132 539.0633 1.8800000000
133 543.1621 2.1400000000
134 547.2609 2.0000000000
135 551.3614 2.1500000000
136 555.4623 1.9300000000
137 559.5606 1.9700000000
138 563.6608 1.8500000000
139 567.7602 1.9700000000
140 571.8589 1.9100000000
141 575.9579 1.9100000000
142 580.0553 1.9100000000
143 584.1501 1.8300000000
144 588.2470 1.8800000000
145 592.3436 1.8900000000
146 596.4427 2.0400000000
147 600.5412 2.0300000000
148 604.6364 1.8900000000
149 608.7345 1.8700000000
150 612.8329 1.9800000000
151 616.9296 1.9300000000
152 621.0304 1.9200000000
153 625.1292 1.8500000000
154 629.2286 1.9900000000
155 633.3276 2.0100000000
156 637.4309 1.9900000000
157 641.5283 2.0000000000
158 645.6256 1.8600000000
159 649.7228 1.8800000000
160 653.8183 1.8700000000
161 657.9135 1.9200000000
162 662.0139 1.8600000000
163 666.1218 1.8700000000
164 670.2263 2.0100000000
165 674.3419 1.9800000000
166 678.4699 1.9100000000
167 682.5764 1.9100000000
168 686.6878 1.9200000000
169 690.8012 1.8400000000
170 694.9141 1.9600000000
171 699.0240 1.8600000000
172 703.1423 1.9000000000
173 707.2512 1.8000000000
174 711.3567 1.8400000000
175 715.4657 1.8700000000
176 719.5789 1.9400000000
177 723.6898 1.7700000000
178 727.7887 1.8000000000
179 731.8850 1.7900000000
180 735.9791 1.8800000000
181 740.0795 1.9400000000
182 744.1801 1.9600000000
183 748.2788 1.8500000000
184 752.3774 1.9700000000
185 756.4740 1.8700000000
186 760.5737 1.9100000000
187 764.6720 1.9500000000
188 768.7716 2.0300000000
189 772.8708 1.8100000000
190 776.9697 1.7900000000
191 781.0703 1.8900000000
192 785.1689 2.0800000000
193 789.2672 2.0100000000
194 793.3656 1.8900000000
195 797.4619 1.8500000000
196 801.5615 1.9400000000
197 805.6614 1.9000000000
198 809.7618 1.8300000000
199 813.8628 1.9800000000
200 817.9636 2.0000000000
