1 0.0000 0.0841333333
2 4.2281 0.0454666667
3 8.3491 0.0376000000
4 12.4690 0.0324000000
5 16.5875 0.0295666667
6 20.7057 0.0274833333
7 24.8224 0.0260166667
8 28.9363 0.0248833333
9 33.0541 0.0232666667
10 37.1826 0.0224666667
11 41.3293 0.0217333333
12 45.5120 0.0212333333
13 49.6463 0.0206500000
14 53.7789 0.0198500000
15 57.9283 0.0199000000
16 62.0659 0.0191666667
17 66.1827 0.0192166667
18 70.2993 0.0177000000
19 74.4075 0.0179500000
20 78.5220 0.0175333333
21 82.6319 0.0171000000
22 86.7475 0.0169500000
23 90.8638 0.0165833333
24 94.9825 0.0162833333
25 99.1002 0.0158833333
26 103.2636 0.0153666667
27 107.3829 0.0158500000
28 111.5740 0.0156333333
29 115.7124 0.0147333333
30 119.8252 0.0146833333
31 123.9363 0.0143666667
32 128.0479 0.0146000000
33 132.1609 0.0140833333
34 136.2747 0.0142166667
35 140.3897 0.0140333333
36 144.5060 0.0134333333
37 148.6159 0.0139000000
38 152.7258 0.0137333333
39 156.8401 0.0131500000
40 160.9576 0.0128833333
41 165.0713 0.0125166667
42 169.1877 0.0122666667
43 173.3044 0.0125333333
44 177.4186 0.0127166667
45 181.5380 0.0122666667
46 185.6552 0.0123666667
47 189.7699 0.0127000000
48 193.8878 0.0120833333
49 198.0028 0.0127333333
50 202.1177 0.0116833333
51 206.2315 0.0118000000
52 210.3510 0.0118000000
53 214.4687 0.0116166667
54 218.5877 0.0117333333
55 222.7048 0.0115333333
56 226.8192 0.0105500000
57 230.9333 0.0107833333
58 235.0486 0.0115000000
59 239.1649 0.0109833333
60 243.2807 0.0108500000
61 247.3993 0.0106166667
62 251.5168 0.0103000000
63 255.6547 0.0104500000
64 259.7735 0.0112500000
65 263.8872 0.0107000000
66 268.0017 0.0107166667
67 272.1168 0.0106000000
68 276.2327 0.0101000000
69 280.3490 0.0106333333
70 284.4648 0.0097500000
71 288.6071 0.0099500000
72 292.7222 0.0098500000
73 296.8386 0.0095666667
74 300.9565 0.0100000000
75 305.0710 0.0097333333
76 309.1877 0.0101500000
77 313.3016 0.0097500000
78 317.4164 0.0095000000
79 321.5324 0.0092500000
80 325.6483 0.0092833333
81 329.7877 0.0094333333
82 333.9074 0.0094666667
83 338.0278 0.0089333333
84 342.1488 0.0093333333
85 346.2546 0.0089500000
86 350.3644 0.0094833333
87 354.4692 0.0088500000
88 358.5766 0.0088666667
89 362.6848 0.0089500000
90 366.7941 0.0086833333
91 370.9008 0.0088000000
92 375.0012 0.0088166667
93 379.1012 0.0088333333
94 383.1986 0.0085833333
95 387.2966 0.0087166667
96 391.3960 0.0088166667
97 395.4920 0.0082833333
98 399.5904 0.0085666667
99 403.6869 0.0086833333
100 407.7816 0.0085500000
101 411.8798 0.0081666667
102 415.9797 0.0088500000
103 420.0874 0.0086333333
104 424.1970 0.0081333333
105 428.2979 0.0084166667
106 432.4082 0.0078666667
107 436.5170 0.0076000000
108 440.6260 0.0079000000
109 444.7352 0.0078833333
110 448.8445 0.0080666667
111 452.9499 0.0077833333
112 457.0624 0.0081000000
113 461.1697 0.0080000000
114 465.2799 0.0081833333
115 469.3927 0.0081000000
116 473.4976 0.0077833333
117 477.5996 0.0081333333
118 481.7072 0.0078500000
119 485.8081 0.0078166667
120 489.8989 0.0080166667
121 493.9891 0.0076833333
122 498.0849 0.0071333333
123 502.1786 0.0074833333
124 506.2710 0.0076166667
125 510.3622 0.0079833333
126 514.4762 0.0076166667
127 518.5695 0.0074833333
128 522.6664 0.0074833333
129 526.7657 0.0072833333
130 530.8646 0.0073333333
131 534.9638 0.0073833333
132 539.0633 0.0073833333
133 543.1621 0.0074500000
134 547.2609 0.0077833333
135 551.3614 0.0075833333
136 555.4623 0.0076500000
137 559.5606 0.0070333333
138 563.6608 0.0072166667
139 567.7602 0.0070666667
140 571.8589 0.0075833333
141 575.9579 0.0071333333
142 580.0553 0.0071666667
143 584.1501 0.0067333333
144 588.2470 0.0072500000
145 592.3436 0.0069833333
146 596.4427 0.0070666667
147 600.5412 0.0071833333
148 604.6364 0.0069500000
149 608.7345 0.0069333333
150 612.8329 0.0068000000
151 616.9296 0.0070833333
152 621.0304 0.0068000000
153 625.1292 0.0072666667
154 629.2286 0.0071500000
155 633.3276 0.0067833333
156 637.4309 0.0068666667
157 641.5283 0.0069166667
158 645.6256 0.0066833333
159 649.7228 0.0067333333
160 653.8183 0.0066333333
161 657.9135 0.0067000000
162 662.0139 0.0064000000
163 666.1218 0.0065833333
164 670.2263 0.0065833333
165 674.3419 0.0063333333
166 678.4699 0.0067000000
167 682.5764 0.0065166667
168 686.6878 0.0064833333
169 690.8012 0.0063500000
170 694.9141 0.0062666667
171 699.0240 0.0064333333
172 703.1423 0.0062833333
173 707.2512 0.0062166667
174 711.3567 0.0064333333
175 715.4657 0.0063833333
176 719.5789 0.0064166667
177 723.6898 0.0065500000
178 727.7887 0.0061500000
179 731.8850 0.0061666667
180 735.9791 0.0062000000
181 740.0795 0.0062000000
182 744.1801 0.0061833333
183 748.2788 0.0060500000
184 752.3774 0.0062166667
185 756.4740 0.0059666667
186 760.5737 0.0058500000
187 764.6720 0.0060666667
188 768.7716 0.0059333333
189 772.8708 0.0063500000
190 776.9697 0.0059666667
191 781.0703 0.0063666667
192 785.1689 0.0063000000
193 789.2672 0.0064000000
194 793.3656 0.0055500000
195 797.4619 0.0057666667
196 801.5615 0.0058166667
197 805.6614 0.0059833333
198 809.7618 0.0056333333
199 813.8628 0.0058333333
200 817.9636 0.0060333333
