1 0.0000 4.4100000000
2 1.9121 3.4100000000
3 3.8491 2.8100000000
4 5.7622 2.5200000000
5 7.6703 2.3200000000
6 9.5780 2.2000000000
7 11.4870 2.1200000000
8 13.3942 2.1200000000
9 15.3035 2.1400000000
10 17.2113 2.0900000000
11 19.1199 1.9900000000
12 21.0279 1.9800000000
13 22.9372 1.9500000000
14 24.8438 1.9200000000
15 26.7523 1.9100000000
16 28.6593 1.8400000000
17 30.5691 1.8500000000
18 32.4775 1.8100000000
19 34.3865 1.7800000000
20 36.2942 1.7700000000
21 38.2025 1.7600000000
22 40.1090 1.7600000000
23 42.0185 1.7600000000
24 43.9251 1.7500000000
25 45.8326 1.7300000000
26 47.7418 1.7500000000
27 49.6543 1.7300000000
28 51.5631 1.7400000000
29 53.4724 1.7400000000
30 55.3822 1.7000000000
31 57.2903 1.7000000000
32 59.1982 1.7100000000
33 61.1075 1.7000000000
34 63.0150 1.6800000000
35 64.9234 1.6900000000
36 66.8303 1.6800000000
37 68.7395 1.6900000000
38 70.6505 1.6900000000
39 72.5642 1.6800000000
40 74.4744 1.6700000000
41 76.3837 1.6800000000
42 78.2914 1.6800000000
43 80.1996 1.6800000000
44 82.1073 1.6800000000
45 84.0158 1.6600000000
46 85.9252 1.6700000000
47 87.8330 1.6500000000
48 89.7398 1.6500000000
49 91.6485 1.6400000000
50 93.5562 1.6400000000
51 95.4642 1.6500000000
52 97.3729 1.6500000000
53 99.2815 1.6500000000
54 101.1892 1.6500000000
55 103.0986 1.6500000000
56 105.0070 1.6500000000
57 106.9151 1.6500000000
58 108.8252 1.6600000000
59 110.7546 1.6600000000
60 112.6622 1.6600000000
61 114.5693 1.6600000000
62 116.4782 1.6500000000
63 118.3876 1.6500000000
64 120.2958 1.6500000000
65 122.2035 1.6500000000
66 124.1101 1.6500000000
67 126.0186 1.6500000000
68 127.9275 1.6500000000
69 129.8363 1.6500000000
70 131.7441 1.6500000000
71 133.6535 1.6500000000
72 135.5641 1.6400000000
73 137.4737 1.6400000000
74 139.3845 1.6500000000
75 141.2929 1.6500000000
76 143.2011 1.6500000000
77 145.1105 1.6500000000
78 147.0202 1.6500000000
79 148.9287 1.6500000000
80 150.8397 1.6600000000
81 152.7471 1.6600000000
82 154.6576 1.6600000000
83 156.5670 1.6600000000
84 158.4777 1.6600000000
85 160.3859 1.6500000000
86 162.2949 1.6600000000
87 164.2021 1.6600000000
88 166.1106 1.6600000000
89 168.0203 1.6600000000
90 169.9301 1.6600000000
91 171.8386 1.6500000000
92 173.7470 1.6500000000
93 175.6553 1.6500000000
94 177.5651 1.6500000000
95 179.4776 1.6500000000
96 181.3880 1.6500000000
97 183.2981 1.6500000000
98 185.2072 1.6400000000
99 187.1168 1.6400000000
100 189.0259 1.6400000000
101 190.9348 1.6400000000
102 192.8439 1.6400000000
103 194.7522 1.6300000000
104 196.6646 1.6400000000
105 198.5810 1.6300000000
106 200.4914 1.6400000000
107 202.4009 1.6300000000
108 204.3079 1.6300000000
109 206.2178 1.6300000000
110 208.1276 1.6300000000
111 210.0373 1.6300000000
112 211.9464 1.6300000000
113 213.8553 1.6300000000
114 215.7653 1.6300000000
115 217.6755 1.6300000000
116 219.5854 1.6300000000
117 221.4943 1.6300000000
118 223.4028 1.6300000000
119 225.3105 1.6300000000
120 227.2194 1.6300000000
121 229.1286 1.6300000000
122 231.0378 1.6300000000
123 232.9465 1.6300000000
124 234.8562 1.6300000000
125 236.7636 1.6300000000
126 238.6728 1.6300000000
127 240.5813 1.6300000000
128 242.4910 1.6300000000
129 244.3994 1.6300000000
130 246.3079 1.6300000000
131 248.2174 1.6200000000
132 250.1256 1.6300000000
133 252.0338 1.6300000000
134 253.9425 1.6200000000
135 255.8496 1.6200000000
136 257.7588 1.6200000000
137 259.6707 1.6100000000
138 261.5917 1.6000000000
139 263.5019 1.6000000000
140 265.4128 1.6000000000
141 267.3220 1.6000000000
142 269.2327 1.6000000000
143 271.1411 1.6000000000
144 273.0519 1.6000000000
145 274.9592 1.6000000000
146 276.8679 1.5900000000
147 278.7773 1.6000000000
148 280.6857 1.5900000000
149 282.5976 1.5900000000
150 284.5097 1.6000000000
151 286.4194 1.5900000000
152 288.3300 1.6000000000
153 290.2395 1.5900000000
154 292.1496 1.5900000000
155 294.0585 1.5900000000
156 295.9673 1.6000000000
157 297.8782 1.5900000000
158 299.7886 1.5900000000
159 301.6967 1.5900000000
160 303.6061 1.5900000000
161 305.5147 1.5900000000
162 307.4236 1.5900000000
163 309.3339 1.5900000000
164 311.2426 1.5900000000
165 313.1520 1.5900000000
166 315.0607 1.5900000000
167 316.9701 1.5900000000
168 318.8811 1.5900000000
169 320.7903 1.5900000000
170 322.7035 1.5900000000
171 324.6132 1.5900000000
172 326.5232 1.5900000000
173 328.4334 1.5900000000
174 330.3453 1.5900000000
175 332.2554 1.5900000000
176 334.1665 1.6000000000
177 336.0816 1.6000000000
178 337.9919 1.6000000000
179 339.9017 1.6000000000
180 341.8111 1.6000000000
181 343.7211 1.6000000000
182 345.6303 1.6000000000
183 347.5392 1.6000000000
184 349.4495 1.6000000000
185 351.3589 1.6000000000
186 353.2690 1.6000000000
187 355.1780 1.6000000000
188 357.0869 1.6000000000
189 358.9963 1.6000000000
190 360.9070 1.6000000000
191 362.8164 1.6000000000
192 364.7253 1.6000000000
193 366.6323 1.5900000000
194 368.5410 1.5900000000
195 370.4499 1.5900000000
196 372.3608 1.5900000000
197 374.2710 1.5900000000
198 376.1819 1.5900000000
199 378.0910 1.5900000000
200 379.9988 1.5900000000
