1 0.0000 0.0716166667
2 1.9121 0.0313333333
3 3.8491 0.0213333333
4 5.7622 0.0156333333
5 7.6703 0.0114333333
6 9.5780 0.0084333333
7 11.4870 0.0057833333
8 13.3942 0.0039500000
9 15.3035 0.0025166667
10 17.2113 0.0017000000
11 19.1199 0.0012833333
12 21.0279 0.0007333333
13 22.9372 0.0005333333
14 24.8438 0.0004000000
15 26.7523 0.0003000000
16 28.6593 0.0001500000
17 30.5691 0.0001000000
18 32.4775 0.0000833333
19 34.3865 0.0000666667
20 36.2942 0.0000166667
21 38.2025 0.0000166667
22 40.1090 0.0000166667
23 42.0185 0.0000166667
24 43.9251 0.0000166667
25 45.8326 0.0000166667
26 47.7418 0.0000000000
27 49.6543 0.0000000000
28 51.5631 0.0000000000
29 53.4724 0.0000000000
30 55.3822 0.0000000000
31 57.2903 0.0000000000
32 59.1982 0.0000000000
33 61.1075 0.0000000000
34 63.0150 0.0000000000
35 64.9234 0.0000000000
36 66.8303 0.0000000000
37 68.7395 0.0000000000
38 70.6505 0.0000000000
39 72.5642 0.0000000000
40 74.4744 0.0000000000
41 76.3837 0.0000000000
42 78.2914 0.0000000000
43 80.1996 0.0000000000
44 82.1073 0.0000000000
45 84.0158 0.0000000000
46 85.9252 0.0000000000
47 87.8330 0.0000000000
48 89.7398 0.0000000000
49 91.6485 0.0000000000
50 93.5562 0.0000000000
51 95.4642 0.0000000000
52 97.3729 0.0000000000
53 99.2815 0.0000000000
54 101.1892 0.0000000000
55 103.0986 0.0000000000
56 105.0070 0.0000000000
57 106.9151 0.0000000000
58 108.8252 0.0000000000
59 110.7546 0.0000000000
60 112.6622 0.0000000000
61 114.5693 0.0000000000
62 116.4782 0.0000000000
63 118.3876 0.0000000000
64 120.2958 0.0000000000
65 122.2035 0.0000000000
66 124.1101 0.0000000000
67 126.0186 0.0000000000
68 127.9275 0.0000000000
69 129.8363 0.0000000000
70 131.7441 0.0000000000
71 133.6535 0.0000000000
72 135.5641 0.0000000000
73 137.4737 0.0000000000
74 139.3845 0.0000000000
75 141.2929 0.0000000000
76 143.2011 0.0000000000
77 145.1105 0.0000000000
78 147.0202 0.0000000000
79 148.9287 0.0000000000
80 150.8397 0.0000000000
81 152.7471 0.0000000000
82 154.6576 0.0000000000
83 156.5670 0.0000000000
84 158.4777 0.0000000000
85 160.3859 0.0000000000
86 162.2949 0.0000000000
87 164.2021 0.0000000000
88 166.1106 0.0000000000
89 168.0203 0.0000000000
90 169.9301 0.0000000000
91 171.8386 0.0000000000
92 173.7470 0.0000000000
93 175.6553 0.0000000000
94 177.5651 0.0000000000
95 179.4776 0.0000000000
96 181.3880 0.0000000000
97 183.2981 0.0000000000
98 185.2072 0.0000000000
99 187.1168 0.0000000000
100 189.0259 0.0000000000
101 190.9348 0.0000000000
102 192.8439 0.0000000000
103 194.7522 0.0000000000
104 196.6646 0.0000000000
105 198.5810 0.0000000000
106 200.4914 0.0000000000
107 202.4009 0.0000000000
108 204.3079 0.0000000000
109 206.2178 0.0000000000
110 208.1276 0.0000000000
111 210.0373 0.0000000000
112 211.9464 0.0000000000
113 213.8553 0.0000000000
114 215.7653 0.0000000000
115 217.6755 0.0000000000
116 219.5854 0.0000000000
117 221.4943 0.0000000000
118 223.4028 0.0000000000
119 225.3105 0.0000000000
120 227.2194 0.0000000000
121 229.1286 0.0000000000
122 231.0378 0.0000000000
123 232.9465 0.0000000000
124 234.8562 0.0000000000
125 236.7636 0.0000000000
126 238.6728 0.0000000000
127 240.5813 0.0000000000
128 242.4910 0.0000000000
129 244.3994 0.0000000000
130 246.3079 0.0000000000
131 248.2174 0.0000000000
132 250.1256 0.0000000000
133 252.0338 0.0000000000
134 253.9425 0.0000000000
135 255.8496 0.0000000000
136 257.7588 0.0000000000
137 259.6707 0.0000000000
138 261.5917 0.0000000000
139 263.5019 0.0000000000
140 265.4128 0.0000000000
141 267.3220 0.0000000000
142 269.2327 0.0000000000
143 271.1411 0.0000000000
144 273.0519 0.0000000000
145 274.9592 0.0000000000
146 276.8679 0.0000000000
147 278.7773 0.0000000000
148 280.6857 0.0000000000
149 282.5976 0.0000000000
150 284.5097 0.0000000000
151 286.4194 0.0000000000
152 288.3300 0.0000000000
153 290.2395 0.0000000000
154 292.1496 0.0000000000
155 294.0585 0.0000000000
156 295.9673 0.0000000000
157 297.8782 0.0000000000
158 299.7886 0.0000000000
159 301.6967 0.0000000000
160 303.6061 0.0000000000
161 305.5147 0.0000000000
162 307.4236 0.0000000000
163 309.3339 0.0000000000
164 311.2426 0.0000000000
165 313.1520 0.0000000000
166 315.0607 0.0000000000
167 316.9701 0.0000000000
168 318.8811 0.0000000000
169 320.7903 0.0000000000
170 322.7035 0.0000000000
171 324.6132 0.0000000000
172 326.5232 0.0000000000
173 328.4334 0.0000000000
174 330.3453 0.0000000000
175 332.2554 0.0000000000
176 334.1665 0.0000000000
177 336.0816 0.0000000000
178 337.9919 0.0000000000
179 339.9017 0.0000000000
180 341.8111 0.0000000000
181 343.7211 0.0000000000
182 345.6303 0.0000000000
183 347.5392 0.0000000000
184 349.4495 0.0000000000
185 351.3589 0.0000000000
186 353.2690 0.0000000000
187 355.1780 0.0000000000
188 357.0869 0.0000000000
189 358.9963 0.0000000000
190 360.9070 0.0000000000
191 362.8164 0.0000000000
192 364.7253 0.0000000000
193 366.6323 0.0000000000
194 368.5410 0.0000000000
195 370.4499 0.0000000000
196 372.3608 0.0000000000
197 374.2710 0.0000000000
198 376.1819 0.0000000000
199 378.0910 0.0000000000
200 379.9988 0.0000000000
