1 0.0000 7.9100000000
2 1.9310 5.1900000000
3 3.8470 4.2000000000
4 5.7613 3.4900000000
5 7.6740 3.0400000000
6 9.5886 2.8800000000
7 11.5033 2.6600000000
8 13.4186 2.6200000000
9 15.3326 2.5400000000
10 17.2471 2.4800000000
11 19.1628 2.4400000000
12 21.0813 2.4000000000
13 22.9969 2.3000000000
14 24.9136 2.2900000000
15 26.8280 2.2800000000
16 28.7426 2.2300000000
17 30.6571 2.2100000000
18 32.5734 2.1600000000
19 34.4877 2.1400000000
20 36.4047 2.1200000000
21 38.3187 2.1300000000
22 40.2326 2.0900000000
23 42.1490 2.0400000000
24 44.0757 2.0000000000
25 45.9922 1.9800000000
26 47.9096 1.9700000000
27 49.8260 1.9600000000
28 51.7423 1.9500000000
29 53.6593 1.9100000000
30 55.5756 1.8800000000
31 57.4921 1.8800000000
32 59.4086 1.8700000000
33 61.3250 1.8700000000
34 63.2399 1.8900000000
35 65.1590 1.8900000000
36 67.0780 1.8900000000
37 68.9936 1.8600000000
38 70.9100 1.8500000000
39 72.8249 1.8500000000
40 74.7396 1.8500000000
41 76.6533 1.8400000000
42 78.5673 1.8300000000
43 80.4823 1.8400000000
44 82.3977 1.8200000000
45 84.3117 1.8100000000
46 86.2266 1.8000000000
47 88.1405 1.8000000000
48 90.0613 1.8000000000
49 91.9781 1.8000000000
50 93.8936 1.8100000000
51 95.8089 1.8100000000
52 97.7244 1.8100000000
53 99.6387 1.8200000000
54 101.5539 1.8200000000
55 103.4672 1.8100000000
56 105.3813 1.8200000000
57 107.2952 1.8200000000
58 109.2100 1.8200000000
59 111.1276 1.8200000000
60 113.0533 1.8200000000
61 114.9695 1.8100000000
62 116.8876 1.8100000000
63 118.8044 1.8100000000
64 120.7223 1.8200000000
65 122.6390 1.8200000000
66 124.5564 1.8200000000
67 126.4739 1.8200000000
68 128.3923 1.8300000000
69 130.3084 1.8300000000
70 132.2247 1.8300000000
71 134.1436 1.8300000000
72 136.0621 1.8300000000
73 137.9768 1.8300000000
74 139.8929 1.8300000000
75 141.8073 1.8300000000
76 143.7230 1.8300000000
77 145.6384 1.8300000000
78 147.5535 1.8300000000
79 149.4677 1.8300000000
80 151.3834 1.8300000000
81 153.2978 1.8300000000
82 155.2133 1.8300000000
83 157.1310 1.8300000000
84 159.0523 1.8300000000
85 160.9677 1.8300000000
86 162.8831 1.8300000000
87 164.7987 1.8300000000
88 166.7140 1.8200000000
89 168.6283 1.8300000000
90 170.5434 1.8300000000
91 172.4591 1.8300000000
92 174.3748 1.8200000000
93 176.2905 1.8200000000
94 178.2042 1.8200000000
95 180.1213 1.8200000000
96 182.0447 1.8200000000
97 183.9614 1.8100000000
98 185.8794 1.8100000000
99 187.7979 1.8100000000
100 189.7153 1.8100000000
101 191.6304 1.8100000000
102 193.5474 1.8100000000
103 195.4632 1.8100000000
104 197.3805 1.8100000000
105 199.2967 1.8100000000
106 201.2137 1.8200000000
107 203.1339 1.8200000000
108 205.0570 1.8200000000
109 206.9720 1.8100000000
110 208.8876 1.8100000000
111 210.8041 1.8100000000
112 212.7198 1.8100000000
113 214.6350 1.8100000000
114 216.5504 1.8100000000
115 218.4653 1.8000000000
116 220.3800 1.8000000000
117 222.2936 1.8000000000
118 224.2090 1.8000000000
119 226.1260 1.8000000000
120 228.0460 1.8000000000
121 229.9629 1.8000000000
122 231.8786 1.8000000000
123 233.7929 1.8000000000
124 235.7104 1.8000000000
125 237.6249 1.8000000000
126 239.5400 1.7900000000
127 241.4549 1.7900000000
128 243.3914 1.8000000000
129 245.3054 1.8000000000
130 247.2213 1.8000000000
131 249.1383 1.8000000000
132 251.0644 1.8000000000
133 252.9811 1.8000000000
134 254.8991 1.8100000000
135 256.8160 1.8100000000
136 258.7320 1.8200000000
137 260.6497 1.8200000000
138 262.5667 1.8200000000
139 264.4833 1.8200000000
140 266.4006 1.8300000000
141 268.3163 1.8300000000
142 270.2325 1.8300000000
143 272.1504 1.8300000000
144 274.0702 1.8300000000
145 275.9866 1.8300000000
146 277.9035 1.8300000000
147 279.8203 1.8300000000
148 281.7370 1.8300000000
149 283.6529 1.8300000000
150 285.5691 1.8300000000
151 287.4853 1.8300000000
152 289.4030 1.8300000000
153 291.3187 1.8300000000
154 293.2357 1.8200000000
155 295.1514 1.8200000000
156 297.0692 1.8200000000
157 298.9846 1.8200000000
158 300.9012 1.8200000000
159 302.8171 1.8200000000
160 304.7336 1.8200000000
161 306.6502 1.8200000000
162 308.5665 1.8200000000
163 310.4830 1.8200000000
164 312.3986 1.8200000000
165 314.3166 1.8200000000
166 316.2330 1.8200000000
167 318.1514 1.8200000000
168 320.0705 1.8200000000
169 321.9866 1.8200000000
170 323.9029 1.8200000000
171 325.8177 1.8200000000
172 327.7326 1.8100000000
173 329.6479 1.8100000000
174 331.5649 1.8100000000
175 333.4796 1.8100000000
176 335.3946 1.8100000000
177 337.3101 1.8200000000
178 339.2246 1.8200000000
179 341.1412 1.8200000000
180 343.0615 1.8100000000
181 344.9784 1.8200000000
182 346.8943 1.8300000000
183 348.8098 1.8300000000
184 350.7250 1.8300000000
185 352.6400 1.8300000000
186 354.5553 1.8300000000
187 356.4701 1.8300000000
188 358.3850 1.8300000000
189 360.2994 1.8300000000
190 362.2136 1.8300000000
191 364.1311 1.8300000000
192 366.0538 1.8300000000
193 367.9726 1.8300000000
194 369.8907 1.8300000000
195 371.8057 1.8300000000
196 373.7237 1.8300000000
197 375.6409 1.8300000000
198 377.5568 1.8300000000
199 379.4736 1.8300000000
200 381.3902 1.8300000000
