1 0.0000 0.0932333333
2 1.9310 0.0562333333
3 3.8470 0.0394500000
4 5.7613 0.0296833333
5 7.6740 0.0237833333
6 9.5886 0.0190166667
7 11.5033 0.0159833333
8 13.4186 0.0131666667
9 15.3326 0.0102833333
10 17.2471 0.0080833333
11 19.1628 0.0062500000
12 21.0813 0.0049166667
13 22.9969 0.0037333333
14 24.9136 0.0026000000
15 26.8280 0.0018000000
16 28.7426 0.0012500000
17 30.6571 0.0010666667
18 32.5734 0.0007500000
19 34.4877 0.0006166667
20 36.4047 0.0005166667
21 38.3187 0.0003833333
22 40.2326 0.0002500000
23 42.1490 0.0002000000
24 44.0757 0.0001333333
25 45.9922 0.0001000000
26 47.9096 0.0001000000
27 49.8260 0.0000500000
28 51.7423 0.0000333333
29 53.6593 0.0000333333
30 55.5756 0.0000166667
31 57.4921 0.0000166667
32 59.4086 0.0000166667
33 61.3250 0.0000166667
34 63.2399 0.0000166667
35 65.1590 0.0000166667
36 67.0780 0.0000000000
37 68.9936 0.0000000000
38 70.9100 0.0000000000
39 72.8249 0.0000000000
40 74.7396 0.0000000000
41 76.6533 0.0000000000
42 78.5673 0.0000000000
43 80.4823 0.0000000000
44 82.3977 0.0000000000
45 84.3117 0.0000000000
46 86.2266 0.0000000000
47 88.1405 0.0000000000
48 90.0613 0.0000000000
49 91.9781 0.0000000000
50 93.8936 0.0000000000
51 95.8089 0.0000000000
52 97.7244 0.0000000000
53 99.6387 0.0000000000
54 101.5539 0.0000000000
55 103.4672 0.0000000000
56 105.3813 0.0000000000
57 107.2952 0.0000000000
58 109.2100 0.0000000000
59 111.1276 0.0000000000
60 113.0533 0.0000000000
61 114.9695 0.0000000000
62 116.8876 0.0000000000
63 118.8044 0.0000000000
64 120.7223 0.0000000000
65 122.6390 0.0000000000
66 124.5564 0.0000000000
67 126.4739 0.0000000000
68 128.3923 0.0000000000
69 130.3084 0.0000000000
70 132.2247 0.0000000000
71 134.1436 0.0000000000
72 136.0621 0.0000000000
73 137.9768 0.0000000000
74 139.8929 0.0000000000
75 141.8073 0.0000000000
76 143.7230 0.0000000000
77 145.6384 0.0000000000
78 147.5535 0.0000000000
79 149.4677 0.0000000000
80 151.3834 0.0000000000
81 153.2978 0.0000000000
82 155.2133 0.0000000000
83 157.1310 0.0000000000
84 159.0523 0.0000000000
85 160.9677 0.0000000000
86 162.8831 0.0000000000
87 164.7987 0.0000000000
88 166.7140 0.0000000000
89 168.6283 0.0000000000
90 170.5434 0.0000000000
91 172.4591 0.0000000000
92 174.3748 0.0000000000
93 176.2905 0.0000000000
94 178.2042 0.0000000000
95 180.1213 0.0000000000
96 182.0447 0.0000000000
97 183.9614 0.0000000000
98 185.8794 0.0000000000
99 187.7979 0.0000000000
100 189.7153 0.0000000000
101 191.6304 0.0000000000
102 193.5474 0.0000000000
103 195.4632 0.0000000000
104 197.3805 0.0000000000
105 199.2967 0.0000000000
106 201.2137 0.0000000000
107 203.1339 0.0000000000
108 205.0570 0.0000000000
109 206.9720 0.0000000000
110 208.8876 0.0000000000
111 210.8041 0.0000000000
112 212.7198 0.0000000000
113 214.6350 0.0000000000
114 216.5504 0.0000000000
115 218.4653 0.0000000000
116 220.3800 0.0000000000
117 222.2936 0.0000000000
118 224.2090 0.0000000000
119 226.1260 0.0000000000
120 228.0460 0.0000000000
121 229.9629 0.0000000000
122 231.8786 0.0000000000
123 233.7929 0.0000000000
124 235.7104 0.0000000000
125 237.6249 0.0000000000
126 239.5400 0.0000000000
127 241.4549 0.0000000000
128 243.3914 0.0000000000
129 245.3054 0.0000000000
130 247.2213 0.0000000000
131 249.1383 0.0000000000
132 251.0644 0.0000000000
133 252.9811 0.0000000000
134 254.8991 0.0000000000
135 256.8160 0.0000000000
136 258.7320 0.0000000000
137 260.6497 0.0000000000
138 262.5667 0.0000000000
139 264.4833 0.0000000000
140 266.4006 0.0000000000
141 268.3163 0.0000000000
142 270.2325 0.0000000000
143 272.1504 0.0000000000
144 274.0702 0.0000000000
145 275.9866 0.0000000000
146 277.9035 0.0000000000
147 279.8203 0.0000000000
148 281.7370 0.0000000000
149 283.6529 0.0000000000
150 285.5691 0.0000000000
151 287.4853 0.0000000000
152 289.4030 0.0000000000
153 291.3187 0.0000000000
154 293.2357 0.0000000000
155 295.1514 0.0000000000
156 297.0692 0.0000000000
157 298.9846 0.0000000000
158 300.9012 0.0000000000
159 302.8171 0.0000000000
160 304.7336 0.0000000000
161 306.6502 0.0000000000
162 308.5665 0.0000000000
163 310.4830 0.0000000000
164 312.3986 0.0000000000
165 314.3166 0.0000000000
166 316.2330 0.0000000000
167 318.1514 0.0000000000
168 320.0705 0.0000000000
169 321.9866 0.0000000000
170 323.9029 0.0000000000
171 325.8177 0.0000000000
172 327.7326 0.0000000000
173 329.6479 0.0000000000
174 331.5649 0.0000000000
175 333.4796 0.0000000000
176 335.3946 0.0000000000
177 337.3101 0.0000000000
178 339.2246 0.0000000000
179 341.1412 0.0000000000
180 343.0615 0.0000000000
181 344.9784 0.0000000000
182 346.8943 0.0000000000
183 348.8098 0.0000000000
184 350.7250 0.0000000000
185 352.6400 0.0000000000
186 354.5553 0.0000000000
187 356.4701 0.0000000000
188 358.3850 0.0000000000
189 360.2994 0.0000000000
190 362.2136 0.0000000000
191 364.1311 0.0000000000
192 366.0538 0.0000000000
193 367.9726 0.0000000000
194 369.8907 0.0000000000
195 371.8057 0.0000000000
196 373.7237 0.0000000000
197 375.6409 0.0000000000
198 377.5568 0.0000000000
199 379.4736 0.0000000000
200 381.3902 0.0000000000
