1 0.0000 5.4200000000
2 4.1005 4.4100000000
3 8.1686 3.6800000000
4 12.2407 3.8900000000
5 16.3096 3.0900000000
6 20.3844 3.0900000000
7 24.4512 3.0900000000
8 28.5250 3.2600000000
9 32.5910 2.6500000000
10 36.6562 2.6200000000
11 40.7210 2.7800000000
12 44.7845 2.8200000000
13 48.8477 2.6800000000
14 52.9125 2.8300000000
15 56.9770 2.5100000000
16 61.0413 2.9300000000
17 65.1063 2.4600000000
18 69.1717 2.4600000000
19 73.2395 2.4700000000
20 77.3032 2.5100000000
21 81.3695 2.5000000000
22 85.4354 2.4600000000
23 89.5036 2.4600000000
24 93.5682 2.3800000000
25 97.6323 2.4500000000
26 101.6978 2.3900000000
27 105.7627 2.2500000000
28 109.8297 2.4600000000
29 113.8928 2.5200000000
30 117.9579 2.3400000000
31 122.0181 2.4500000000
32 126.0764 2.2300000000
33 130.1368 2.2800000000
34 134.2014 2.2300000000
35 138.2676 2.3400000000
36 142.3303 2.2400000000
37 146.3957 2.3600000000
38 150.4595 2.2600000000
39 154.5205 2.2500000000
40 158.5862 2.4000000000
41 162.6454 2.2600000000
42 166.7098 2.3800000000
43 170.7737 2.1500000000
44 174.8399 2.1300000000
45 178.9046 2.2200000000
46 182.9683 2.3900000000
47 187.0314 2.1400000000
48 191.0941 2.0600000000
49 195.1592 2.2200000000
50 199.2221 2.0200000000
51 203.2852 2.1500000000
52 207.3498 2.2400000000
53 211.4131 2.1300000000
54 215.4768 2.2300000000
55 219.5402 2.0600000000
56 223.6017 1.9500000000
57 227.6638 2.0100000000
58 231.7291 2.2400000000
59 235.7951 2.1500000000
60 239.8520 2.1300000000
61 243.9158 2.2900000000
62 247.9830 1.9200000000
63 252.0596 2.1200000000
64 256.1341 1.9800000000
65 260.2108 2.0000000000
66 264.2871 2.0700000000
67 268.3632 2.1600000000
68 272.4401 2.0900000000
69 276.5173 2.0000000000
70 280.5989 2.2100000000
71 284.6771 2.1100000000
72 288.7494 2.1500000000
73 292.8247 2.1100000000
74 296.8994 2.2800000000
75 300.9768 2.1000000000
76 305.0541 2.1200000000
77 309.1302 2.2700000000
78 313.2071 2.0100000000
79 317.2843 2.0200000000
80 321.3560 2.0700000000
81 325.4268 2.0400000000
82 329.4999 2.0600000000
83 333.5759 2.0900000000
84 337.6518 1.8500000000
85 341.7286 2.2100000000
86 345.8031 2.0700000000
87 349.8817 2.2300000000
88 353.9599 2.0300000000
89 358.0284 2.1000000000
90 362.0950 1.9300000000
91 366.1603 2.0400000000
92 370.2267 2.0000000000
93 374.2976 2.1200000000
94 378.3652 2.2100000000
95 382.4333 2.0300000000
96 386.5020 2.0200000000
97 390.5684 1.9500000000
98 394.6355 2.0100000000
99 398.7044 2.2100000000
100 402.7745 2.0400000000
101 406.8396 1.9700000000
102 410.9078 1.9800000000
103 414.9746 2.3200000000
104 419.0494 2.0800000000
105 423.1219 1.9100000000
106 427.1992 2.0300000000
107 431.2802 2.0500000000
108 435.3558 2.0300000000
109 439.4225 1.8900000000
110 443.4926 2.0000000000
111 447.5680 2.0200000000
112 451.6443 1.9700000000
113 455.7191 2.0900000000
114 459.7979 1.8400000000
115 463.8721 1.9400000000
116 467.9497 1.9000000000
117 472.0258 2.0100000000
118 476.0999 1.8500000000
119 480.1722 1.8600000000
120 484.2441 1.9300000000
121 488.3204 1.8100000000
122 492.3933 1.9200000000
123 496.4636 2.0700000000
124 500.5368 2.1300000000
125 504.6116 1.9700000000
126 508.6832 2.0500000000
127 512.7550 1.9500000000
128 516.8230 1.9200000000
129 520.8858 2.0100000000
130 524.9422 1.9600000000
131 528.9978 1.9300000000
132 533.0543 1.9300000000
133 537.1154 1.8600000000
134 541.1786 1.8400000000
135 545.2426 2.0300000000
136 549.2976 1.9600000000
137 553.3678 1.9400000000
138 557.5171 1.9600000000
139 561.6615 1.9700000000
140 565.7253 1.9400000000
141 569.7861 2.0200000000
142 573.8470 1.9000000000
143 577.9134 2.0400000000
144 581.9788 1.9200000000
145 586.0424 1.9700000000
146 590.1086 1.9100000000
147 594.1734 1.9900000000
148 598.2375 2.0700000000
149 602.3008 1.9600000000
150 606.3603 2.0000000000
151 610.4274 2.0500000000
152 614.4941 2.0000000000
153 618.5614 1.9900000000
154 622.6222 1.9000000000
155 626.6886 1.9100000000
156 630.7495 2.0200000000
157 634.8063 2.0300000000
158 638.8663 1.8900000000
159 642.9215 1.9800000000
160 646.9752 1.9200000000
161 651.0299 1.8800000000
162 655.0823 1.8100000000
163 659.1332 1.7500000000
164 663.1854 1.7600000000
165 667.2401 1.9100000000
166 671.2912 1.8800000000
167 675.3499 1.8500000000
168 679.4018 1.8200000000
169 683.5132 1.8800000000
170 687.6167 2.0000000000
171 691.6928 1.9300000000
172 695.8370 1.9100000000
173 699.9115 1.8600000000
174 703.9915 1.7600000000
175 708.0428 1.9600000000
176 712.0997 1.9500000000
177 716.1541 1.9700000000
178 720.2037 1.8800000000
179 724.2569 1.8800000000
180 728.3049 1.8400000000
181 732.3641 1.9200000000
182 736.4148 1.8600000000
183 740.4679 1.8800000000
184 744.5211 1.8600000000
185 748.5685 2.0000000000
186 752.6239 2.0300000000
187 756.7282 1.9300000000
188 760.8752 1.9500000000
189 764.9475 1.9000000000
190 769.0102 2.0700000000
191 773.0745 1.9000000000
192 777.1360 1.8800000000
193 781.1993 1.8700000000
194 785.2628 1.8800000000
195 789.3251 1.7600000000
196 793.3911 1.8900000000
197 797.4507 1.7700000000
198 801.5119 1.9100000000
199 805.5695 1.7600000000
200 809.6279 1.8900000000
