1 0.0000 0.0857833333
2 4.1005 0.0451500000
3 8.1686 0.0370500000
4 12.2407 0.0319333333
5 16.3096 0.0298166667
6 20.3844 0.0270166667
7 24.4512 0.0259166667
8 28.5250 0.0248166667
9 32.5910 0.0236333333
10 36.6562 0.0226666667
11 40.7210 0.0214333333
12 44.7845 0.0214666667
13 48.8477 0.0203500000
14 52.9125 0.0199333333
15 56.9770 0.0194833333
16 61.0413 0.0189166667
17 65.1063 0.0185500000
18 69.1717 0.0184666667
19 73.2395 0.0174166667
20 77.3032 0.0171833333
21 81.3695 0.0173166667
22 85.4354 0.0166500000
23 89.5036 0.0160166667
24 93.5682 0.0163833333
25 97.6323 0.0163833333
26 101.6978 0.0159333333
27 105.7627 0.0157666667
28 109.8297 0.0155666667
29 113.8928 0.0152000000
30 117.9579 0.0145666667
31 122.0181 0.0146500000
32 126.0764 0.0143666667
33 130.1368 0.0145000000
34 134.2014 0.0136833333
35 138.2676 0.0134500000
36 142.3303 0.0137333333
37 146.3957 0.0135000000
38 150.4595 0.0131500000
39 154.5205 0.0131500000
40 158.5862 0.0129000000
41 162.6454 0.0127666667
42 166.7098 0.0126166667
43 170.7737 0.0127000000
44 174.8399 0.0124000000
45 178.9046 0.0122500000
46 182.9683 0.0124333333
47 187.0314 0.0122833333
48 191.0941 0.0124333333
49 195.1592 0.0119000000
50 199.2221 0.0118166667
51 203.2852 0.0117166667
52 207.3498 0.0120333333
53 211.4131 0.0112833333
54 215.4768 0.0112500000
55 219.5402 0.0112333333
56 223.6017 0.0107333333
57 227.6638 0.0108666667
58 231.7291 0.0108333333
59 235.7951 0.0109000000
60 239.8520 0.0109333333
61 243.9158 0.0106833333
62 247.9830 0.0100000000
63 252.0596 0.0104833333
64 256.1341 0.0105500000
65 260.2108 0.0102166667
66 264.2871 0.0103166667
67 268.3632 0.0106500000
68 272.4401 0.0105000000
69 276.5173 0.0100666667
70 280.5989 0.0096500000
71 284.6771 0.0103166667
72 288.7494 0.0098666667
73 292.8247 0.0099333333
74 296.8994 0.0097333333
75 300.9768 0.0097833333
76 305.0541 0.0096333333
77 309.1302 0.0098000000
78 313.2071 0.0095833333
79 317.2843 0.0091500000
80 321.3560 0.0092833333
81 325.4268 0.0088500000
82 329.4999 0.0095500000
83 333.5759 0.0093333333
84 337.6518 0.0090166667
85 341.7286 0.0091666667
86 345.8031 0.0094166667
87 349.8817 0.0093333333
88 353.9599 0.0093333333
89 358.0284 0.0089666667
90 362.0950 0.0089166667
91 366.1603 0.0089666667
92 370.2267 0.0088833333
93 374.2976 0.0090000000
94 378.3652 0.0091833333
95 382.4333 0.0085833333
96 386.5020 0.0086000000
97 390.5684 0.0085666667
98 394.6355 0.0082166667
99 398.7044 0.0085666667
100 402.7745 0.0081666667
101 406.8396 0.0081833333
102 410.9078 0.0086500000
103 414.9746 0.0085833333
104 419.0494 0.0083666667
105 423.1219 0.0081666667
106 427.1992 0.0083833333
107 431.2802 0.0078666667
108 435.3558 0.0081833333
109 439.4225 0.0082666667
110 443.4926 0.0081500000
111 447.5680 0.0083000000
112 451.6443 0.0082500000
113 455.7191 0.0078166667
114 459.7979 0.0079333333
115 463.8721 0.0073500000
116 467.9497 0.0077333333
117 472.0258 0.0075333333
118 476.0999 0.0072500000
119 480.1722 0.0074500000
120 484.2441 0.0077000000
121 488.3204 0.0077333333
122 492.3933 0.0074500000
123 496.4636 0.0077833333
124 500.5368 0.0073166667
125 504.6116 0.0076666667
126 508.6832 0.0073333333
127 512.7550 0.0073833333
128 516.8230 0.0077500000
129 520.8858 0.0074666667
130 524.9422 0.0075500000
131 528.9978 0.0069666667
132 533.0543 0.0074666667
133 537.1154 0.0073666667
134 541.1786 0.0074666667
135 545.2426 0.0076833333
136 549.2976 0.0074000000
137 553.3678 0.0075666667
138 557.5171 0.0066000000
139 561.6615 0.0074000000
140 565.7253 0.0067833333
141 569.7861 0.0070666667
142 573.8470 0.0067833333
143 577.9134 0.0072666667
144 581.9788 0.0070166667
145 586.0424 0.0070166667
146 590.1086 0.0069166667
147 594.1734 0.0070833333
148 598.2375 0.0070333333
149 602.3008 0.0072166667
150 606.3603 0.0068000000
151 610.4274 0.0065666667
152 614.4941 0.0068166667
153 618.5614 0.0069666667
154 622.6222 0.0067833333
155 626.6886 0.0067000000
156 630.7495 0.0067666667
157 634.8063 0.0069166667
158 638.8663 0.0064166667
159 642.9215 0.0064000000
160 646.9752 0.0064166667
161 651.0299 0.0064333333
162 655.0823 0.0065833333
163 659.1332 0.0068333333
164 663.1854 0.0069500000
165 667.2401 0.0067000000
166 671.2912 0.0062333333
167 675.3499 0.0061500000
168 679.4018 0.0065333333
169 683.5132 0.0060666667
170 687.6167 0.0057000000
171 691.6928 0.0066833333
172 695.8370 0.0063166667
173 699.9115 0.0065666667
174 703.9915 0.0065166667
175 708.0428 0.0067000000
176 712.0997 0.0064666667
177 716.1541 0.0064666667
178 720.2037 0.0062833333
179 724.2569 0.0067000000
180 728.3049 0.0064666667
181 732.3641 0.0062833333
182 736.4148 0.0064000000
183 740.4679 0.0062833333
184 744.5211 0.0059666667
185 748.5685 0.0061500000
186 752.6239 0.0061000000
187 756.7282 0.0061333333
188 760.8752 0.0061333333
189 764.9475 0.0059833333
190 769.0102 0.0064666667
191 773.0745 0.0058833333
192 777.1360 0.0066333333
193 781.1993 0.0061333333
194 785.2628 0.0059833333
195 789.3251 0.0061666667
196 793.3911 0.0058000000
197 797.4507 0.0061333333
198 801.5119 0.0063500000
199 805.5695 0.0063333333
200 809.6279 0.0058500000
