1 0.0000 5.6800000000
2 4.2278 4.5100000000
3 8.3139 3.8700000000
4 12.4005 3.3800000000
5 16.4869 3.2800000000
6 20.5782 2.9300000000
7 24.6707 3.0500000000
8 28.7594 2.8800000000
9 32.8475 2.8700000000
10 36.9340 2.6200000000
11 41.0223 2.7200000000
12 45.1102 2.8500000000
13 49.2008 2.5100000000
14 53.2875 2.5900000000
15 57.3737 2.6600000000
16 61.4617 2.5200000000
17 65.5477 2.5500000000
18 69.6332 2.6100000000
19 73.7159 2.4000000000
20 77.8014 2.4900000000
21 81.8865 2.3700000000
22 85.9725 2.4200000000
23 90.0592 2.6400000000
24 94.1449 2.4900000000
25 98.2303 2.3000000000
26 102.3144 2.3800000000
27 106.4006 2.4400000000
28 110.4898 2.4700000000
29 114.5750 2.4800000000
30 118.6623 2.5000000000
31 122.7491 2.5300000000
32 126.8349 2.5100000000
33 130.9194 2.3400000000
34 135.0055 2.4700000000
35 139.0911 2.3800000000
36 143.1769 2.3300000000
37 147.2623 2.3100000000
38 151.3482 2.2200000000
39 155.4336 2.2600000000
40 159.5200 2.1500000000
41 163.6105 2.2200000000
42 167.7123 2.2200000000
43 171.8093 2.3200000000
44 175.9085 2.1400000000
45 180.0035 2.2000000000
46 184.1007 2.1800000000
47 188.1986 2.5800000000
48 192.2916 2.1400000000
49 196.3879 2.1300000000
50 200.4840 2.2300000000
51 204.5795 2.2500000000
52 208.6755 2.2900000000
53 212.7690 2.2800000000
54 216.8667 2.2400000000
55 220.9618 2.0900000000
56 225.0583 1.9400000000
57 229.1547 2.1500000000
58 233.2531 2.1400000000
59 237.3489 2.2600000000
60 241.4463 2.0200000000
61 245.5501 2.0500000000
62 249.6474 2.1000000000
63 253.7473 2.1500000000
64 257.8443 2.1900000000
65 261.9406 2.1900000000
66 266.0306 2.1500000000
67 270.1189 1.9600000000
68 274.2072 2.2000000000
69 278.2953 2.1400000000
70 282.3831 2.0100000000
71 286.4729 2.1600000000
72 290.5643 2.0300000000
73 294.6712 2.1200000000
74 298.7903 2.1300000000
75 302.8713 2.1500000000
76 306.9543 2.0300000000
77 311.0373 2.0200000000
78 315.1187 1.9600000000
79 319.1967 2.0200000000
80 323.2760 2.1000000000
81 327.3513 2.0000000000
82 331.4306 1.9800000000
83 335.5155 2.0100000000
84 339.5927 2.3400000000
85 343.6709 2.1900000000
86 347.7618 2.1300000000
87 351.8463 2.0500000000
88 355.9973 2.0100000000
89 360.1279 1.8800000000
90 364.2863 2.0600000000
91 368.4009 2.0400000000
92 372.4989 2.1000000000
93 376.6012 2.0200000000
94 380.6994 2.0300000000
95 384.7970 2.1000000000
96 388.8929 2.1500000000
97 392.9809 2.0100000000
98 397.0695 2.1300000000
99 401.1656 2.0200000000
100 405.2585 2.1000000000
101 409.3560 2.0100000000
102 413.4516 1.9900000000
103 417.5467 2.0800000000
104 421.6427 2.0800000000
105 425.7434 2.0300000000
106 429.8455 2.0300000000
107 433.9391 1.9400000000
108 438.0334 1.9400000000
109 442.1246 2.1500000000
110 446.2198 2.0900000000
111 450.3167 1.9800000000
112 454.4138 2.1000000000
113 458.5109 2.0900000000
114 462.6092 2.0400000000
115 466.7066 1.8600000000
116 470.8060 2.0600000000
117 474.9019 2.0800000000
118 478.9995 2.0100000000
119 483.1204 1.9700000000
120 487.2167 2.0200000000
121 491.3073 1.9700000000
122 495.4019 1.9900000000
123 499.4973 1.9800000000
124 503.5939 2.1200000000
125 507.6908 2.0500000000
126 511.7873 2.0700000000
127 515.8835 1.9500000000
128 519.9785 1.9900000000
129 524.0718 1.9800000000
130 528.1574 2.0000000000
131 532.2388 1.9500000000
132 536.3206 1.8700000000
133 540.4018 1.9100000000
134 544.4835 1.8800000000
135 548.5646 1.9000000000
136 552.6462 1.8000000000
137 556.7251 1.9400000000
138 560.8063 1.8400000000
139 564.8853 1.9500000000
140 568.9660 2.0400000000
141 573.0471 1.9700000000
142 577.1274 1.9300000000
143 581.2080 1.8400000000
144 585.2946 1.8000000000
145 589.3722 2.0400000000
146 593.4459 1.9000000000
147 597.5196 1.9800000000
148 601.5946 1.9100000000
149 605.6673 2.0500000000
150 609.7406 1.9500000000
151 613.8091 1.8500000000
152 617.8820 1.7700000000
153 621.9528 1.8700000000
154 626.0247 1.9700000000
155 630.0985 1.9200000000
156 634.1720 1.9800000000
157 638.2453 1.8600000000
158 642.3138 2.0100000000
159 646.3819 2.0300000000
160 650.4547 2.0100000000
161 654.5266 1.9300000000
162 658.6006 1.9100000000
163 662.6716 1.9600000000
164 666.7474 1.9300000000
165 670.8246 1.8200000000
166 674.8986 1.8800000000
167 678.9711 1.9200000000
168 683.0439 1.9900000000
169 687.1162 2.0400000000
170 691.1890 1.8300000000
171 695.2603 1.9400000000
172 699.3328 1.8700000000
173 703.4053 1.9500000000
174 707.4805 1.8700000000
175 711.5535 1.9600000000
176 715.6247 1.8800000000
177 719.6960 1.9600000000
178 723.7661 1.8900000000
179 727.8369 1.9700000000
180 731.9076 1.9200000000
181 735.9775 1.8500000000
182 740.0503 1.9400000000
183 744.1221 1.9500000000
184 748.1929 1.9000000000
185 752.2647 2.0500000000
186 756.3360 2.0000000000
187 760.4059 2.0400000000
188 764.4754 1.9000000000
189 768.5496 1.9200000000
190 772.6210 2.0000000000
191 776.6906 1.8900000000
192 780.7597 1.9000000000
193 784.8296 1.8200000000
194 788.8999 1.9200000000
195 793.1225 1.9100000000
196 797.2313 1.8400000000
197 801.3188 1.9500000000
198 805.4101 1.9800000000
199 809.5003 1.9300000000
200 813.5873 1.8900000000
