1 0.0000 0.0844166667
2 4.2278 0.0460833333
3 8.3139 0.0377666667
4 12.4005 0.0323500000
5 16.4869 0.0300000000
6 20.5782 0.0271500000
7 24.6707 0.0262666667
8 28.7594 0.0249666667
9 32.8475 0.0237833333
10 36.9340 0.0225000000
11 41.0223 0.0217666667
12 45.1102 0.0217833333
13 49.2008 0.0211666667
14 53.2875 0.0203333333
15 57.3737 0.0197500000
16 61.4617 0.0189333333
17 65.5477 0.0188166667
18 69.6332 0.0190500000
19 73.7159 0.0178166667
20 77.8014 0.0180000000
21 81.8865 0.0171333333
22 85.9725 0.0170000000
23 90.0592 0.0168833333
24 94.1449 0.0166166667
25 98.2303 0.0159666667
26 102.3144 0.0163000000
27 106.4006 0.0164166667
28 110.4898 0.0152000000
29 114.5750 0.0146333333
30 118.6623 0.0148833333
31 122.7491 0.0152833333
32 126.8349 0.0147500000
33 130.9194 0.0149500000
34 135.0055 0.0146333333
35 139.0911 0.0140500000
36 143.1769 0.0140500000
37 147.2623 0.0138666667
38 151.3482 0.0139333333
39 155.4336 0.0133833333
40 159.5200 0.0131833333
41 163.6105 0.0132666667
42 167.7123 0.0127500000
43 171.8093 0.0125666667
44 175.9085 0.0128666667
45 180.0035 0.0127333333
46 184.1007 0.0124000000
47 188.1986 0.0126166667
48 192.2916 0.0124666667
49 196.3879 0.0120000000
50 200.4840 0.0115833333
51 204.5795 0.0118000000
52 208.6755 0.0118500000
53 212.7690 0.0113500000
54 216.8667 0.0116333333
55 220.9618 0.0115333333
56 225.0583 0.0113333333
57 229.1547 0.0114666667
58 233.2531 0.0114333333
59 237.3489 0.0111333333
60 241.4463 0.0109166667
61 245.5501 0.0112500000
62 249.6474 0.0110000000
63 253.7473 0.0113000000
64 257.8443 0.0109166667
65 261.9406 0.0106000000
66 266.0306 0.0106000000
67 270.1189 0.0105666667
68 274.2072 0.0106500000
69 278.2953 0.0104500000
70 282.3831 0.0098833333
71 286.4729 0.0107333333
72 290.5643 0.0100666667
73 294.6712 0.0104666667
74 298.7903 0.0100000000
75 302.8713 0.0095500000
76 306.9543 0.0097333333
77 311.0373 0.0094500000
78 315.1187 0.0097833333
79 319.1967 0.0098500000
80 323.2760 0.0095500000
81 327.3513 0.0095500000
82 331.4306 0.0095500000
83 335.5155 0.0092666667
84 339.5927 0.0093333333
85 343.6709 0.0094000000
86 347.7618 0.0091500000
87 351.8463 0.0092500000
88 355.9973 0.0089666667
89 360.1279 0.0093500000
90 364.2863 0.0096000000
91 368.4009 0.0097833333
92 372.4989 0.0088166667
93 376.6012 0.0090166667
94 380.6994 0.0087166667
95 384.7970 0.0088166667
96 388.8929 0.0087833333
97 392.9809 0.0085333333
98 397.0695 0.0087000000
99 401.1656 0.0083500000
100 405.2585 0.0087000000
101 409.3560 0.0081833333
102 413.4516 0.0083666667
103 417.5467 0.0080166667
104 421.6427 0.0081500000
105 425.7434 0.0083833333
106 429.8455 0.0083333333
107 433.9391 0.0083333333
108 438.0334 0.0081500000
109 442.1246 0.0080000000
110 446.2198 0.0082000000
111 450.3167 0.0086333333
112 454.4138 0.0080666667
113 458.5109 0.0078000000
114 462.6092 0.0078833333
115 466.7066 0.0076166667
116 470.8060 0.0074833333
117 474.9019 0.0079166667
118 478.9995 0.0078000000
119 483.1204 0.0078000000
120 487.2167 0.0077166667
121 491.3073 0.0078000000
122 495.4019 0.0078166667
123 499.4973 0.0076333333
124 503.5939 0.0076500000
125 507.6908 0.0074666667
126 511.7873 0.0078666667
127 515.8835 0.0075333333
128 519.9785 0.0078833333
129 524.0718 0.0077166667
130 528.1574 0.0077500000
131 532.2388 0.0075833333
132 536.3206 0.0071500000
133 540.4018 0.0072500000
134 544.4835 0.0070166667
135 548.5646 0.0074166667
136 552.6462 0.0071666667
137 556.7251 0.0069000000
138 560.8063 0.0072166667
139 564.8853 0.0069833333
140 568.9660 0.0070333333
141 573.0471 0.0068833333
142 577.1274 0.0070000000
143 581.2080 0.0067000000
144 585.2946 0.0069500000
145 589.3722 0.0068000000
146 593.4459 0.0066833333
147 597.5196 0.0065500000
148 601.5946 0.0069000000
149 605.6673 0.0063500000
150 609.7406 0.0067833333
151 613.8091 0.0067500000
152 617.8820 0.0069333333
153 621.9528 0.0069666667
154 626.0247 0.0066333333
155 630.0985 0.0068833333
156 634.1720 0.0064500000
157 638.2453 0.0067500000
158 642.3138 0.0071666667
159 646.3819 0.0067500000
160 650.4547 0.0063833333
161 654.5266 0.0066500000
162 658.6006 0.0062833333
163 662.6716 0.0065500000
164 666.7474 0.0063833333
165 670.8246 0.0064833333
166 674.8986 0.0068833333
167 678.9711 0.0066333333
168 683.0439 0.0063166667
169 687.1162 0.0066166667
170 691.1890 0.0062000000
171 695.2603 0.0067500000
172 699.3328 0.0062500000
173 703.4053 0.0062500000
174 707.4805 0.0063000000
175 711.5535 0.0063666667
176 715.6247 0.0062333333
177 719.6960 0.0061333333
178 723.7661 0.0065166667
179 727.8369 0.0063500000
180 731.9076 0.0058666667
181 735.9775 0.0059333333
182 740.0503 0.0058333333
183 744.1221 0.0061166667
184 748.1929 0.0063000000
185 752.2647 0.0059666667
186 756.3360 0.0062666667
187 760.4059 0.0060000000
188 764.4754 0.0060666667
189 768.5496 0.0065666667
190 772.6210 0.0056333333
191 776.6906 0.0057833333
192 780.7597 0.0058833333
193 784.8296 0.0060166667
194 788.8999 0.0062500000
195 793.1225 0.0062000000
196 797.2313 0.0063166667
197 801.3188 0.0061000000
198 805.4101 0.0061166667
199 809.5003 0.0060333333
200 813.5873 0.0061000000
