1 0.0000 7.7900000000
2 1.9152 4.9500000000
3 3.8301 3.9800000000
4 5.7416 3.4400000000
5 7.6528 3.0700000000
6 9.5644 2.7600000000
7 11.4755 2.7300000000
8 13.3872 2.6600000000
9 15.2975 2.6600000000
10 17.2088 2.5500000000
11 19.1185 2.5000000000
12 21.0306 2.4300000000
13 22.9417 2.4000000000
14 24.8558 2.4200000000
15 26.7764 2.4100000000
16 28.6899 2.3300000000
17 30.6011 2.3100000000
18 32.5125 2.3000000000
19 34.4267 2.2300000000
20 36.3374 2.2100000000
21 38.2486 2.1500000000
22 40.1600 2.1300000000
23 42.0721 2.1300000000
24 43.9836 2.0500000000
25 45.8942 2.0300000000
26 47.8083 1.9600000000
27 49.7271 1.9600000000
28 51.6371 1.9300000000
29 53.5489 1.9200000000
30 55.4593 1.9100000000
31 57.3700 1.8900000000
32 59.2819 1.8900000000
33 61.1909 1.9100000000
34 63.1009 1.9200000000
35 65.0128 1.9300000000
36 66.9290 1.9200000000
37 68.8412 1.9100000000
38 70.7537 1.9000000000
39 72.6628 1.9000000000
40 74.5736 1.9000000000
41 76.4841 1.8900000000
42 78.3956 1.8800000000
43 80.3069 1.8700000000
44 82.2156 1.8700000000
45 84.1246 1.8800000000
46 86.0364 1.8700000000
47 87.9505 1.8700000000
48 89.8688 1.8600000000
49 91.7802 1.8600000000
50 93.6906 1.8600000000
51 95.6014 1.8600000000
52 97.5127 1.8600000000
53 99.4226 1.8500000000
54 101.3335 1.8500000000
55 103.2437 1.8500000000
56 105.1537 1.8500000000
57 107.0647 1.8400000000
58 108.9748 1.8400000000
59 110.8882 1.8400000000
60 112.8033 1.8500000000
61 114.7140 1.8500000000
62 116.6245 1.8500000000
63 118.5362 1.8500000000
64 120.4465 1.8500000000
65 122.3576 1.8500000000
66 124.2686 1.8600000000
67 126.1785 1.8600000000
68 128.0884 1.8600000000
69 129.9983 1.8600000000
70 131.9079 1.8600000000
71 133.8222 1.8600000000
72 135.7365 1.8500000000
73 137.6479 1.8500000000
74 139.5588 1.8500000000
75 141.4689 1.8400000000
76 143.3799 1.8400000000
77 145.2895 1.8400000000
78 147.1990 1.8300000000
79 149.1110 1.8300000000
80 151.0239 1.8000000000
81 152.9349 1.8000000000
82 154.8469 1.8000000000
83 156.7583 1.8000000000
84 158.6692 1.8000000000
85 160.5799 1.7900000000
86 162.4902 1.7800000000
87 164.3999 1.7800000000
88 166.3096 1.7800000000
89 168.2199 1.7800000000
90 170.1308 1.7800000000
91 172.0410 1.7800000000
92 173.9545 1.7800000000
93 175.8656 1.7800000000
94 177.7756 1.7800000000
95 179.6874 1.7800000000
96 181.5991 1.7800000000
97 183.5099 1.7700000000
98 185.4213 1.7700000000
99 187.3302 1.7600000000
100 189.2419 1.7600000000
101 191.1532 1.7600000000
102 193.0649 1.7600000000
103 194.9762 1.7500000000
104 196.8895 1.7500000000
105 198.8096 1.7500000000
106 200.7219 1.7500000000
107 202.6335 1.7500000000
108 204.5468 1.7500000000
109 206.4564 1.7700000000
110 208.3673 1.7700000000
111 210.2769 1.7700000000
112 212.1879 1.7700000000
113 214.1025 1.7700000000
114 216.0173 1.7700000000
115 217.9275 1.7700000000
116 219.8378 1.7700000000
117 221.7477 1.7800000000
118 223.6588 1.7800000000
119 225.5684 1.7800000000
120 227.4799 1.7800000000
121 229.3898 1.7800000000
122 231.3010 1.7800000000
123 233.2119 1.7800000000
124 235.1229 1.7800000000
125 237.0355 1.7800000000
126 238.9533 1.7800000000
127 240.8635 1.7800000000
128 242.7738 1.7800000000
129 244.6833 1.7700000000
130 246.5938 1.7600000000
131 248.5037 1.7600000000
132 250.4136 1.7700000000
133 252.3232 1.7700000000
134 254.2339 1.7700000000
135 256.1447 1.7700000000
136 258.0562 1.7700000000
137 259.9686 1.7700000000
138 261.8823 1.7700000000
139 263.7937 1.7700000000
140 265.7049 1.7700000000
141 267.6165 1.7700000000
142 269.5276 1.7700000000
143 271.4396 1.7700000000
144 273.3506 1.7700000000
145 275.2625 1.7700000000
146 277.1734 1.7700000000
147 279.0849 1.7700000000
148 280.9959 1.7700000000
149 282.9111 1.7700000000
150 284.8254 1.7600000000
151 286.7364 1.7600000000
152 288.6483 1.7600000000
153 290.5595 1.7600000000
154 292.4702 1.7600000000
155 294.3819 1.7600000000
156 296.2915 1.7600000000
157 298.2015 1.7600000000
158 300.1123 1.7600000000
159 302.0233 1.7600000000
160 303.9342 1.7600000000
161 305.8470 1.7600000000
162 307.7632 1.7600000000
163 309.6738 1.7600000000
164 311.5849 1.7600000000
165 313.4949 1.7500000000
166 315.4065 1.7400000000
167 317.3159 1.7400000000
168 319.2273 1.7400000000
169 321.1382 1.7400000000
170 323.0516 1.7400000000
171 324.9650 1.7400000000
172 326.8775 1.7400000000
173 328.7887 1.7400000000
174 330.6998 1.7400000000
175 332.6109 1.7400000000
176 334.5239 1.7400000000
177 336.4339 1.7400000000
178 338.3453 1.7400000000
179 340.2568 1.7500000000
180 342.1682 1.7500000000
181 344.0755 1.7500000000
182 345.9783 1.7500000000
183 347.8812 1.7500000000
184 349.7810 1.7500000000
185 351.6800 1.7500000000
186 353.5796 1.7600000000
187 355.4783 1.7600000000
188 357.3784 1.7600000000
189 359.2771 1.7600000000
190 361.1760 1.7600000000
191 363.0749 1.7600000000
192 364.9738 1.7600000000
193 366.8715 1.7600000000
194 368.7752 1.7600000000
195 370.6766 1.7600000000
196 372.5762 1.7600000000
197 374.4778 1.7600000000
198 376.3991 1.7600000000
199 378.2979 1.7600000000
200 380.1980 1.7600000000
