1 0.0000 4.7700000000
2 1.9465 3.4300000000
3 3.8856 3.0300000000
4 5.8219 2.7400000000
5 7.7571 2.5100000000
6 9.6916 2.4200000000
7 11.6262 2.3300000000
8 13.5612 2.2300000000
9 15.4963 2.2200000000
10 17.4316 2.1500000000
11 19.3670 2.1100000000
12 21.3019 2.0800000000
13 23.2350 2.0600000000
14 25.1712 2.0600000000
15 27.1065 2.0400000000
16 29.0439 2.0400000000
17 30.9790 2.0200000000
18 32.9139 2.0200000000
19 34.8485 1.9800000000
20 36.7829 1.9900000000
21 38.7160 2.0000000000
22 40.6519 1.9700000000
23 42.5856 1.9900000000
24 44.5197 1.9900000000
25 46.4561 1.9700000000
26 48.3911 2.0000000000
27 50.3256 1.9600000000
28 52.2599 1.9700000000
29 54.1962 1.9800000000
30 56.1314 1.9700000000
31 58.0655 1.9600000000
32 59.9987 1.9700000000
33 61.9313 1.9700000000
34 63.8675 1.9700000000
35 65.8059 1.9500000000
36 67.7422 1.9300000000
37 69.6763 1.9500000000
38 71.6096 1.9200000000
39 73.5434 1.9300000000
40 75.4777 1.9100000000
41 77.4137 1.9500000000
42 79.3520 1.9400000000
43 81.2865 1.9400000000
44 83.2260 1.9300000000
45 85.1614 1.9200000000
46 87.0967 1.9400000000
47 89.0323 1.9300000000
48 90.9662 1.9000000000
49 92.8993 1.9400000000
50 94.8343 1.9200000000
51 96.7708 1.8900000000
52 98.7058 1.9500000000
53 100.6389 1.9000000000
54 102.5728 1.9100000000
55 104.5057 1.9100000000
56 106.4379 1.9000000000
57 108.3714 1.9100000000
58 110.3056 1.8800000000
59 112.2413 1.9000000000
60 114.1760 1.8700000000
61 116.1097 1.8800000000
62 118.0455 1.9400000000
63 119.9795 1.9000000000
64 121.9129 1.9300000000
65 123.8479 1.9000000000
66 125.7834 1.9100000000
67 127.7189 1.9100000000
68 129.6559 1.9100000000
69 131.5903 1.8900000000
70 133.5252 1.9400000000
71 135.4575 1.9200000000
72 137.3917 1.9100000000
73 139.3241 1.9000000000
74 141.2576 1.9100000000
75 143.1913 1.9100000000
76 145.1252 1.9400000000
77 147.0594 1.9100000000
78 148.9933 1.9200000000
79 150.9259 1.9100000000
80 152.8613 1.9200000000
81 154.7944 1.9200000000
82 156.7281 1.9000000000
83 158.6621 1.9500000000
84 160.5982 1.9000000000
85 162.5353 1.9000000000
86 164.4709 1.9200000000
87 166.4052 1.9100000000
88 168.3397 1.9000000000
89 170.2734 1.9100000000
90 172.2076 1.8900000000
91 174.1419 1.8900000000
92 176.0757 1.9000000000
93 178.0095 1.8900000000
94 179.9455 1.8900000000
95 181.8817 1.8900000000
96 183.8165 1.8600000000
97 185.7502 1.8800000000
98 187.6853 1.8700000000
99 189.6189 1.8600000000
100 191.5543 1.8700000000
101 193.4898 1.8700000000
102 195.4231 1.8500000000
103 197.3580 1.8600000000
104 199.2906 1.8000000000
105 201.2246 1.8900000000
106 203.1587 1.8200000000
107 205.0941 1.8400000000
108 207.0353 1.8400000000
109 208.9704 1.8300000000
110 210.9057 1.8200000000
111 212.8383 1.8400000000
112 214.7710 1.8100000000
113 216.7047 1.8500000000
114 218.6382 1.8300000000
115 220.5733 1.8200000000
116 222.5079 1.8400000000
117 224.4412 1.8000000000
118 226.3771 1.8000000000
119 228.3103 1.7900000000
120 230.2441 1.8200000000
121 232.1768 1.8000000000
122 234.1125 1.8300000000
123 236.0462 1.8400000000
124 237.9813 1.8000000000
125 239.9161 1.8100000000
126 241.8498 1.8200000000
127 243.7833 1.7900000000
128 245.7159 1.8000000000
129 247.6500 1.8300000000
130 249.5839 1.8400000000
131 251.5176 1.7800000000
132 253.4526 1.8300000000
133 255.3857 1.8000000000
134 257.3217 1.8200000000
135 259.2552 1.8100000000
136 261.1900 1.8200000000
137 263.1240 1.8100000000
138 265.0578 1.7700000000
139 266.9919 1.8000000000
140 268.9270 1.7800000000
141 270.8610 1.8100000000
142 272.7956 1.8200000000
143 274.7307 1.7800000000
144 276.6677 1.7800000000
145 278.6028 1.8100000000
146 280.5374 1.8000000000
147 282.4698 1.7700000000
148 284.4043 1.8100000000
149 286.3388 1.7900000000
150 288.2733 1.7900000000
151 290.2080 1.7900000000
152 292.1419 1.7700000000
153 294.0753 1.7600000000
154 296.0103 1.8100000000
155 297.9438 1.7700000000
156 299.8785 1.8200000000
157 301.8124 1.7700000000
158 303.7467 1.7900000000
159 305.6802 1.8100000000
160 307.6137 1.7800000000
161 309.5469 1.8000000000
162 311.4803 1.7600000000
163 313.4148 1.8000000000
164 315.3485 1.8000000000
165 317.2822 1.7700000000
166 319.2174 1.8200000000
167 321.1521 1.7700000000
168 323.0860 1.8200000000
169 325.0213 1.7500000000
170 326.9564 1.7700000000
171 328.8915 1.8000000000
172 330.8262 1.7600000000
173 332.7593 1.8300000000
174 334.6935 1.7700000000
175 336.6271 1.8000000000
176 338.5594 1.7800000000
177 340.4941 1.7800000000
178 342.4287 1.7800000000
179 344.3621 1.7900000000
180 346.2961 1.7800000000
181 348.2259 1.7600000000
182 350.1468 1.8000000000
183 352.0689 1.7900000000
184 353.9912 1.8200000000
185 355.9120 1.7800000000
186 357.8322 1.8400000000
187 359.7519 1.7900000000
188 361.6731 1.8000000000
189 363.5936 1.8100000000
190 365.5152 1.7900000000
191 367.4333 1.7900000000
192 369.3555 1.8000000000
193 371.2753 1.7600000000
194 373.1981 1.7900000000
195 375.1196 1.7700000000
196 377.0414 1.8100000000
197 378.9616 1.7900000000
198 380.8814 1.8300000000
199 382.8011 1.8100000000
200 384.7214 1.7800000000
