1 0.0000 0.0716000000
2 1.9465 0.0322500000
3 3.8856 0.0221166667
4 5.8219 0.0167333333
5 7.7571 0.0129000000
6 9.6916 0.0104666667
7 11.6262 0.0083166667
8 13.5612 0.0067666667
9 15.4963 0.0054333333
10 17.4316 0.0042000000
11 19.3670 0.0036166667
12 21.3019 0.0028666667
13 23.2350 0.0024000000
14 25.1712 0.0022166667
15 27.1065 0.0019500000
16 29.0439 0.0017000000
17 30.9790 0.0015000000
18 32.9139 0.0014666667
19 34.8485 0.0013000000
20 36.7829 0.0012000000
21 38.7160 0.0010666667
22 40.6519 0.0010333333
23 42.5856 0.0009833333
24 44.5197 0.0009166667
25 46.4561 0.0008833333
26 48.3911 0.0008666667
27 50.3256 0.0008166667
28 52.2599 0.0008000000
29 54.1962 0.0007666667
30 56.1314 0.0007166667
31 58.0655 0.0007166667
32 59.9987 0.0006833333
33 61.9313 0.0006500000
34 63.8675 0.0006500000
35 65.8059 0.0006333333
36 67.7422 0.0005833333
37 69.6763 0.0005833333
38 71.6096 0.0005833333
39 73.5434 0.0005833333
40 75.4777 0.0005333333
41 77.4137 0.0005666667
42 79.3520 0.0005666667
43 81.2865 0.0005333333
44 83.2260 0.0005333333
45 85.1614 0.0005000000
46 87.0967 0.0005333333
47 89.0323 0.0005166667
48 90.9662 0.0004833333
49 92.8993 0.0004833333
50 94.8343 0.0005000000
51 96.7708 0.0004500000
52 98.7058 0.0004833333
53 100.6389 0.0004500000
54 102.5728 0.0004833333
55 104.5057 0.0004666667
56 106.4379 0.0004666667
57 108.3714 0.0004500000
58 110.3056 0.0004833333
59 112.2413 0.0004500000
60 114.1760 0.0004666667
61 116.1097 0.0004333333
62 118.0455 0.0004500000
63 119.9795 0.0004500000
64 121.9129 0.0004333333
65 123.8479 0.0004333333
66 125.7834 0.0004166667
67 127.7189 0.0004500000
68 129.6559 0.0004500000
69 131.5903 0.0004166667
70 133.5252 0.0004500000
71 135.4575 0.0004333333
72 137.3917 0.0004333333
73 139.3241 0.0004333333
74 141.2576 0.0004166667
75 143.1913 0.0004333333
76 145.1252 0.0004333333
77 147.0594 0.0004333333
78 148.9933 0.0004000000
79 150.9259 0.0004166667
80 152.8613 0.0004000000
81 154.7944 0.0004333333
82 156.7281 0.0004000000
83 158.6621 0.0004166667
84 160.5982 0.0004166667
85 162.5353 0.0004166667
86 164.4709 0.0004000000
87 166.4052 0.0004333333
88 168.3397 0.0004166667
89 170.2734 0.0004000000
90 172.2076 0.0004000000
91 174.1419 0.0004166667
92 176.0757 0.0004166667
93 178.0095 0.0004000000
94 179.9455 0.0003833333
95 181.8817 0.0004166667
96 183.8165 0.0003833333
97 185.7502 0.0004000000
98 187.6853 0.0004166667
99 189.6189 0.0004000000
100 191.5543 0.0004166667
101 193.4898 0.0004000000
102 195.4231 0.0003833333
103 197.3580 0.0004166667
104 199.2906 0.0003833333
105 201.2246 0.0004000000
106 203.1587 0.0003666667
107 205.0941 0.0004000000
108 207.0353 0.0003833333
109 208.9704 0.0003666667
110 210.9057 0.0003666667
111 212.8383 0.0004000000
112 214.7710 0.0003500000
113 216.7047 0.0003500000
114 218.6382 0.0003833333
115 220.5733 0.0003500000
116 222.5079 0.0004000000
117 224.4412 0.0003666667
118 226.3771 0.0003666667
119 228.3103 0.0004166667
120 230.2441 0.0003500000
121 232.1768 0.0003666667
122 234.1125 0.0003500000
123 236.0462 0.0003666667
124 237.9813 0.0003500000
125 239.9161 0.0003666667
126 241.8498 0.0003833333
127 243.7833 0.0003500000
128 245.7159 0.0003666667
129 247.6500 0.0003666667
130 249.5839 0.0003666667
131 251.5176 0.0003500000
132 253.4526 0.0003500000
133 255.3857 0.0003500000
134 257.3217 0.0003500000
135 259.2552 0.0003500000
136 261.1900 0.0003666667
137 263.1240 0.0003500000
138 265.0578 0.0003666667
139 266.9919 0.0003500000
140 268.9270 0.0003500000
141 270.8610 0.0003500000
142 272.7956 0.0003500000
143 274.7307 0.0003500000
144 276.6677 0.0003500000
145 278.6028 0.0003500000
146 280.5374 0.0003666667
147 282.4698 0.0003500000
148 284.4043 0.0003500000
149 286.3388 0.0003500000
150 288.2733 0.0003500000
151 290.2080 0.0003500000
152 292.1419 0.0003500000
153 294.0753 0.0003333333
154 296.0103 0.0003500000
155 297.9438 0.0003666667
156 299.8785 0.0003500000
157 301.8124 0.0003500000
158 303.7467 0.0003500000
159 305.6802 0.0003500000
160 307.6137 0.0003500000
161 309.5469 0.0003333333
162 311.4803 0.0003500000
163 313.4148 0.0003500000
164 315.3485 0.0003333333
165 317.2822 0.0003500000
166 319.2174 0.0003333333
167 321.1521 0.0003333333
168 323.0860 0.0003333333
169 325.0213 0.0003333333
170 326.9564 0.0003500000
171 328.8915 0.0003333333
172 330.8262 0.0003333333
173 332.7593 0.0003333333
174 334.6935 0.0003666667
175 336.6271 0.0003500000
176 338.5594 0.0003666667
177 340.4941 0.0003500000
178 342.4287 0.0003500000
179 344.3621 0.0003500000
180 346.2961 0.0003500000
181 348.2259 0.0003333333
182 350.1468 0.0003500000
183 352.0689 0.0003333333
184 353.9912 0.0003333333
185 355.9120 0.0003500000
186 357.8322 0.0003333333
187 359.7519 0.0003333333
188 361.6731 0.0003166667
189 363.5936 0.0003333333
190 365.5152 0.0003500000
191 367.4333 0.0003166667
192 369.3555 0.0003500000
193 371.2753 0.0003166667
194 373.1981 0.0003500000
195 375.1196 0.0003166667
196 377.0414 0.0003333333
197 378.9616 0.0003500000
198 380.8814 0.0003166667
199 382.8011 0.0003166667
200 384.7214 0.0003166667
