1 0.0000 4.6000000000
2 4.0835 3.3200000000
3 8.1579 2.8300000000
4 12.2319 2.4900000000
5 16.3087 2.1800000000
6 20.3798 2.3600000000
7 24.4554 2.0900000000
8 28.5554 2.0100000000
9 32.6293 1.8300000000
10 36.7033 1.6500000000
11 40.7786 1.7100000000
12 44.8556 1.8000000000
13 48.9314 1.6500000000
14 53.0064 1.6400000000
15 57.0815 1.5600000000
16 61.1576 1.6000000000
17 65.2391 1.5500000000
18 69.3133 1.5700000000
19 73.3906 1.5500000000
20 77.4670 1.6200000000
21 81.5418 1.6700000000
22 85.6186 1.4500000000
23 89.6939 1.4700000000
24 93.7699 1.4700000000
25 97.8430 1.4000000000
26 101.9198 1.5300000000
27 105.9934 1.4500000000
28 110.0677 1.5200000000
29 114.1407 1.4300000000
30 118.2153 1.4300000000
31 122.2910 1.4500000000
32 126.3647 1.3500000000
33 130.4385 1.3600000000
34 134.5137 1.4100000000
35 138.5934 1.4000000000
36 142.6678 1.3300000000
37 146.7438 1.4400000000
38 150.8191 1.3300000000
39 154.8927 1.3700000000
40 158.9673 1.3900000000
41 163.0470 1.3900000000
42 167.1223 1.3700000000
43 171.1968 1.4000000000
44 175.2953 1.4000000000
45 179.3691 1.4300000000
46 183.4458 1.3300000000
47 187.5210 1.3800000000
48 191.5944 1.3900000000
49 195.6680 1.3500000000
50 199.7427 1.2900000000
51 203.8161 1.3100000000
52 207.8885 1.3200000000
53 211.9636 1.3700000000
54 216.0375 1.2700000000
55 220.1127 1.3700000000
56 224.1885 1.4100000000
57 228.2621 1.3900000000
58 232.3366 1.3200000000
59 236.4102 1.3000000000
60 240.4843 1.3300000000
61 244.5590 1.2600000000
62 248.6335 1.2600000000
63 252.7073 1.2500000000
64 256.7820 1.2900000000
65 260.8566 1.3300000000
66 264.9312 1.2600000000
67 269.0047 1.3800000000
68 273.0774 1.2800000000
69 277.1519 1.2000000000
70 281.2294 1.2800000000
71 285.3040 1.3000000000
72 289.3776 1.3300000000
73 293.4507 1.3400000000
74 297.5242 1.3000000000
75 301.5977 1.2500000000
76 305.6717 1.3200000000
77 309.7466 1.3400000000
78 313.8192 1.3200000000
79 317.8939 1.2500000000
80 321.9676 1.1400000000
81 326.0404 1.2000000000
82 330.1145 1.3300000000
83 334.1894 1.2200000000
84 338.2647 1.2400000000
85 342.3394 1.2700000000
86 346.4143 1.3400000000
87 350.5001 1.2900000000
88 354.5636 1.3200000000
89 358.6264 1.3300000000
90 362.6894 1.2400000000
91 366.7488 1.3100000000
92 370.8076 1.2900000000
93 374.8673 1.2300000000
94 378.9259 1.2400000000
95 382.9853 1.2800000000
96 387.0440 1.2800000000
97 391.1031 1.2200000000
98 395.1604 1.2700000000
99 399.2209 1.2600000000
100 403.2807 1.2400000000
101 407.3413 1.3000000000
102 411.4020 1.1800000000
103 415.4599 1.1900000000
104 419.5179 1.2000000000
105 423.5766 1.2300000000
106 427.6360 1.1900000000
107 431.6949 1.2400000000
108 435.7550 1.1900000000
109 439.8133 1.2000000000
110 443.8724 1.2200000000
111 447.9316 1.3000000000
112 451.9936 1.2600000000
113 456.0679 1.2900000000
114 460.1286 1.2000000000
115 464.1885 1.2000000000
116 468.2483 1.2800000000
117 472.3086 1.2400000000
118 476.3683 1.2100000000
119 480.4281 1.2500000000
120 484.4876 1.1900000000
121 488.5476 1.2300000000
122 492.6073 1.2900000000
123 496.6936 1.2400000000
124 500.7531 1.2500000000
125 504.8118 1.2600000000
126 508.8737 1.3300000000
127 512.9353 1.2700000000
128 516.9957 1.3500000000
129 521.0577 1.2700000000
130 525.1187 1.2000000000
131 529.1865 1.3200000000
132 533.2467 1.3200000000
133 537.3070 1.2000000000
134 541.3680 1.1500000000
135 545.4300 1.2300000000
136 549.4936 1.1700000000
137 553.5542 1.2100000000
138 557.6143 1.2000000000
139 561.6743 1.2600000000
140 565.7390 1.2000000000
141 569.8007 1.2000000000
142 573.8590 1.2300000000
143 577.9206 1.2000000000
144 581.9819 1.2600000000
145 586.0417 1.2100000000
146 590.1027 1.1600000000
147 594.1621 1.1400000000
148 598.2193 1.2100000000
149 602.2974 1.2400000000
150 606.3584 1.2500000000
151 610.4197 1.1500000000
152 614.4807 1.2800000000
153 618.5472 1.2100000000
154 622.6087 1.2300000000
155 626.6699 1.1700000000
156 630.7307 1.2100000000
157 634.7946 1.1800000000
158 638.8547 1.1500000000
159 642.9177 1.2200000000
160 646.9798 1.2900000000
161 651.0397 1.1900000000
162 655.1000 1.2000000000
163 659.1582 1.1700000000
164 663.2204 1.1800000000
165 667.2800 1.1500000000
166 671.3399 1.2400000000
167 675.4006 1.2200000000
168 679.4617 1.2200000000
169 683.5216 1.2800000000
170 687.5816 1.2700000000
171 691.6410 1.2600000000
172 695.7011 1.2500000000
173 699.7633 1.1800000000
174 703.8259 1.2100000000
175 707.8893 1.2500000000
176 711.9497 1.2100000000
177 716.0102 1.2500000000
178 720.0724 1.2800000000
179 724.1342 1.2200000000
180 728.1959 1.2800000000
181 732.2560 1.2100000000
182 736.3173 1.2100000000
183 740.3827 1.2200000000
184 744.4430 1.3200000000
185 748.5036 1.2600000000
186 752.5657 1.2300000000
187 756.6275 1.2100000000
188 760.6896 1.2000000000
189 764.7533 1.2200000000
190 768.8133 1.1700000000
191 772.8747 1.1500000000
192 776.9349 1.1900000000
193 780.9947 1.2000000000
194 785.0557 1.2300000000
195 789.1244 1.3200000000
196 793.1856 1.2800000000
197 797.2467 1.3300000000
198 801.3103 1.2400000000
199 805.3727 1.2000000000
200 809.4365 1.3400000000
