1 0.0000 0.0722500000
2 4.0835 0.0339666667
3 8.1579 0.0245666667
4 12.2319 0.0195000000
5 16.3087 0.0166666667
6 20.3798 0.0144000000
7 24.4554 0.0124333333
8 28.5554 0.0108666667
9 32.6293 0.0089000000
10 36.7033 0.0083166667
11 40.7786 0.0073000000
12 44.8556 0.0062500000
13 48.9314 0.0055000000
14 53.0064 0.0051500000
15 57.0815 0.0045833333
16 61.1576 0.0043333333
17 65.2391 0.0037333333
18 69.3133 0.0035166667
19 73.3906 0.0032666667
20 77.4670 0.0028333333
21 81.5418 0.0025833333
22 85.6186 0.0023500000
23 89.6939 0.0019666667
24 93.7699 0.0020666667
25 97.8430 0.0019000000
26 101.9198 0.0017333333
27 105.9934 0.0015166667
28 110.0677 0.0015000000
29 114.1407 0.0013500000
30 118.2153 0.0012666667
31 122.2910 0.0010666667
32 126.3647 0.0009833333
33 130.4385 0.0010333333
34 134.5137 0.0009000000
35 138.5934 0.0008833333
36 142.6678 0.0007833333
37 146.7438 0.0007833333
38 150.8191 0.0007500000
39 154.8927 0.0007666667
40 158.9673 0.0005833333
41 163.0470 0.0006666667
42 167.1223 0.0006000000
43 171.1968 0.0005833333
44 175.2953 0.0005166667
45 179.3691 0.0004833333
46 183.4458 0.0004666667
47 187.5210 0.0004333333
48 191.5944 0.0004000000
49 195.6680 0.0003333333
50 199.7427 0.0005333333
51 203.8161 0.0002333333
52 207.8885 0.0002833333
53 211.9636 0.0003500000
54 216.0375 0.0002833333
55 220.1127 0.0004333333
56 224.1885 0.0003166667
57 228.2621 0.0002500000
58 232.3366 0.0002500000
59 236.4102 0.0001500000
60 240.4843 0.0001666667
61 244.5590 0.0001500000
62 248.6335 0.0001666667
63 252.7073 0.0002500000
64 256.7820 0.0000666667
65 260.8566 0.0001833333
66 264.9312 0.0001166667
67 269.0047 0.0000833333
68 273.0774 0.0001666667
69 277.1519 0.0001500000
70 281.2294 0.0001000000
71 285.3040 0.0001333333
72 289.3776 0.0001166667
73 293.4507 0.0001333333
74 297.5242 0.0000500000
75 301.5977 0.0000666667
76 305.6717 0.0000666667
77 309.7466 0.0000333333
78 313.8192 0.0001000000
79 317.8939 0.0001333333
80 321.9676 0.0001166667
81 326.0404 0.0001333333
82 330.1145 0.0000333333
83 334.1894 0.0000333333
84 338.2647 0.0000833333
85 342.3394 0.0000833333
86 346.4143 0.0000666667
87 350.5001 0.0000833333
88 354.5636 0.0000666667
89 358.6264 0.0001500000
90 362.6894 0.0000500000
91 366.7488 0.0000500000
92 370.8076 0.0000333333
93 374.8673 0.0000833333
94 378.9259 0.0000500000
95 382.9853 0.0000166667
96 387.0440 0.0000500000
97 391.1031 0.0000500000
98 395.1604 0.0000500000
99 399.2209 0.0000333333
100 403.2807 0.0000166667
101 407.3413 0.0000000000
102 411.4020 0.0000333333
103 415.4599 0.0000166667
104 419.5179 0.0000333333
105 423.5766 0.0000666667
106 427.6360 0.0000333333
107 431.6949 0.0000500000
108 435.7550 0.0000333333
109 439.8133 0.0000500000
110 443.8724 0.0000166667
111 447.9316 0.0000000000
112 451.9936 0.0000000000
113 456.0679 0.0000000000
114 460.1286 0.0000333333
115 464.1885 0.0000000000
116 468.2483 0.0000500000
117 472.3086 0.0000833333
118 476.3683 0.0000333333
119 480.4281 0.0000000000
120 484.4876 0.0000333333
121 488.5476 0.0000000000
122 492.6073 0.0000333333
123 496.6936 0.0000166667
124 500.7531 0.0000166667
125 504.8118 0.0000000000
126 508.8737 0.0000166667
127 512.9353 0.0000000000
128 516.9957 0.0000000000
129 521.0577 0.0000166667
130 525.1187 0.0000000000
131 529.1865 0.0000000000
132 533.2467 0.0000000000
133 537.3070 0.0000000000
134 541.3680 0.0000333333
135 545.4300 0.0000333333
136 549.4936 0.0000000000
137 553.5542 0.0000166667
138 557.6143 0.0000666667
139 561.6743 0.0000333333
140 565.7390 0.0000000000
141 569.8007 0.0000000000
142 573.8590 0.0000166667
143 577.9206 0.0000333333
144 581.9819 0.0000000000
145 586.0417 0.0000000000
146 590.1027 0.0000166667
147 594.1621 0.0000000000
148 598.2193 0.0000000000
149 602.2974 0.0000000000
150 606.3584 0.0000333333
151 610.4197 0.0000166667
152 614.4807 0.0000166667
153 618.5472 0.0000000000
154 622.6087 0.0000166667
155 626.6699 0.0000000000
156 630.7307 0.0000166667
157 634.7946 0.0000333333
158 638.8547 0.0000000000
159 642.9177 0.0000000000
160 646.9798 0.0000000000
161 651.0397 0.0000000000
162 655.1000 0.0000000000
163 659.1582 0.0000166667
164 663.2204 0.0000166667
165 667.2800 0.0000000000
166 671.3399 0.0000000000
167 675.4006 0.0000000000
168 679.4617 0.0000000000
169 683.5216 0.0000000000
170 687.5816 0.0000166667
171 691.6410 0.0000000000
172 695.7011 0.0000166667
173 699.7633 0.0000000000
174 703.8259 0.0000000000
175 707.8893 0.0000166667
176 711.9497 0.0000000000
177 716.0102 0.0000000000
178 720.0724 0.0000000000
179 724.1342 0.0000000000
180 728.1959 0.0000000000
181 732.2560 0.0000166667
182 736.3173 0.0000000000
183 740.3827 0.0000000000
184 744.4430 0.0000000000
185 748.5036 0.0000000000
186 752.5657 0.0000000000
187 756.6275 0.0000333333
188 760.6896 0.0000000000
189 764.7533 0.0000000000
190 768.8133 0.0000000000
191 772.8747 0.0000166667
192 776.9349 0.0000000000
193 780.9947 0.0000000000
194 785.0557 0.0000000000
195 789.1244 0.0000000000
196 793.1856 0.0000000000
197 797.2467 0.0000000000
198 801.3103 0.0000000000
199 805.3727 0.0000000000
200 809.4365 0.0000166667
