1 0.0000 8.9300000000
2 1.9183 7.4400000000
3 3.8282 6.4500000000
4 5.7563 5.6000000000
5 7.6649 5.0000000000
6 9.5746 4.4600000000
7 11.4838 4.1800000000
8 13.3938 3.8800000000
9 15.3042 3.6200000000
10 17.2142 3.4800000000
11 19.1584 3.3600000000
12 21.0698 3.1900000000
13 22.9791 3.0600000000
14 24.8888 2.9200000000
15 26.7981 2.8300000000
16 28.7068 2.7600000000
17 30.6161 2.7100000000
18 32.5248 2.6700000000
19 34.4346 2.6400000000
20 36.3438 2.6000000000
21 38.2538 2.5600000000
22 40.1634 2.5000000000
23 42.0734 2.4800000000
24 43.9862 2.4100000000
25 45.8970 2.3500000000
26 47.8090 2.3300000000
27 49.7200 2.3100000000
28 51.6306 2.2900000000
29 53.5420 2.2800000000
30 55.4534 2.2700000000
31 57.3626 2.2700000000
32 59.2753 2.2400000000
33 61.1934 2.1900000000
34 63.1055 2.1800000000
35 65.0174 2.1900000000
36 66.9285 2.1500000000
37 68.8395 2.1300000000
38 70.7494 2.1100000000
39 72.6595 2.0500000000
40 74.5696 2.0400000000
41 76.4798 2.0200000000
42 78.3892 2.0300000000
43 80.2991 2.0400000000
44 82.2129 2.0300000000
45 84.1259 2.0300000000
46 86.0359 2.0300000000
47 87.9464 2.0300000000
48 89.8558 2.0200000000
49 91.7647 2.0300000000
50 93.6741 2.0500000000
51 95.5827 2.0500000000
52 97.4927 2.0600000000
53 99.4025 2.0700000000
54 101.3115 2.0600000000
55 103.2208 2.0600000000
56 105.1319 2.0300000000
57 107.0428 2.0300000000
58 108.9534 2.0200000000
59 110.8642 2.0100000000
60 112.7746 2.0000000000
61 114.6842 1.9900000000
62 116.5934 1.9800000000
63 118.5037 1.9800000000
64 120.4137 1.9800000000
65 122.3231 1.9700000000
66 124.2329 1.9700000000
67 126.1422 1.9800000000
68 128.0521 1.9700000000
69 129.9617 1.9500000000
70 131.8718 1.9600000000
71 133.7814 1.9400000000
72 135.6909 1.9400000000
73 137.6014 1.9400000000
74 139.5121 1.9000000000
75 141.4210 1.9000000000
76 143.3308 1.8900000000
77 145.2424 1.8800000000
78 147.1550 1.8600000000
79 149.0669 1.8400000000
80 150.9771 1.8400000000
81 152.8873 1.8400000000
82 154.7982 1.8400000000
83 156.7088 1.8300000000
84 158.6182 1.8200000000
85 160.5279 1.8100000000
86 162.4375 1.8100000000
87 164.3471 1.8000000000
88 166.2575 1.7800000000
89 168.1703 1.7800000000
90 170.0835 1.7800000000
91 171.9918 1.7800000000
92 173.9007 1.7700000000
93 175.8112 1.7700000000
94 177.7215 1.7700000000
95 179.6306 1.7700000000
96 181.5411 1.7700000000
97 183.4508 1.7700000000
98 185.3607 1.7700000000
99 187.2698 1.7600000000
100 189.1792 1.7600000000
101 191.0904 1.7700000000
102 193.0032 1.7700000000
103 194.9136 1.7700000000
104 196.8256 1.7700000000
105 198.7361 1.7700000000
106 200.6461 1.7700000000
107 202.5554 1.7700000000
108 204.4656 1.7700000000
109 206.3761 1.7700000000
110 208.2868 1.7700000000
111 210.1960 1.7700000000
112 212.1064 1.7700000000
113 214.0160 1.7700000000
114 215.9271 1.7700000000
115 217.8368 1.7700000000
116 219.7475 1.7700000000
117 221.6581 1.7700000000
118 223.5675 1.7500000000
119 225.4765 1.7500000000
120 227.3854 1.7300000000
121 229.2955 1.7300000000
122 231.2073 1.7300000000
123 233.1198 1.7300000000
124 235.0302 1.7300000000
125 236.9414 1.7300000000
126 238.8522 1.7300000000
127 240.7628 1.7300000000
128 242.6729 1.7300000000
129 244.5838 1.7300000000
130 246.4949 1.7300000000
131 248.4058 1.7300000000
132 250.3159 1.7200000000
133 252.2261 1.7200000000
134 254.1392 1.7200000000
135 256.0508 1.7100000000
136 257.9612 1.7100000000
137 259.8704 1.7100000000
138 261.7805 1.7100000000
139 263.6902 1.7100000000
140 265.5998 1.7100000000
141 267.5078 1.7100000000
142 269.4169 1.7100000000
143 271.3268 1.7100000000
144 273.2356 1.7100000000
145 275.1445 1.7100000000
146 277.0569 1.7100000000
147 278.9704 1.7000000000
148 280.8814 1.7000000000
149 282.7928 1.7000000000
150 284.7034 1.7000000000
151 286.6133 1.7000000000
152 288.5241 1.7000000000
153 290.4347 1.7000000000
154 292.3439 1.7000000000
155 294.2572 1.7000000000
156 296.1694 1.7000000000
157 298.0803 1.7000000000
158 299.9905 1.7000000000
159 301.9028 1.7000000000
160 303.8137 1.7000000000
161 305.7242 1.7000000000
162 307.6352 1.7000000000
163 309.5681 1.7000000000
164 311.4785 1.6900000000
165 313.3875 1.6900000000
166 315.2975 1.6900000000
167 317.2111 1.6900000000
168 319.1235 1.6900000000
169 321.0333 1.6900000000
170 322.9418 1.6900000000
171 324.8504 1.7000000000
172 326.7599 1.7000000000
173 328.6687 1.7000000000
174 330.5814 1.7000000000
175 332.4909 1.7000000000
176 334.4012 1.7000000000
177 336.3105 1.7000000000
178 338.2196 1.7000000000
179 340.1312 1.7000000000
180 342.0485 1.7000000000
181 343.9591 1.7000000000
182 345.8695 1.7000000000
183 347.7806 1.7100000000
184 349.6903 1.7100000000
185 351.5997 1.7100000000
186 353.5094 1.7100000000
187 355.4177 1.7100000000
188 357.3281 1.7100000000
189 359.2371 1.7100000000
190 361.1468 1.7100000000
191 363.0600 1.7100000000
192 364.9748 1.7100000000
193 366.8858 1.7100000000
194 368.7971 1.7100000000
195 370.7078 1.7100000000
196 372.6172 1.7200000000
197 374.5275 1.7200000000
198 376.4378 1.7200000000
199 378.3476 1.7200000000
200 380.2612 1.7200000000
