1 0.0000 0.1249166667
2 1.9183 0.0788666667
3 3.8282 0.0657333333
4 5.7563 0.0555833333
5 7.6649 0.0482000000
6 9.5746 0.0416666667
7 11.4838 0.0371333333
8 13.3938 0.0329333333
9 15.3042 0.0302000000
10 17.2142 0.0274333333
11 19.1584 0.0251333333
12 21.0698 0.0227166667
13 22.9791 0.0209666667
14 24.8888 0.0193500000
15 26.7981 0.0179000000
16 28.7068 0.0165000000
17 30.6161 0.0154500000
18 32.5248 0.0143666667
19 34.4346 0.0131833333
20 36.3438 0.0123500000
21 38.2538 0.0114166667
22 40.1634 0.0106166667
23 42.0734 0.0100166667
24 43.9862 0.0093000000
25 45.8970 0.0086333333
26 47.8090 0.0077000000
27 49.7200 0.0071000000
28 51.6306 0.0065166667
29 53.5420 0.0059333333
30 55.4534 0.0054333333
31 57.3626 0.0049000000
32 59.2753 0.0043500000
33 61.1934 0.0040333333
34 63.1055 0.0037166667
35 65.0174 0.0034833333
36 66.9285 0.0031166667
37 68.8395 0.0029000000
38 70.7494 0.0026166667
39 72.6595 0.0022833333
40 74.5696 0.0020666667
41 76.4798 0.0018666667
42 78.3892 0.0017166667
43 80.2991 0.0016666667
44 82.2129 0.0015500000
45 84.1259 0.0014500000
46 86.0359 0.0013000000
47 87.9464 0.0012333333
48 89.8558 0.0011833333
49 91.7647 0.0011333333
50 93.6741 0.0010500000
51 95.5827 0.0009000000
52 97.4927 0.0008000000
53 99.4025 0.0007166667
54 101.3115 0.0006333333
55 103.2208 0.0005833333
56 105.1319 0.0005333333
57 107.0428 0.0005000000
58 108.9534 0.0004500000
59 110.8642 0.0004333333
60 112.7746 0.0004333333
61 114.6842 0.0004166667
62 116.5934 0.0003500000
63 118.5037 0.0003166667
64 120.4137 0.0002833333
65 122.3231 0.0002666667
66 124.2329 0.0002666667
67 126.1422 0.0002333333
68 128.0521 0.0002166667
69 129.9617 0.0002166667
70 131.8718 0.0002166667
71 133.7814 0.0002000000
72 135.6909 0.0002000000
73 137.6014 0.0001666667
74 139.5121 0.0001666667
75 141.4210 0.0001000000
76 143.3308 0.0001000000
77 145.2424 0.0000833333
78 147.1550 0.0000833333
79 149.0669 0.0000833333
80 150.9771 0.0000833333
81 152.8873 0.0000833333
82 154.7982 0.0000833333
83 156.7088 0.0000666667
84 158.6182 0.0000500000
85 160.5279 0.0000500000
86 162.4375 0.0000500000
87 164.3471 0.0000500000
88 166.2575 0.0000333333
89 168.1703 0.0000333333
90 170.0835 0.0000333333
91 171.9918 0.0000333333
92 173.9007 0.0000166667
93 175.8112 0.0000166667
94 177.7215 0.0000166667
95 179.6306 0.0000166667
96 181.5411 0.0000166667
97 183.4508 0.0000166667
98 185.3607 0.0000166667
99 187.2698 0.0000166667
100 189.1792 0.0000166667
101 191.0904 0.0000166667
102 193.0032 0.0000166667
103 194.9136 0.0000166667
104 196.8256 0.0000166667
105 198.7361 0.0000166667
106 200.6461 0.0000166667
107 202.5554 0.0000166667
108 204.4656 0.0000166667
109 206.3761 0.0000166667
110 208.2868 0.0000166667
111 210.1960 0.0000166667
112 212.1064 0.0000000000
113 214.0160 0.0000000000
114 215.9271 0.0000000000
115 217.8368 0.0000000000
116 219.7475 0.0000000000
117 221.6581 0.0000000000
118 223.5675 0.0000000000
119 225.4765 0.0000000000
120 227.3854 0.0000000000
121 229.2955 0.0000000000
122 231.2073 0.0000000000
123 233.1198 0.0000000000
124 235.0302 0.0000000000
125 236.9414 0.0000000000
126 238.8522 0.0000000000
127 240.7628 0.0000000000
128 242.6729 0.0000000000
129 244.5838 0.0000000000
130 246.4949 0.0000000000
131 248.4058 0.0000000000
132 250.3159 0.0000000000
133 252.2261 0.0000000000
134 254.1392 0.0000000000
135 256.0508 0.0000000000
136 257.9612 0.0000000000
137 259.8704 0.0000000000
138 261.7805 0.0000000000
139 263.6902 0.0000000000
140 265.5998 0.0000000000
141 267.5078 0.0000000000
142 269.4169 0.0000000000
143 271.3268 0.0000000000
144 273.2356 0.0000000000
145 275.1445 0.0000000000
146 277.0569 0.0000000000
147 278.9704 0.0000000000
148 280.8814 0.0000000000
149 282.7928 0.0000000000
150 284.7034 0.0000000000
151 286.6133 0.0000000000
152 288.5241 0.0000000000
153 290.4347 0.0000000000
154 292.3439 0.0000000000
155 294.2572 0.0000000000
156 296.1694 0.0000000000
157 298.0803 0.0000000000
158 299.9905 0.0000000000
159 301.9028 0.0000000000
160 303.8137 0.0000000000
161 305.7242 0.0000000000
162 307.6352 0.0000000000
163 309.5681 0.0000000000
164 311.4785 0.0000000000
165 313.3875 0.0000000000
166 315.2975 0.0000000000
167 317.2111 0.0000000000
168 319.1235 0.0000000000
169 321.0333 0.0000000000
170 322.9418 0.0000000000
171 324.8504 0.0000000000
172 326.7599 0.0000000000
173 328.6687 0.0000000000
174 330.5814 0.0000000000
175 332.4909 0.0000000000
176 334.4012 0.0000000000
177 336.3105 0.0000000000
178 338.2196 0.0000000000
179 340.1312 0.0000000000
180 342.0485 0.0000000000
181 343.9591 0.0000000000
182 345.8695 0.0000000000
183 347.7806 0.0000000000
184 349.6903 0.0000000000
185 351.5997 0.0000000000
186 353.5094 0.0000000000
187 355.4177 0.0000000000
188 357.3281 0.0000000000
189 359.2371 0.0000000000
190 361.1468 0.0000000000
191 363.0600 0.0000000000
192 364.9748 0.0000000000
193 366.8858 0.0000000000
194 368.7971 0.0000000000
195 370.7078 0.0000000000
196 372.6172 0.0000000000
197 374.5275 0.0000000000
198 376.4378 0.0000000000
199 378.3476 0.0000000000
200 380.2612 0.0000000000
