1 0.0000 5.0000000000
2 1.9292 3.7300000000
3 3.8645 3.0200000000
4 5.7929 2.6100000000
5 7.7213 2.3900000000
6 9.6466 2.2900000000
7 11.5726 2.2800000000
8 13.5002 2.2600000000
9 15.4272 2.2100000000
10 17.3536 2.2400000000
11 19.2817 2.1600000000
12 21.2090 2.1600000000
13 23.1375 2.1300000000
14 25.0636 2.0800000000
15 26.9902 2.1000000000
16 28.9174 2.0500000000
17 30.8444 2.0500000000
18 32.7711 1.9900000000
19 34.6979 2.0000000000
20 36.6251 2.0000000000
21 38.5520 2.0000000000
22 40.4966 1.9600000000
23 42.4238 1.9600000000
24 44.3501 1.9800000000
25 46.2770 1.9700000000
26 48.2039 1.9400000000
27 50.1312 1.9500000000
28 52.0583 1.9500000000
29 53.9833 1.9300000000
30 55.9130 1.9800000000
31 57.8427 1.9700000000
32 59.7719 1.9300000000
33 61.6999 1.9800000000
34 63.6280 1.9100000000
35 65.5560 1.9700000000
36 67.4835 1.9400000000
37 69.4119 1.9400000000
38 71.3407 1.9800000000
39 73.2679 1.9400000000
40 75.1963 1.9700000000
41 77.1234 1.9400000000
42 79.0511 1.9300000000
43 80.9798 1.9400000000
44 82.9071 1.9200000000
45 84.8356 1.9200000000
46 86.7640 1.9200000000
47 88.6918 1.9300000000
48 90.6207 1.9100000000
49 92.5482 1.9200000000
50 94.4757 1.8900000000
51 96.4036 1.9200000000
52 98.3316 1.9100000000
53 100.2581 1.9100000000
54 102.1850 1.9100000000
55 104.1122 1.8900000000
56 106.0384 1.9100000000
57 107.9687 1.9100000000
58 109.9040 1.9100000000
59 111.8349 1.8900000000
60 113.7637 1.9000000000
61 115.6920 1.9100000000
62 117.6199 1.9300000000
63 119.5488 1.9000000000
64 121.4770 1.8800000000
65 123.4039 1.9100000000
66 125.3323 1.9100000000
67 127.2596 1.9100000000
68 129.1875 1.9100000000
69 131.1146 1.9200000000
70 133.0430 1.9000000000
71 134.9697 1.9000000000
72 136.9002 1.9000000000
73 138.8354 1.8900000000
74 140.7638 1.9300000000
75 142.6936 1.9300000000
76 144.6220 1.8900000000
77 146.5495 1.9000000000
78 148.4773 1.9200000000
79 150.4034 1.9100000000
80 152.3311 1.9000000000
81 154.2641 1.9000000000
82 156.1916 1.9200000000
83 158.1173 1.9100000000
84 160.0449 1.9000000000
85 161.9716 1.9200000000
86 163.8976 1.9200000000
87 165.8261 1.9100000000
88 167.7622 1.9000000000
89 169.6903 1.8800000000
90 171.6190 1.9000000000
91 173.5471 1.8900000000
92 175.4762 1.9300000000
93 177.4043 1.9000000000
94 179.3317 1.9000000000
95 181.2593 1.9100000000
96 183.1876 1.9000000000
97 185.1160 1.9100000000
98 187.0443 1.9200000000
99 188.9713 1.8900000000
100 190.8990 1.8900000000
101 192.8257 1.8800000000
102 194.7538 1.8900000000
103 196.6814 1.9000000000
104 198.6109 1.9200000000
105 200.5394 1.9100000000
106 202.4688 1.8900000000
107 204.3970 1.8900000000
108 206.3236 1.9000000000
109 208.2520 1.9000000000
110 210.1794 1.9000000000
111 212.1077 1.9100000000
112 214.0357 1.9100000000
113 215.9633 1.9100000000
114 217.8911 1.9100000000
115 219.8213 1.9000000000
116 221.7510 1.8900000000
117 223.6787 1.9100000000
118 225.6082 1.9100000000
119 227.5370 1.8900000000
120 229.4717 1.9100000000
121 231.3999 1.8800000000
122 233.3283 1.9000000000
123 235.2566 1.9000000000
124 237.1850 1.9100000000
125 239.1134 1.8900000000
126 241.0403 1.8800000000
127 242.9688 1.8900000000
128 244.8977 1.8800000000
129 246.8254 1.8900000000
130 248.7578 1.8600000000
131 250.6897 1.8800000000
132 252.6184 1.8700000000
133 254.5472 1.8600000000
134 256.4730 1.8900000000
135 258.4000 1.8700000000
136 260.3269 1.8600000000
137 262.2555 1.8700000000
138 264.1823 1.8700000000
139 266.1090 1.9000000000
140 268.0353 1.8500000000
141 269.9613 1.8600000000
142 271.8884 1.8600000000
143 273.8150 1.8700000000
144 275.7422 1.8700000000
145 277.6692 1.8300000000
146 279.5959 1.8600000000
147 281.5229 1.8600000000
148 283.4490 1.8700000000
149 285.3750 1.8900000000
150 287.3027 1.8600000000
151 289.2284 1.8700000000
152 291.1557 1.8600000000
153 293.0820 1.8600000000
154 295.0097 1.8600000000
155 296.9362 1.8800000000
156 298.8627 1.8700000000
157 300.7936 1.8800000000
158 302.7214 1.8500000000
159 304.6491 1.9000000000
160 306.5753 1.8600000000
161 308.5014 1.8500000000
162 310.4291 1.9000000000
163 312.3551 1.8800000000
164 314.2802 1.8700000000
165 316.2071 1.8800000000
166 318.1322 1.8700000000
167 320.0593 1.8800000000
168 321.9853 1.8700000000
169 323.9123 1.8700000000
170 325.8389 1.8700000000
171 327.7637 1.8900000000
172 329.6891 1.8700000000
173 331.6156 1.8900000000
174 333.5406 1.8900000000
175 335.4696 1.8700000000
176 337.3969 1.8600000000
177 339.3265 1.8700000000
178 341.2582 1.8900000000
179 343.1861 1.8800000000
180 345.1159 1.8800000000
181 347.0436 1.9000000000
182 348.9723 1.8900000000
183 350.9003 1.9000000000
184 352.8283 1.9100000000
185 354.7563 1.8700000000
186 356.6843 1.8900000000
187 358.6121 1.8800000000
188 360.5399 1.8800000000
189 362.4679 1.8700000000
190 364.3962 1.8900000000
191 366.3247 1.9000000000
192 368.2535 1.8700000000
193 370.1802 1.8800000000
194 372.1076 1.8900000000
195 374.0344 1.8900000000
196 375.9632 1.8800000000
197 377.8900 1.8900000000
198 379.8185 1.8700000000
199 381.7456 1.8900000000
200 383.6737 1.8600000000
