1 0.0000 0.0727500000
2 1.9292 0.0328166667
3 3.8645 0.0228000000
4 5.7929 0.0173833333
5 7.7213 0.0135166667
6 9.6466 0.0105500000
7 11.5726 0.0086333333
8 13.5002 0.0067500000
9 15.4272 0.0052500000
10 17.3536 0.0042166667
11 19.2817 0.0034166667
12 21.2090 0.0027833333
13 23.1375 0.0023666667
14 25.0636 0.0019833333
15 26.9902 0.0017000000
16 28.9174 0.0015500000
17 30.8444 0.0014166667
18 32.7711 0.0012333333
19 34.6979 0.0011666667
20 36.6251 0.0011333333
21 38.5520 0.0010000000
22 40.4966 0.0009333333
23 42.4238 0.0008333333
24 44.3501 0.0009000000
25 46.2770 0.0008166667
26 48.2039 0.0008000000
27 50.1312 0.0008000000
28 52.0583 0.0007833333
29 53.9833 0.0007666667
30 55.9130 0.0007000000
31 57.8427 0.0006833333
32 59.7719 0.0006500000
33 61.6999 0.0006333333
34 63.6280 0.0006333333
35 65.5560 0.0006000000
36 67.4835 0.0006000000
37 69.4119 0.0005666667
38 71.3407 0.0005833333
39 73.2679 0.0005666667
40 75.1963 0.0005666667
41 77.1234 0.0005333333
42 79.0511 0.0005333333
43 80.9798 0.0005500000
44 82.9071 0.0005166667
45 84.8356 0.0004833333
46 86.7640 0.0005166667
47 88.6918 0.0005166667
48 90.6207 0.0005000000
49 92.5482 0.0005166667
50 94.4757 0.0004500000
51 96.4036 0.0005000000
52 98.3316 0.0005166667
53 100.2581 0.0004666667
54 102.1850 0.0004833333
55 104.1122 0.0004500000
56 106.0384 0.0004833333
57 107.9687 0.0004666667
58 109.9040 0.0004500000
59 111.8349 0.0004333333
60 113.7637 0.0004666667
61 115.6920 0.0004333333
62 117.6199 0.0004500000
63 119.5488 0.0004333333
64 121.4770 0.0004166667
65 123.4039 0.0004500000
66 125.3323 0.0004166667
67 127.2596 0.0004166667
68 129.1875 0.0004166667
69 131.1146 0.0004333333
70 133.0430 0.0004333333
71 134.9697 0.0004000000
72 136.9002 0.0004166667
73 138.8354 0.0004333333
74 140.7638 0.0004166667
75 142.6936 0.0003833333
76 144.6220 0.0004166667
77 146.5495 0.0004166667
78 148.4773 0.0004166667
79 150.4034 0.0004166667
80 152.3311 0.0004166667
81 154.2641 0.0004333333
82 156.1916 0.0004000000
83 158.1173 0.0004166667
84 160.0449 0.0004166667
85 161.9716 0.0004166667
86 163.8976 0.0004000000
87 165.8261 0.0004166667
88 167.7622 0.0003833333
89 169.6903 0.0003833333
90 171.6190 0.0004166667
91 173.5471 0.0003833333
92 175.4762 0.0003833333
93 177.4043 0.0004000000
94 179.3317 0.0003833333
95 181.2593 0.0003833333
96 183.1876 0.0003666667
97 185.1160 0.0003666667
98 187.0443 0.0004000000
99 188.9713 0.0003833333
100 190.8990 0.0004166667
101 192.8257 0.0003833333
102 194.7538 0.0003833333
103 196.6814 0.0003666667
104 198.6109 0.0003666667
105 200.5394 0.0003833333
106 202.4688 0.0003666667
107 204.3970 0.0003666667
108 206.3236 0.0003500000
109 208.2520 0.0003666667
110 210.1794 0.0003500000
111 212.1077 0.0003500000
112 214.0357 0.0003500000
113 215.9633 0.0003500000
114 217.8911 0.0003666667
115 219.8213 0.0003666667
116 221.7510 0.0003500000
117 223.6787 0.0003666667
118 225.6082 0.0003500000
119 227.5370 0.0003500000
120 229.4717 0.0003500000
121 231.3999 0.0003666667
122 233.3283 0.0003500000
123 235.2566 0.0003666667
124 237.1850 0.0003500000
125 239.1134 0.0003500000
126 241.0403 0.0003500000
127 242.9688 0.0003500000
128 244.8977 0.0003500000
129 246.8254 0.0003666667
130 248.7578 0.0003666667
131 250.6897 0.0003666667
132 252.6184 0.0003666667
133 254.5472 0.0003500000
134 256.4730 0.0003666667
135 258.4000 0.0003333333
136 260.3269 0.0003500000
137 262.2555 0.0003666667
138 264.1823 0.0003666667
139 266.1090 0.0003666667
140 268.0353 0.0003500000
141 269.9613 0.0003666667
142 271.8884 0.0003333333
143 273.8150 0.0003666667
144 275.7422 0.0003666667
145 277.6692 0.0003500000
146 279.5959 0.0003500000
147 281.5229 0.0003500000
148 283.4490 0.0003500000
149 285.3750 0.0003333333
150 287.3027 0.0003666667
151 289.2284 0.0003333333
152 291.1557 0.0003666667
153 293.0820 0.0003333333
154 295.0097 0.0003333333
155 296.9362 0.0003500000
156 298.8627 0.0003333333
157 300.7936 0.0003666667
158 302.7214 0.0003500000
159 304.6491 0.0003666667
160 306.5753 0.0003500000
161 308.5014 0.0003500000
162 310.4291 0.0003333333
163 312.3551 0.0003500000
164 314.2802 0.0003333333
165 316.2071 0.0003333333
166 318.1322 0.0003333333
167 320.0593 0.0003500000
168 321.9853 0.0003333333
169 323.9123 0.0003500000
170 325.8389 0.0003333333
171 327.7637 0.0003333333
172 329.6891 0.0003333333
173 331.6156 0.0003333333
174 333.5406 0.0003666667
175 335.4696 0.0003333333
176 337.3969 0.0003333333
177 339.3265 0.0003333333
178 341.2582 0.0003500000
179 343.1861 0.0003500000
180 345.1159 0.0003333333
181 347.0436 0.0003333333
182 348.9723 0.0003333333
183 350.9003 0.0003333333
184 352.8283 0.0003500000
185 354.7563 0.0003333333
186 356.6843 0.0003500000
187 358.6121 0.0003500000
188 360.5399 0.0003333333
189 362.4679 0.0003333333
190 364.3962 0.0003333333
191 366.3247 0.0003333333
192 368.2535 0.0003500000
193 370.1802 0.0003333333
194 372.1076 0.0003333333
195 374.0344 0.0003500000
196 375.9632 0.0003500000
197 377.8900 0.0003333333
198 379.8185 0.0003500000
199 381.7456 0.0003500000
200 383.6737 0.0003500000
