1 0.0000 4.9700000000
2 1.9364 3.6800000000
3 3.8725 3.3300000000
4 5.8104 3.1500000000
5 7.7494 3.1300000000
6 9.6848 3.0000000000
7 11.6205 2.9900000000
8 13.5559 2.9000000000
9 15.4909 2.8600000000
10 17.4298 2.8200000000
11 19.3632 2.8100000000
12 21.2975 2.7400000000
13 23.2316 2.7700000000
14 25.1651 2.6800000000
15 27.0989 2.6600000000
16 29.0335 2.6400000000
17 30.9662 2.6600000000
18 32.9050 2.6400000000
19 34.8668 2.6600000000
20 36.8004 2.6500000000
21 38.7334 2.6500000000
22 40.6681 2.6500000000
23 42.6016 2.6500000000
24 44.5359 2.6200000000
25 46.4701 2.5800000000
26 48.4042 2.5600000000
27 50.3381 2.5500000000
28 52.2725 2.5800000000
29 54.2062 2.5200000000
30 56.1419 2.5700000000
31 58.0758 2.5300000000
32 60.0105 2.5800000000
33 61.9439 2.5400000000
34 63.8782 2.5700000000
35 65.8126 2.5500000000
36 67.7494 2.5500000000
37 69.6972 2.5500000000
38 71.6295 2.5600000000
39 73.5641 2.5400000000
40 75.4986 2.5400000000
41 77.4325 2.5500000000
42 79.3662 2.5300000000
43 81.3008 2.5300000000
44 83.2357 2.5300000000
45 85.1699 2.5300000000
46 87.1033 2.5100000000
47 89.0378 2.5000000000
48 90.9712 2.5000000000
49 92.9031 2.4900000000
50 94.8362 2.5100000000
51 96.7694 2.4900000000
52 98.7041 2.5200000000
53 100.6373 2.5000000000
54 102.5703 2.5200000000
55 104.5336 2.4900000000
56 106.4692 2.5000000000
57 108.4044 2.5200000000
58 110.3404 2.4700000000
59 112.2759 2.5100000000
60 114.2109 2.5000000000
61 116.1428 2.5000000000
62 118.0765 2.4900000000
63 120.0099 2.5000000000
64 121.9478 2.5000000000
65 123.8821 2.5100000000
66 125.8184 2.4800000000
67 127.7518 2.5000000000
68 129.6874 2.5100000000
69 131.6213 2.4900000000
70 133.5549 2.5000000000
71 135.4892 2.5300000000
72 137.4244 2.4900000000
73 139.3582 2.4800000000
74 141.2922 2.4800000000
75 143.2259 2.4800000000
76 145.1598 2.4600000000
77 147.0923 2.5000000000
78 149.0267 2.4800000000
79 150.9594 2.4700000000
80 152.8924 2.4800000000
81 154.8255 2.5000000000
82 156.7585 2.4800000000
83 158.6925 2.4900000000
84 160.6272 2.4800000000
85 162.5596 2.4700000000
86 164.4925 2.4600000000
87 166.4266 2.5000000000
88 168.3608 2.4700000000
89 170.2958 2.4800000000
90 172.2315 2.4800000000
91 174.1665 2.4700000000
92 176.1016 2.4800000000
93 178.0358 2.4800000000
94 179.9698 2.4800000000
95 181.9030 2.4500000000
96 183.8377 2.4600000000
97 185.7718 2.5100000000
98 187.7065 2.4700000000
99 189.6421 2.4800000000
100 191.5760 2.4600000000
101 193.5088 2.4900000000
102 195.4421 2.4900000000
103 197.3767 2.4900000000
104 199.3118 2.4900000000
105 201.2450 2.4500000000
106 203.1789 2.4700000000
107 205.1129 2.4700000000
108 207.0458 2.5000000000
109 208.9780 2.5000000000
110 210.9118 2.4700000000
111 212.8463 2.4700000000
112 214.7819 2.5000000000
113 216.7142 2.4800000000
114 218.6488 2.4800000000
115 220.5830 2.4400000000
116 222.5155 2.4600000000
117 224.4482 2.4700000000
118 226.3829 2.4700000000
119 228.3181 2.4800000000
120 230.2538 2.4500000000
121 232.1875 2.4500000000
122 234.1215 2.4700000000
123 236.0558 2.4700000000
124 237.9899 2.4700000000
125 239.9225 2.4700000000
126 241.8578 2.4500000000
127 243.7912 2.4800000000
128 245.7249 2.4900000000
129 247.6582 2.4400000000
130 249.5922 2.5100000000
131 251.5260 2.4800000000
132 253.4598 2.5200000000
133 255.3928 2.4800000000
134 257.3268 2.4900000000
135 259.2605 2.4600000000
136 261.1941 2.5100000000
137 263.1272 2.4600000000
138 265.0614 2.4800000000
139 266.9942 2.4900000000
140 268.9288 2.4600000000
141 270.8618 2.4700000000
142 272.7935 2.4800000000
143 274.7275 2.4900000000
144 276.6631 2.4800000000
145 278.5963 2.4600000000
146 280.5301 2.4800000000
147 282.4628 2.4900000000
148 284.3965 2.4600000000
149 286.3290 2.4500000000
150 288.2635 2.4800000000
151 290.1963 2.4700000000
152 292.1306 2.4900000000
153 294.0635 2.4900000000
154 295.9975 2.4800000000
155 297.9315 2.4900000000
156 299.8677 2.4900000000
157 301.8008 2.4700000000
158 303.7340 2.4900000000
159 305.6681 2.4700000000
160 307.6028 2.4700000000
161 309.5361 2.4800000000
162 311.4708 2.4600000000
163 313.4112 2.5100000000
164 315.3634 2.4700000000
165 317.2979 2.4900000000
166 319.2322 2.4700000000
167 321.1662 2.5200000000
168 323.0984 2.4600000000
169 325.0311 2.4800000000
170 326.9638 2.4500000000
171 328.8978 2.4600000000
172 330.8324 2.4700000000
173 332.7648 2.4900000000
174 334.6987 2.4500000000
175 336.6308 2.4700000000
176 338.5635 2.4900000000
177 340.4961 2.4600000000
178 342.4288 2.5000000000
179 344.3610 2.5200000000
180 346.2938 2.4900000000
181 348.2264 2.4800000000
182 350.1599 2.4900000000
183 352.0940 2.4900000000
184 354.0286 2.5300000000
185 355.9621 2.4900000000
186 357.8961 2.4600000000
187 359.8319 2.4800000000
188 361.7662 2.5000000000
189 363.6990 2.4900000000
190 365.6315 2.4800000000
191 367.5669 2.4900000000
192 369.5007 2.4800000000
193 371.4339 2.5100000000
194 373.3675 2.4700000000
195 375.3004 2.4600000000
196 377.2345 2.4700000000
197 379.1671 2.5000000000
198 381.1014 2.4700000000
199 383.0359 2.5200000000
200 384.9728 2.5000000000
