1 0.0000 0.0732166667
2 1.9364 0.0358500000
3 3.8725 0.0271166667
4 5.8104 0.0232833333
5 7.7494 0.0207833333
6 9.6848 0.0195500000
7 11.6205 0.0184000000
8 13.5559 0.0177166667
9 15.4909 0.0170333333
10 17.4298 0.0167833333
11 19.3632 0.0164500000
12 21.2975 0.0160666667
13 23.2316 0.0158000000
14 25.1651 0.0156666667
15 27.0989 0.0155500000
16 29.0335 0.0153166667
17 30.9662 0.0153833333
18 32.9050 0.0151333333
19 34.8668 0.0150333333
20 36.8004 0.0149000000
21 38.7334 0.0149166667
22 40.6681 0.0146833333
23 42.6016 0.0147333333
24 44.5359 0.0147500000
25 46.4701 0.0145166667
26 48.4042 0.0144500000
27 50.3381 0.0145166667
28 52.2725 0.0144666667
29 54.2062 0.0143666667
30 56.1419 0.0142000000
31 58.0758 0.0142500000
32 60.0105 0.0143500000
33 61.9439 0.0141500000
34 63.8782 0.0142166667
35 65.8126 0.0141500000
36 67.7494 0.0140000000
37 69.6972 0.0139333333
38 71.6295 0.0139500000
39 73.5641 0.0142000000
40 75.4986 0.0140000000
41 77.4325 0.0139666667
42 79.3662 0.0140000000
43 81.3008 0.0138500000
44 83.2357 0.0139500000
45 85.1699 0.0139833333
46 87.1033 0.0139666667
47 89.0378 0.0139000000
48 90.9712 0.0138500000
49 92.9031 0.0139166667
50 94.8362 0.0138833333
51 96.7694 0.0137833333
52 98.7041 0.0139500000
53 100.6373 0.0138666667
54 102.5703 0.0138666667
55 104.5336 0.0138000000
56 106.4692 0.0137500000
57 108.4044 0.0138000000
58 110.3404 0.0138166667
59 112.2759 0.0137666667
60 114.2109 0.0138500000
61 116.1428 0.0138000000
62 118.0765 0.0138000000
63 120.0099 0.0138333333
64 121.9478 0.0138000000
65 123.8821 0.0137666667
66 125.8184 0.0136333333
67 127.7518 0.0138166667
68 129.6874 0.0137000000
69 131.6213 0.0137000000
70 133.5549 0.0136000000
71 135.4892 0.0136833333
72 137.4244 0.0136833333
73 139.3582 0.0136833333
74 141.2922 0.0135833333
75 143.2259 0.0136333333
76 145.1598 0.0136500000
77 147.0923 0.0136666667
78 149.0267 0.0135500000
79 150.9594 0.0135666667
80 152.8924 0.0134166667
81 154.8255 0.0136666667
82 156.7585 0.0135666667
83 158.6925 0.0135500000
84 160.6272 0.0135000000
85 162.5596 0.0137000000
86 164.4925 0.0136000000
87 166.4266 0.0135833333
88 168.3608 0.0136166667
89 170.2958 0.0135833333
90 172.2315 0.0135666667
91 174.1665 0.0134833333
92 176.1016 0.0136000000
93 178.0358 0.0135166667
94 179.9698 0.0136000000
95 181.9030 0.0135833333
96 183.8377 0.0135000000
97 185.7718 0.0136166667
98 187.7065 0.0135833333
99 189.6421 0.0134500000
100 191.5760 0.0135833333
101 193.5088 0.0134333333
102 195.4421 0.0134666667
103 197.3767 0.0136166667
104 199.3118 0.0135166667
105 201.2450 0.0135666667
106 203.1789 0.0136000000
107 205.1129 0.0134833333
108 207.0458 0.0135333333
109 208.9780 0.0135166667
110 210.9118 0.0135333333
111 212.8463 0.0134833333
112 214.7819 0.0134666667
113 216.7142 0.0134333333
114 218.6488 0.0134500000
115 220.5830 0.0135666667
116 222.5155 0.0134833333
117 224.4482 0.0134833333
118 226.3829 0.0135333333
119 228.3181 0.0134500000
120 230.2538 0.0134833333
121 232.1875 0.0135166667
122 234.1215 0.0135000000
123 236.0558 0.0134833333
124 237.9899 0.0134833333
125 239.9225 0.0136166667
126 241.8578 0.0135333333
127 243.7912 0.0135166667
128 245.7249 0.0134000000
129 247.6582 0.0135500000
130 249.5922 0.0134666667
131 251.5260 0.0134000000
132 253.4598 0.0135500000
133 255.3928 0.0134166667
134 257.3268 0.0134833333
135 259.2605 0.0133666667
136 261.1941 0.0133833333
137 263.1272 0.0134666667
138 265.0614 0.0134000000
139 266.9942 0.0134333333
140 268.9288 0.0134500000
141 270.8618 0.0134000000
142 272.7935 0.0134000000
143 274.7275 0.0133166667
144 276.6631 0.0133833333
145 278.5963 0.0134000000
146 280.5301 0.0133166667
147 282.4628 0.0133833333
148 284.3965 0.0134000000
149 286.3290 0.0134500000
150 288.2635 0.0133000000
151 290.1963 0.0134833333
152 292.1306 0.0133500000
153 294.0635 0.0134000000
154 295.9975 0.0134000000
155 297.9315 0.0135166667
156 299.8677 0.0133833333
157 301.8008 0.0133500000
158 303.7340 0.0133333333
159 305.6681 0.0134333333
160 307.6028 0.0134166667
161 309.5361 0.0134500000
162 311.4708 0.0135000000
163 313.4112 0.0134000000
164 315.3634 0.0134000000
165 317.2979 0.0133666667
166 319.2322 0.0134500000
167 321.1662 0.0133666667
168 323.0984 0.0134000000
169 325.0311 0.0134166667
170 326.9638 0.0135166667
171 328.8978 0.0133833333
172 330.8324 0.0133666667
173 332.7648 0.0133833333
174 334.6987 0.0134333333
175 336.6308 0.0134000000
176 338.5635 0.0134333333
177 340.4961 0.0133166667
178 342.4288 0.0134833333
179 344.3610 0.0134333333
180 346.2938 0.0134000000
181 348.2264 0.0133833333
182 350.1599 0.0135500000
183 352.0940 0.0133166667
184 354.0286 0.0135166667
185 355.9621 0.0134333333
186 357.8961 0.0134333333
187 359.8319 0.0135166667
188 361.7662 0.0134500000
189 363.6990 0.0133333333
190 365.6315 0.0133666667
191 367.5669 0.0134333333
192 369.5007 0.0134166667
193 371.4339 0.0133833333
194 373.3675 0.0135000000
195 375.3004 0.0134000000
196 377.2345 0.0134000000
197 379.1671 0.0133833333
198 381.1014 0.0133166667
199 383.0359 0.0134333333
200 384.9728 0.0133500000
