1 0.0000 4.4700000000
2 1.9269 3.3000000000
3 3.8486 2.9500000000
4 5.7683 2.6000000000
5 7.6907 2.4600000000
6 9.6114 2.3200000000
7 11.5312 2.2800000000
8 13.4525 2.2300000000
9 15.3733 2.1400000000
10 17.2946 2.1200000000
11 19.2196 2.1000000000
12 21.1409 2.0900000000
13 23.0609 2.1000000000
14 24.9820 2.1000000000
15 26.9043 2.1100000000
16 28.8272 2.1000000000
17 30.7496 2.0500000000
18 32.6715 2.0600000000
19 34.5943 2.0200000000
20 36.5174 2.0300000000
21 38.4513 2.0200000000
22 40.4037 2.0300000000
23 42.3474 1.9700000000
24 44.2675 2.0000000000
25 46.1885 1.9800000000
26 48.1093 1.9500000000
27 50.0284 1.9700000000
28 51.9500 1.9700000000
29 53.8746 1.9700000000
30 55.7953 1.9600000000
31 57.7156 1.9800000000
32 59.6366 1.9500000000
33 61.5576 1.9600000000
34 63.4794 1.9600000000
35 65.4018 1.9600000000
36 67.3278 1.9600000000
37 69.2505 1.9600000000
38 71.1746 1.9500000000
39 73.0970 1.9400000000
40 75.0190 1.9500000000
41 76.9402 1.9600000000
42 78.8637 1.9300000000
43 80.7846 1.9500000000
44 82.7067 1.9500000000
45 84.6293 1.9600000000
46 86.5509 1.9100000000
47 88.4723 1.9200000000
48 90.3951 1.9300000000
49 92.3161 1.8900000000
50 94.2380 1.9400000000
51 96.1587 1.9200000000
52 98.0813 1.9200000000
53 100.0029 1.9200000000
54 101.9242 1.9300000000
55 103.8446 1.9100000000
56 105.7665 1.9000000000
57 107.6896 1.9000000000
58 109.6109 1.9200000000
59 111.5336 1.9300000000
60 113.4560 1.9100000000
61 115.3774 1.9400000000
62 117.3016 1.9200000000
63 119.2298 1.9300000000
64 121.1531 1.8900000000
65 123.0793 1.8900000000
66 125.0024 1.9200000000
67 126.9252 1.9400000000
68 128.8476 1.8500000000
69 130.7727 1.9100000000
70 132.6973 1.8900000000
71 134.6212 1.9000000000
72 136.5443 1.8700000000
73 138.4666 1.8900000000
74 140.3899 1.9000000000
75 142.3117 1.8500000000
76 144.2343 1.9000000000
77 146.1556 1.8700000000
78 148.0776 1.9000000000
79 149.9990 1.8900000000
80 151.9209 1.8600000000
81 153.8422 1.9000000000
82 155.7648 1.8400000000
83 157.6861 1.9000000000
84 159.6089 1.8600000000
85 161.5302 1.8600000000
86 163.4540 1.8700000000
87 165.3753 1.8700000000
88 167.2985 1.8300000000
89 169.2193 1.8900000000
90 171.1417 1.8300000000
91 173.0630 1.8700000000
92 174.9853 1.9000000000
93 176.9060 1.8400000000
94 178.8296 1.8500000000
95 180.7513 1.8600000000
96 182.6736 1.8800000000
97 184.5933 1.8200000000
98 186.5152 1.8800000000
99 188.4353 1.8500000000
100 190.3571 1.8400000000
101 192.2786 1.8800000000
102 194.1986 1.8800000000
103 196.1201 1.8300000000
104 198.0442 1.8400000000
105 199.9655 1.8500000000
106 201.8881 1.8500000000
107 203.8089 1.8600000000
108 205.7297 1.8200000000
109 207.6509 1.8300000000
110 209.5726 1.8000000000
111 211.4926 1.8100000000
112 213.4137 1.8500000000
113 215.3388 1.8600000000
114 217.2630 1.8200000000
115 219.1850 1.8400000000
116 221.1076 1.8300000000
117 223.0300 1.8400000000
118 224.9516 1.8200000000
119 226.8750 1.8200000000
120 228.7976 1.8600000000
121 230.7198 1.8200000000
122 232.6412 1.8200000000
123 234.5627 1.8300000000
124 236.4839 1.8500000000
125 238.4051 1.8300000000
126 240.3267 1.8200000000
127 242.2476 1.8300000000
128 244.1724 1.8400000000
129 246.0971 1.8200000000
130 248.0200 1.8500000000
131 249.9421 1.8200000000
132 251.8650 1.8300000000
133 253.7861 1.7600000000
134 255.7077 1.8500000000
135 257.6290 1.7900000000
136 259.5519 1.7700000000
137 261.4741 1.8200000000
138 263.3950 1.8100000000
139 265.3160 1.8200000000
140 267.2406 1.7900000000
141 269.1890 1.8100000000
142 271.1229 1.8100000000
143 273.0463 1.8000000000
144 274.9698 1.7800000000
145 276.8926 1.7900000000
146 278.8159 1.8100000000
147 280.7398 1.8000000000
148 282.6635 1.8000000000
149 284.5860 1.7900000000
150 286.5083 1.7900000000
151 288.4305 1.8100000000
152 290.3562 1.7700000000
153 292.2829 1.8000000000
154 294.2053 1.7800000000
155 296.1279 1.7800000000
156 298.0519 1.7800000000
157 299.9735 1.7800000000
158 301.8967 1.7800000000
159 303.8186 1.8000000000
160 305.7403 1.7900000000
161 307.6630 1.7700000000
162 309.5851 1.7800000000
163 311.5058 1.8100000000
164 313.4290 1.8000000000
165 315.3517 1.7800000000
166 317.2722 1.7800000000
167 319.1936 1.7800000000
168 321.1150 1.8000000000
169 323.0391 1.7900000000
170 324.9643 1.7600000000
171 326.8886 1.8200000000
172 328.8120 1.7800000000
173 330.7337 1.7900000000
174 332.6553 1.7800000000
175 334.5769 1.7700000000
176 336.4984 1.8000000000
177 338.4243 1.7900000000
178 340.3470 1.7900000000
179 342.2687 1.8000000000
180 344.1909 1.8100000000
181 346.1117 1.8100000000
182 348.0333 1.8000000000
183 349.9556 1.7800000000
184 351.8773 1.8000000000
185 353.7983 1.7700000000
186 355.7230 1.8100000000
187 357.6537 1.7900000000
188 359.5764 1.7800000000
189 361.4983 1.7800000000
190 363.4246 1.8200000000
191 365.3472 1.7800000000
192 367.2710 1.7900000000
193 369.1938 1.8000000000
194 371.1176 1.8000000000
195 373.0409 1.8100000000
196 374.9776 1.7900000000
197 376.8993 1.7900000000
198 378.8217 1.7900000000
199 380.7453 1.7700000000
200 382.6689 1.8000000000
