1 0.0000 0.0709833333
2 1.9269 0.0324500000
3 3.8486 0.0226000000
4 5.7683 0.0171833333
5 7.6907 0.0136833333
6 9.6114 0.0107833333
7 11.5312 0.0087500000
8 13.4525 0.0071166667
9 15.3733 0.0056166667
10 17.2946 0.0044666667
11 19.2196 0.0036333333
12 21.1409 0.0029500000
13 23.0609 0.0024166667
14 24.9820 0.0021000000
15 26.9043 0.0017333333
16 28.8272 0.0015833333
17 30.7496 0.0014333333
18 32.6715 0.0013833333
19 34.5943 0.0013000000
20 36.5174 0.0011166667
21 38.4513 0.0010833333
22 40.4037 0.0010166667
23 42.3474 0.0009500000
24 44.2675 0.0009500000
25 46.1885 0.0009000000
26 48.1093 0.0008333333
27 50.0284 0.0008500000
28 51.9500 0.0007833333
29 53.8746 0.0007833333
30 55.7953 0.0007666667
31 57.7156 0.0007000000
32 59.6366 0.0007166667
33 61.5576 0.0006666667
34 63.4794 0.0007000000
35 65.4018 0.0006333333
36 67.3278 0.0006666667
37 69.2505 0.0006000000
38 71.1746 0.0006500000
39 73.0970 0.0006166667
40 75.0190 0.0006166667
41 76.9402 0.0005833333
42 78.8637 0.0005666667
43 80.7846 0.0006000000
44 82.7067 0.0005666667
45 84.6293 0.0005666667
46 86.5509 0.0005166667
47 88.4723 0.0005500000
48 90.3951 0.0005333333
49 92.3161 0.0005166667
50 94.2380 0.0005166667
51 96.1587 0.0005166667
52 98.0813 0.0005333333
53 100.0029 0.0004833333
54 101.9242 0.0004833333
55 103.8446 0.0005000000
56 105.7665 0.0005000000
57 107.6896 0.0005000000
58 109.6109 0.0004500000
59 111.5336 0.0005000000
60 113.4560 0.0005000000
61 115.3774 0.0005000000
62 117.3016 0.0004500000
63 119.2298 0.0004833333
64 121.1531 0.0005000000
65 123.0793 0.0004500000
66 125.0024 0.0004666667
67 126.9252 0.0004333333
68 128.8476 0.0004333333
69 130.7727 0.0004166667
70 132.6973 0.0004500000
71 134.6212 0.0004500000
72 136.5443 0.0004333333
73 138.4666 0.0004333333
74 140.3899 0.0004333333
75 142.3117 0.0004500000
76 144.2343 0.0003833333
77 146.1556 0.0004666667
78 148.0776 0.0004166667
79 149.9990 0.0004500000
80 151.9209 0.0004166667
81 153.8422 0.0004500000
82 155.7648 0.0004166667
83 157.6861 0.0003833333
84 159.6089 0.0003500000
85 161.5302 0.0004000000
86 163.4540 0.0004000000
87 165.3753 0.0004000000
88 167.2985 0.0004000000
89 169.2193 0.0004000000
90 171.1417 0.0004000000
91 173.0630 0.0004000000
92 174.9853 0.0004000000
93 176.9060 0.0003833333
94 178.8296 0.0003833333
95 180.7513 0.0003833333
96 182.6736 0.0003833333
97 184.5933 0.0003833333
98 186.5152 0.0003666667
99 188.4353 0.0003833333
100 190.3571 0.0003666667
101 192.2786 0.0003833333
102 194.1986 0.0004000000
103 196.1201 0.0003500000
104 198.0442 0.0003666667
105 199.9655 0.0004000000
106 201.8881 0.0003833333
107 203.8089 0.0003666667
108 205.7297 0.0003666667
109 207.6509 0.0003666667
110 209.5726 0.0003666667
111 211.4926 0.0004000000
112 213.4137 0.0003666667
113 215.3388 0.0003666667
114 217.2630 0.0003666667
115 219.1850 0.0003500000
116 221.1076 0.0003666667
117 223.0300 0.0003666667
118 224.9516 0.0003666667
119 226.8750 0.0003500000
120 228.7976 0.0003666667
121 230.7198 0.0003666667
122 232.6412 0.0003666667
123 234.5627 0.0003833333
124 236.4839 0.0003666667
125 238.4051 0.0003833333
126 240.3267 0.0003666667
127 242.2476 0.0003666667
128 244.1724 0.0003833333
129 246.0971 0.0004000000
130 248.0200 0.0003500000
131 249.9421 0.0003666667
132 251.8650 0.0003666667
133 253.7861 0.0003666667
134 255.7077 0.0003666667
135 257.6290 0.0003666667
136 259.5519 0.0003500000
137 261.4741 0.0003833333
138 263.3950 0.0003666667
139 265.3160 0.0003500000
140 267.2406 0.0003666667
141 269.1890 0.0003666667
142 271.1229 0.0003833333
143 273.0463 0.0003666667
144 274.9698 0.0003833333
145 276.8926 0.0003500000
146 278.8159 0.0003666667
147 280.7398 0.0003833333
148 282.6635 0.0003500000
149 284.5860 0.0004000000
150 286.5083 0.0003666667
151 288.4305 0.0003833333
152 290.3562 0.0003500000
153 292.2829 0.0003500000
154 294.2053 0.0003500000
155 296.1279 0.0003833333
156 298.0519 0.0003666667
157 299.9735 0.0003666667
158 301.8967 0.0003500000
159 303.8186 0.0003666667
160 305.7403 0.0003833333
161 307.6630 0.0003833333
162 309.5851 0.0003333333
163 311.5058 0.0003833333
164 313.4290 0.0003666667
165 315.3517 0.0003500000
166 317.2722 0.0003500000
167 319.1936 0.0003333333
168 321.1150 0.0003500000
169 323.0391 0.0003833333
170 324.9643 0.0003333333
171 326.8886 0.0003833333
172 328.8120 0.0003666667
173 330.7337 0.0003333333
174 332.6553 0.0003500000
175 334.5769 0.0003500000
176 336.4984 0.0003333333
177 338.4243 0.0003333333
178 340.3470 0.0003500000
179 342.2687 0.0003333333
180 344.1909 0.0003500000
181 346.1117 0.0003333333
182 348.0333 0.0003500000
183 349.9556 0.0003333333
184 351.8773 0.0003333333
185 353.7983 0.0003500000
186 355.7230 0.0003166667
187 357.6537 0.0003500000
188 359.5764 0.0003666667
189 361.4983 0.0003333333
190 363.4246 0.0003166667
191 365.3472 0.0003166667
192 367.2710 0.0003500000
193 369.1938 0.0003166667
194 371.1176 0.0003166667
195 373.0409 0.0003666667
196 374.9776 0.0003666667
197 376.8993 0.0003000000
198 378.8217 0.0003333333
199 380.7453 0.0003500000
200 382.6689 0.0003333333
