1 0.0000 4.8600000000
2 1.9313 3.7000000000
3 3.8556 3.3800000000
4 5.7806 3.1300000000
5 7.7054 3.0200000000
6 9.6340 3.0100000000
7 11.5659 2.9300000000
8 13.4916 2.8900000000
9 15.4154 2.8000000000
10 17.3382 2.7800000000
11 19.2630 2.7800000000
12 21.1864 2.7500000000
13 23.1095 2.7100000000
14 25.0322 2.7000000000
15 26.9704 2.7100000000
16 28.8945 2.6900000000
17 30.8188 2.6900000000
18 32.7422 2.6400000000
19 34.6658 2.6500000000
20 36.5893 2.6800000000
21 38.5128 2.6600000000
22 40.4376 2.6300000000
23 42.3606 2.6000000000
24 44.2832 2.5800000000
25 46.2073 2.5300000000
26 48.1310 2.5700000000
27 50.0542 2.5600000000
28 51.9776 2.5100000000
29 53.9010 2.5500000000
30 55.8233 2.5500000000
31 57.7464 2.5200000000
32 59.6705 2.5500000000
33 61.6036 2.5800000000
34 63.5269 2.5800000000
35 65.4495 2.5700000000
36 67.3724 2.5400000000
37 69.2980 2.5600000000
38 71.2233 2.6000000000
39 73.1472 2.5900000000
40 75.0745 2.6000000000
41 76.9990 2.5800000000
42 78.9227 2.5900000000
43 80.8457 2.5500000000
44 82.7692 2.5900000000
45 84.6936 2.5800000000
46 86.6169 2.5800000000
47 88.5406 2.5800000000
48 90.4638 2.5400000000
49 92.3866 2.5500000000
50 94.3107 2.5700000000
51 96.2355 2.5500000000
52 98.1588 2.5400000000
53 100.0823 2.5600000000
54 102.0050 2.5500000000
55 103.9286 2.5600000000
56 105.8518 2.5600000000
57 107.7740 2.5800000000
58 109.6967 2.5000000000
59 111.6199 2.5600000000
60 113.5417 2.5300000000
61 115.4644 2.5300000000
62 117.3880 2.5400000000
63 119.3118 2.5300000000
64 121.2330 2.5000000000
65 123.1560 2.5000000000
66 125.0791 2.5200000000
67 127.0008 2.5200000000
68 128.9240 2.5300000000
69 130.8539 2.5000000000
70 132.7943 2.5200000000
71 134.7168 2.5400000000
72 136.6391 2.5200000000
73 138.5607 2.5200000000
74 140.4824 2.5200000000
75 142.4054 2.5200000000
76 144.3293 2.5300000000
77 146.2522 2.5000000000
78 148.1740 2.5700000000
79 150.0956 2.5200000000
80 152.0180 2.5200000000
81 153.9408 2.5600000000
82 155.8649 2.4900000000
83 157.7863 2.5400000000
84 159.7095 2.5100000000
85 161.6314 2.5300000000
86 163.5544 2.5300000000
87 165.4771 2.5200000000
88 167.4115 2.5200000000
89 169.3350 2.5400000000
90 171.2592 2.4900000000
91 173.1826 2.5200000000
92 175.1062 2.5000000000
93 177.0295 2.5300000000
94 178.9543 2.5100000000
95 180.8772 2.4600000000
96 182.8000 2.5500000000
97 184.7229 2.5200000000
98 186.6458 2.5000000000
99 188.5683 2.5200000000
100 190.4924 2.5200000000
101 192.4150 2.4900000000
102 194.3383 2.5200000000
103 196.2605 2.5100000000
104 198.1836 2.4800000000
105 200.1054 2.4900000000
106 202.0283 2.5000000000
107 203.9509 2.4800000000
108 205.8737 2.5000000000
109 207.7963 2.5000000000
110 209.7197 2.4800000000
111 211.6427 2.5100000000
112 213.5634 2.4700000000
113 215.4860 2.4900000000
114 217.4109 2.4800000000
115 219.3334 2.4900000000
116 221.2555 2.4900000000
117 223.1772 2.5000000000
118 225.1006 2.4900000000
119 227.0238 2.4900000000
120 228.9460 2.4600000000
121 230.8683 2.4800000000
122 232.7896 2.5000000000
123 234.7132 2.4800000000
124 236.6348 2.4700000000
125 238.5574 2.4900000000
126 240.4809 2.4800000000
127 242.4043 2.4800000000
128 244.3261 2.5000000000
129 246.2490 2.4600000000
130 248.1727 2.4800000000
131 250.0946 2.4800000000
132 252.0168 2.4700000000
133 253.9391 2.4500000000
134 255.8632 2.4600000000
135 257.7863 2.4800000000
136 259.7096 2.4600000000
137 261.6316 2.5000000000
138 263.5548 2.4800000000
139 265.4766 2.4800000000
140 267.3979 2.4700000000
141 269.3198 2.4700000000
142 271.2417 2.4800000000
143 273.1656 2.4600000000
144 275.0891 2.4400000000
145 277.0114 2.4800000000
146 278.9350 2.4900000000
147 280.8565 2.4700000000
148 282.7797 2.4900000000
149 284.7016 2.4800000000
150 286.6247 2.4500000000
151 288.5477 2.4500000000
152 290.4700 2.4700000000
153 292.3929 2.4400000000
154 294.3156 2.4600000000
155 296.2378 2.4400000000
156 298.1609 2.4600000000
157 300.0845 2.4700000000
158 302.0076 2.4600000000
159 303.9302 2.4600000000
160 305.8521 2.4300000000
161 307.7764 2.4800000000
162 309.6993 2.4500000000
163 311.6206 2.4600000000
164 313.5421 2.4500000000
165 315.4651 2.4600000000
166 317.3879 2.4700000000
167 319.3099 2.4700000000
168 321.2441 2.4700000000
169 323.1797 2.4800000000
170 325.1030 2.4500000000
171 327.0256 2.4500000000
172 328.9478 2.4500000000
173 330.8698 2.4800000000
174 332.7920 2.4900000000
175 334.7147 2.4700000000
176 336.6371 2.4400000000
177 338.5602 2.4900000000
178 340.4822 2.4700000000
179 342.4016 2.4200000000
180 344.3140 2.4700000000
181 346.2267 2.4600000000
182 348.1380 2.4700000000
183 350.0497 2.4600000000
184 351.9611 2.4400000000
185 353.8734 2.4400000000
186 355.7865 2.4600000000
187 357.7003 2.4900000000
188 359.6113 2.4500000000
189 361.5231 2.4700000000
190 363.4360 2.4500000000
191 365.3479 2.4700000000
192 367.2602 2.4800000000
193 369.1708 2.4700000000
194 371.0845 2.4400000000
195 372.9968 2.4300000000
196 374.9083 2.4900000000
197 376.8188 2.4900000000
198 378.7307 2.4900000000
199 380.6411 2.5000000000
200 382.5538 2.4600000000
