1 0.0000 0.0733333333
2 1.9313 0.0357166667
3 3.8556 0.0269166667
4 5.7806 0.0226000000
5 7.7054 0.0207000000
6 9.6340 0.0192166667
7 11.5659 0.0179833333
8 13.4916 0.0173333333
9 15.4154 0.0169333333
10 17.3382 0.0166833333
11 19.2630 0.0161666667
12 21.1864 0.0158000000
13 23.1095 0.0157500000
14 25.0322 0.0154833333
15 26.9704 0.0153333333
16 28.8945 0.0151666667
17 30.8188 0.0151666667
18 32.7422 0.0150333333
19 34.6658 0.0150166667
20 36.5893 0.0149666667
21 38.5128 0.0147666667
22 40.4376 0.0147500000
23 42.3606 0.0147500000
24 44.2832 0.0147666667
25 46.2073 0.0146000000
26 48.1310 0.0145000000
27 50.0542 0.0145500000
28 51.9776 0.0144500000
29 53.9010 0.0145333333
30 55.8233 0.0144333333
31 57.7464 0.0144666667
32 59.6705 0.0145166667
33 61.6036 0.0143833333
34 63.5269 0.0143666667
35 65.4495 0.0142500000
36 67.3724 0.0143000000
37 69.2980 0.0143000000
38 71.2233 0.0141333333
39 73.1472 0.0141833333
40 75.0745 0.0141833333
41 76.9990 0.0141500000
42 78.9227 0.0142666667
43 80.8457 0.0141500000
44 82.7692 0.0140500000
45 84.6936 0.0140666667
46 86.6169 0.0140166667
47 88.5406 0.0139333333
48 90.4638 0.0140000000
49 92.3866 0.0138833333
50 94.3107 0.0138833333
51 96.2355 0.0139000000
52 98.1588 0.0139166667
53 100.0823 0.0138166667
54 102.0050 0.0137500000
55 103.9286 0.0138500000
56 105.8518 0.0138166667
57 107.7740 0.0139166667
58 109.6967 0.0138000000
59 111.6199 0.0137833333
60 113.5417 0.0138833333
61 115.4644 0.0138500000
62 117.3880 0.0138833333
63 119.3118 0.0136833333
64 121.2330 0.0137833333
65 123.1560 0.0138666667
66 125.0791 0.0138166667
67 127.0008 0.0137666667
68 128.9240 0.0139000000
69 130.8539 0.0138333333
70 132.7943 0.0138666667
71 134.7168 0.0138833333
72 136.6391 0.0137833333
73 138.5607 0.0138833333
74 140.4824 0.0138000000
75 142.4054 0.0138500000
76 144.3293 0.0137333333
77 146.2522 0.0138333333
78 148.1740 0.0137500000
79 150.0956 0.0137666667
80 152.0180 0.0138666667
81 153.9408 0.0136833333
82 155.8649 0.0136000000
83 157.7863 0.0136333333
84 159.7095 0.0137166667
85 161.6314 0.0137833333
86 163.5544 0.0136000000
87 165.4771 0.0136333333
88 167.4115 0.0136666667
89 169.3350 0.0136833333
90 171.2592 0.0137000000
91 173.1826 0.0136000000
92 175.1062 0.0135500000
93 177.0295 0.0135333333
94 178.9543 0.0135833333
95 180.8772 0.0135666667
96 182.8000 0.0135000000
97 184.7229 0.0135666667
98 186.6458 0.0135333333
99 188.5683 0.0134833333
100 190.4924 0.0135666667
101 192.4150 0.0135500000
102 194.3383 0.0134833333
103 196.2605 0.0134000000
104 198.1836 0.0134833333
105 200.1054 0.0135000000
106 202.0283 0.0135166667
107 203.9509 0.0135166667
108 205.8737 0.0133833333
109 207.7963 0.0133666667
110 209.7197 0.0134000000
111 211.6427 0.0134166667
112 213.5634 0.0133166667
113 215.4860 0.0133666667
114 217.4109 0.0134166667
115 219.3334 0.0134500000
116 221.2555 0.0134833333
117 223.1772 0.0134666667
118 225.1006 0.0134333333
119 227.0238 0.0133500000
120 228.9460 0.0134500000
121 230.8683 0.0133500000
122 232.7896 0.0132833333
123 234.7132 0.0134500000
124 236.6348 0.0133666667
125 238.5574 0.0132833333
126 240.4809 0.0133833333
127 242.4043 0.0133833333
128 244.3261 0.0132833333
129 246.2490 0.0133166667
130 248.1727 0.0132833333
131 250.0946 0.0133166667
132 252.0168 0.0132833333
133 253.9391 0.0133166667
134 255.8632 0.0133833333
135 257.7863 0.0133166667
136 259.7096 0.0133166667
137 261.6316 0.0132666667
138 263.5548 0.0132000000
139 265.4766 0.0132500000
140 267.3979 0.0133166667
141 269.3198 0.0132166667
142 271.2417 0.0133500000
143 273.1656 0.0131500000
144 275.0891 0.0132833333
145 277.0114 0.0131166667
146 278.9350 0.0132000000
147 280.8565 0.0133333333
148 282.7797 0.0132500000
149 284.7016 0.0131666667
150 286.6247 0.0133000000
151 288.5477 0.0131333333
152 290.4700 0.0132000000
153 292.3929 0.0131333333
154 294.3156 0.0132666667
155 296.2378 0.0132333333
156 298.1609 0.0132333333
157 300.0845 0.0132166667
158 302.0076 0.0133333333
159 303.9302 0.0132000000
160 305.8521 0.0132666667
161 307.7764 0.0131500000
162 309.6993 0.0133000000
163 311.6206 0.0132833333
164 313.5421 0.0132166667
165 315.4651 0.0133500000
166 317.3879 0.0131166667
167 319.3099 0.0131666667
168 321.2441 0.0133333333
169 323.1797 0.0133500000
170 325.1030 0.0133500000
171 327.0256 0.0132000000
172 328.9478 0.0132000000
173 330.8698 0.0132000000
174 332.7920 0.0131666667
175 334.7147 0.0132666667
176 336.6371 0.0132833333
177 338.5602 0.0132500000
178 340.4822 0.0131333333
179 342.4016 0.0131666667
180 344.3140 0.0131500000
181 346.2267 0.0131166667
182 348.1380 0.0131166667
183 350.0497 0.0131833333
184 351.9611 0.0132500000
185 353.8734 0.0132666667
186 355.7865 0.0133000000
187 357.7003 0.0132500000
188 359.6113 0.0132666667
189 361.5231 0.0131500000
190 363.4360 0.0131666667
191 365.3479 0.0132166667
192 367.2602 0.0132166667
193 369.1708 0.0131833333
194 371.0845 0.0131000000
195 372.9968 0.0132166667
196 374.9083 0.0132000000
197 376.8188 0.0131500000
198 378.7307 0.0132166667
199 380.6411 0.0132666667
200 382.5538 0.0132333333
