1 0.0000 4.8200000000
2 4.1850 3.4400000000
3 8.2678 2.7500000000
4 12.3502 2.5000000000
5 16.4307 2.3300000000
6 20.5094 2.2100000000
7 24.6053 2.0300000000
8 28.6908 2.0500000000
9 32.7718 2.0300000000
10 36.8521 1.7800000000
11 40.9500 1.7000000000
12 45.0320 1.8300000000
13 49.1130 1.6700000000
14 53.1941 1.6600000000
15 57.2765 1.7700000000
16 61.3613 1.5900000000
17 65.4496 1.4800000000
18 69.5326 1.5500000000
19 73.6150 1.5800000000
20 77.6984 1.6200000000
21 81.7801 1.6800000000
22 85.8620 1.5300000000
23 89.9440 1.6100000000
24 94.0265 1.4300000000
25 98.1080 1.5800000000
26 102.1929 1.3800000000
27 106.2812 1.6100000000
28 110.3688 1.5600000000
29 114.4504 1.4600000000
30 118.5334 1.5300000000
31 122.6165 1.5100000000
32 126.7147 1.5300000000
33 130.7981 1.4100000000
34 134.8810 1.4100000000
35 138.9625 1.4700000000
36 143.0447 1.4300000000
37 147.1380 1.3700000000
38 151.2201 1.3300000000
39 155.3068 1.5000000000
40 159.3932 1.4000000000
41 163.4772 1.3400000000
42 167.5602 1.2800000000
43 171.6405 1.3900000000
44 175.7218 1.4000000000
45 179.8071 1.4600000000
46 183.8898 1.3800000000
47 187.9727 1.3500000000
48 192.0551 1.3600000000
49 196.1381 1.2500000000
50 200.2240 1.3700000000
51 204.3131 1.3000000000
52 208.3956 1.4700000000
53 212.4778 1.3400000000
54 216.5595 1.3000000000
55 220.6407 1.3200000000
56 224.7228 1.3200000000
57 228.8054 1.3500000000
58 232.8863 1.2800000000
59 236.9686 1.3200000000
60 241.0495 1.3000000000
61 245.1318 1.3200000000
62 249.2148 1.4300000000
63 253.3005 1.2300000000
64 257.3820 1.3400000000
65 261.4641 1.2100000000
66 265.5459 1.2600000000
67 269.6264 1.3000000000
68 273.7071 1.4500000000
69 277.7888 1.4800000000
70 281.8695 1.2500000000
71 285.9604 1.2700000000
72 290.0417 1.3600000000
73 294.1217 1.2800000000
74 298.2041 1.3000000000
75 302.2858 1.3100000000
76 306.3678 1.2500000000
77 310.4498 1.2300000000
78 314.5303 1.2300000000
79 318.6118 1.2700000000
80 322.6924 1.2700000000
81 326.7738 1.2500000000
82 330.8533 1.2700000000
83 334.9346 1.3600000000
84 339.0188 1.2700000000
85 343.1053 1.3700000000
86 347.1890 1.2600000000
87 351.2868 1.2200000000
88 355.3685 1.2300000000
89 359.4504 1.3000000000
90 363.5359 1.2600000000
91 367.6242 1.2300000000
92 371.7071 1.2600000000
93 375.7923 1.2400000000
94 379.8766 1.2300000000
95 383.9622 1.2300000000
96 388.0579 1.3100000000
97 392.1410 1.3300000000
98 396.2243 1.2500000000
99 400.3067 1.3100000000
100 404.3891 1.2700000000
101 408.4703 1.2600000000
102 412.5517 1.2800000000
103 416.6330 1.2700000000
104 420.7190 1.2900000000
105 424.8024 1.2200000000
106 428.8843 1.2300000000
107 432.9667 1.2900000000
108 437.0484 1.2700000000
109 441.1302 1.2900000000
110 445.2133 1.2000000000
111 449.2978 1.2700000000
112 453.3787 1.2900000000
113 457.4663 1.2000000000
114 461.5480 1.2300000000
115 465.6340 1.2100000000
116 469.7221 1.2400000000
117 473.8070 1.2400000000
118 477.8935 1.4400000000
119 481.9790 1.2500000000
120 486.0693 1.2800000000
121 490.1559 1.2800000000
122 494.2432 1.2500000000
123 498.3267 1.3600000000
124 502.4090 1.2600000000
125 506.4923 1.2600000000
126 510.5753 1.2700000000
127 514.6575 1.3000000000
128 518.7411 1.2200000000
129 522.8238 1.2600000000
130 526.9095 1.2900000000
131 530.9911 1.2600000000
132 535.0732 1.2100000000
133 539.1554 1.2300000000
134 543.2412 1.2200000000
135 547.3310 1.2500000000
136 551.4137 1.2100000000
137 555.4965 1.2400000000
138 559.5798 1.1900000000
139 563.6621 1.2100000000
140 567.7451 1.1800000000
141 571.8274 1.2600000000
142 575.9087 1.2400000000
143 579.9907 1.1800000000
144 584.0738 1.2500000000
145 588.1570 1.2400000000
146 592.2418 1.2300000000
147 596.3277 1.2800000000
148 600.4090 1.3000000000
149 604.4922 1.2500000000
150 608.5750 1.1500000000
151 612.6574 1.1800000000
152 616.7403 1.1700000000
153 620.8232 1.2100000000
154 624.9037 1.2400000000
155 628.9864 1.2200000000
156 633.0708 1.2700000000
157 637.1534 1.2000000000
158 641.2364 1.2500000000
159 645.3194 1.2500000000
160 649.4020 1.2600000000
161 653.4838 1.1600000000
162 657.5680 1.2800000000
163 661.6498 1.2300000000
164 665.7317 1.2800000000
165 669.8158 1.2300000000
166 673.8980 1.2800000000
167 677.9802 1.2900000000
168 682.0634 1.1700000000
169 686.1470 1.1900000000
170 690.2298 1.2300000000
171 694.3131 1.2300000000
172 698.3961 1.2500000000
173 702.4809 1.2600000000
174 706.5641 1.1400000000
175 710.6467 1.2100000000
176 714.7293 1.2600000000
177 718.8131 1.1600000000
178 722.8961 1.2600000000
179 726.9781 1.1500000000
180 731.0631 1.2100000000
181 735.1484 1.2500000000
182 739.2343 1.2900000000
183 743.3174 1.2900000000
184 747.4000 1.3100000000
185 751.4818 1.2000000000
186 755.5652 1.2000000000
187 759.6481 1.2500000000
188 763.7312 1.2500000000
189 767.8144 1.2700000000
190 771.9136 1.2300000000
191 775.9971 1.2400000000
192 780.0801 1.2000000000
193 784.1638 1.1900000000
194 788.2475 1.2000000000
195 792.3303 1.2700000000
196 796.4134 1.2200000000
197 800.4955 1.3100000000
198 804.5773 1.2500000000
199 808.6721 1.2500000000
200 812.7542 1.2400000000
