1 0.0000 0.0731666667
2 4.1850 0.0340000000
3 8.2678 0.0251833333
4 12.3502 0.0205166667
5 16.4307 0.0163000000
6 20.5094 0.0144000000
7 24.6053 0.0124000000
8 28.6908 0.0108500000
9 32.7718 0.0095666667
10 36.8521 0.0084000000
11 40.9500 0.0075333333
12 45.0320 0.0063500000
13 49.1130 0.0057000000
14 53.1941 0.0052666667
15 57.2765 0.0042333333
16 61.3613 0.0040666667
17 65.4496 0.0038166667
18 69.5326 0.0031666667
19 73.6150 0.0032166667
20 77.6984 0.0028500000
21 81.7801 0.0026666667
22 85.8620 0.0024333333
23 89.9440 0.0024333333
24 94.0265 0.0021666667
25 98.1080 0.0019000000
26 102.1929 0.0016666667
27 106.2812 0.0013500000
28 110.3688 0.0014333333
29 114.4504 0.0014000000
30 118.5334 0.0012500000
31 122.6165 0.0010666667
32 126.7147 0.0012500000
33 130.7981 0.0009833333
34 134.8810 0.0009333333
35 138.9625 0.0009500000
36 143.0447 0.0009166667
37 147.1380 0.0007500000
38 151.2201 0.0007166667
39 155.3068 0.0007500000
40 159.3932 0.0004833333
41 163.4772 0.0006000000
42 167.5602 0.0004666667
43 171.6405 0.0005500000
44 175.7218 0.0005333333
45 179.8071 0.0005000000
46 183.8898 0.0004833333
47 187.9727 0.0004500000
48 192.0551 0.0003500000
49 196.1381 0.0005833333
50 200.2240 0.0003500000
51 204.3131 0.0003500000
52 208.3956 0.0003000000
53 212.4778 0.0003500000
54 216.5595 0.0003833333
55 220.6407 0.0001666667
56 224.7228 0.0003000000
57 228.8054 0.0002333333
58 232.8863 0.0003000000
59 236.9686 0.0003500000
60 241.0495 0.0002166667
61 245.1318 0.0002166667
62 249.2148 0.0002500000
63 253.3005 0.0000833333
64 257.3820 0.0001666667
65 261.4641 0.0001166667
66 265.5459 0.0000833333
67 269.6264 0.0001333333
68 273.7071 0.0001333333
69 277.7888 0.0001666667
70 281.8695 0.0000666667
71 285.9604 0.0000833333
72 290.0417 0.0001833333
73 294.1217 0.0001000000
74 298.2041 0.0000666667
75 302.2858 0.0000833333
76 306.3678 0.0000833333
77 310.4498 0.0000166667
78 314.5303 0.0000833333
79 318.6118 0.0000666667
80 322.6924 0.0001333333
81 326.7738 0.0000666667
82 330.8533 0.0001166667
83 334.9346 0.0000500000
84 339.0188 0.0000666667
85 343.1053 0.0000500000
86 347.1890 0.0000500000
87 351.2868 0.0001000000
88 355.3685 0.0001000000
89 359.4504 0.0000500000
90 363.5359 0.0000666667
91 367.6242 0.0000500000
92 371.7071 0.0001000000
93 375.7923 0.0000000000
94 379.8766 0.0000333333
95 383.9622 0.0000666667
96 388.0579 0.0000666667
97 392.1410 0.0000333333
98 396.2243 0.0000666667
99 400.3067 0.0000333333
100 404.3891 0.0000166667
101 408.4703 0.0000166667
102 412.5517 0.0000333333
103 416.6330 0.0000166667
104 420.7190 0.0000166667
105 424.8024 0.0000166667
106 428.8843 0.0000333333
107 432.9667 0.0000000000
108 437.0484 0.0000500000
109 441.1302 0.0001166667
110 445.2133 0.0000666667
111 449.2978 0.0000000000
112 453.3787 0.0000166667
113 457.4663 0.0000000000
114 461.5480 0.0000500000
115 465.6340 0.0000000000
116 469.7221 0.0000333333
117 473.8070 0.0000333333
118 477.8935 0.0000166667
119 481.9790 0.0000333333
120 486.0693 0.0000000000
121 490.1559 0.0000166667
122 494.2432 0.0000000000
123 498.3267 0.0000000000
124 502.4090 0.0000000000
125 506.4923 0.0000166667
126 510.5753 0.0000333333
127 514.6575 0.0000333333
128 518.7411 0.0000333333
129 522.8238 0.0000333333
130 526.9095 0.0000166667
131 530.9911 0.0000000000
132 535.0732 0.0000000000
133 539.1554 0.0000166667
134 543.2412 0.0000166667
135 547.3310 0.0000500000
136 551.4137 0.0000166667
137 555.4965 0.0000000000
138 559.5798 0.0000166667
139 563.6621 0.0000000000
140 567.7451 0.0000000000
141 571.8274 0.0000166667
142 575.9087 0.0000000000
143 579.9907 0.0000000000
144 584.0738 0.0000333333
145 588.1570 0.0000333333
146 592.2418 0.0000333333
147 596.3277 0.0000000000
148 600.4090 0.0000000000
149 604.4922 0.0000166667
150 608.5750 0.0000166667
151 612.6574 0.0000000000
152 616.7403 0.0000166667
153 620.8232 0.0000000000
154 624.9037 0.0000000000
155 628.9864 0.0000000000
156 633.0708 0.0000166667
157 637.1534 0.0000166667
158 641.2364 0.0000000000
159 645.3194 0.0000000000
160 649.4020 0.0000000000
161 653.4838 0.0000000000
162 657.5680 0.0000000000
163 661.6498 0.0000000000
164 665.7317 0.0000000000
165 669.8158 0.0000000000
166 673.8980 0.0000000000
167 677.9802 0.0000000000
168 682.0634 0.0000000000
169 686.1470 0.0000166667
170 690.2298 0.0000166667
171 694.3131 0.0000166667
172 698.3961 0.0000166667
173 702.4809 0.0000166667
174 706.5641 0.0000000000
175 710.6467 0.0000166667
176 714.7293 0.0000000000
177 718.8131 0.0000000000
178 722.8961 0.0000166667
179 726.9781 0.0000000000
180 731.0631 0.0000000000
181 735.1484 0.0000166667
182 739.2343 0.0000000000
183 743.3174 0.0000166667
184 747.4000 0.0000000000
185 751.4818 0.0000000000
186 755.5652 0.0000000000
187 759.6481 0.0000166667
188 763.7312 0.0000166667
189 767.8144 0.0000166667
190 771.9136 0.0000333333
191 775.9971 0.0000000000
192 780.0801 0.0000000000
193 784.1638 0.0000166667
194 788.2475 0.0000000000
195 792.3303 0.0000000000
196 796.4134 0.0000000000
197 800.4955 0.0000166667
198 804.5773 0.0000166667
199 808.6721 0.0000000000
200 812.7542 0.0000000000
