1 0.0000 5.2600000000
2 1.9195 3.8000000000
3 3.8341 3.3400000000
4 5.7444 3.1000000000
5 7.6535 3.0100000000
6 9.5624 2.9500000000
7 11.4725 2.8400000000
8 13.3813 2.8300000000
9 15.3107 2.8400000000
10 17.2247 2.8500000000
11 19.1399 2.8400000000
12 21.0513 2.7800000000
13 22.9600 2.7800000000
14 24.8691 2.7000000000
15 26.7780 2.6700000000
16 28.6890 2.6500000000
17 30.5995 2.6500000000
18 32.5091 2.6400000000
19 34.4203 2.6100000000
20 36.3290 2.6100000000
21 38.2384 2.6300000000
22 40.1465 2.6300000000
23 42.0547 2.6200000000
24 43.9637 2.6400000000
25 45.8735 2.6100000000
26 47.7821 2.6300000000
27 49.6922 2.6500000000
28 51.6019 2.6000000000
29 53.5101 2.6300000000
30 55.4193 2.6600000000
31 57.3289 2.6100000000
32 59.2363 2.6000000000
33 61.1446 2.6000000000
34 63.0559 2.5800000000
35 64.9686 2.5500000000
36 66.8764 2.5900000000
37 68.7852 2.5800000000
38 70.6919 2.5500000000
39 72.5991 2.5800000000
40 74.5073 2.5700000000
41 76.4157 2.5500000000
42 78.3239 2.5700000000
43 80.2317 2.5500000000
44 82.1396 2.5500000000
45 84.0464 2.5500000000
46 85.9541 2.5600000000
47 87.8610 2.5600000000
48 89.7696 2.5500000000
49 91.6780 2.5500000000
50 93.5873 2.5500000000
51 95.4953 2.5400000000
52 97.4028 2.5400000000
53 99.3095 2.5500000000
54 101.2168 2.5400000000
55 103.1245 2.5400000000
56 105.0318 2.5400000000
57 106.9381 2.5400000000
58 108.8467 2.5300000000
59 110.7539 2.5400000000
60 112.6780 2.5500000000
61 114.5889 2.5500000000
62 116.4998 2.5300000000
63 118.4078 2.5200000000
64 120.3230 2.5500000000
65 122.2317 2.5500000000
66 124.1399 2.5500000000
67 126.0473 2.5500000000
68 127.9540 2.5500000000
69 129.8625 2.5600000000
70 131.7703 2.5400000000
71 133.6793 2.5600000000
72 135.5890 2.5600000000
73 137.4998 2.5500000000
74 139.4075 2.5600000000
75 141.3153 2.5600000000
76 143.2222 2.5500000000
77 145.1298 2.5400000000
78 147.0383 2.5400000000
79 148.9470 2.5300000000
80 150.8548 2.5600000000
81 152.7633 2.5500000000
82 154.6716 2.5300000000
83 156.5801 2.5400000000
84 158.4888 2.5500000000
85 160.3961 2.5400000000
86 162.3036 2.5500000000
87 164.2113 2.5300000000
88 166.1195 2.5400000000
89 168.0263 2.5200000000
90 169.9320 2.5300000000
91 171.8402 2.5300000000
92 173.7481 2.5300000000
93 175.6570 2.5100000000
94 177.5670 2.5300000000
95 179.4744 2.5600000000
96 181.3815 2.5000000000
97 183.2896 2.5300000000
98 185.1962 2.5400000000
99 187.1050 2.5000000000
100 189.0120 2.5300000000
101 190.9260 2.5200000000
102 192.8363 2.5400000000
103 194.7496 2.5200000000
104 196.6597 2.5200000000
105 198.5684 2.5200000000
106 200.4772 2.5300000000
107 202.3843 2.5400000000
108 204.2937 2.5500000000
109 206.2025 2.5300000000
110 208.1125 2.5200000000
111 210.0222 2.5500000000
112 211.9318 2.5200000000
113 213.8413 2.5300000000
114 215.7519 2.5300000000
115 217.6608 2.5300000000
116 219.5690 2.5500000000
117 221.4777 2.5200000000
118 223.3871 2.5600000000
119 225.2960 2.5400000000
120 227.2049 2.5400000000
121 229.1126 2.5300000000
122 231.0220 2.5300000000
123 232.9313 2.5400000000
124 234.8389 2.5400000000
125 236.7466 2.5300000000
126 238.6546 2.5600000000
127 240.5633 2.5400000000
128 242.4714 2.5500000000
129 244.3799 2.5300000000
130 246.2890 2.5600000000
131 248.1969 2.5600000000
132 250.1063 2.5500000000
133 252.0153 2.5200000000
134 253.9231 2.5600000000
135 255.8307 2.5600000000
136 257.7399 2.5500000000
137 259.6478 2.5400000000
138 261.5559 2.5400000000
139 263.4633 2.5500000000
140 265.3717 2.5300000000
141 267.2803 2.5600000000
142 269.1897 2.5700000000
143 271.0982 2.5500000000
144 273.0071 2.5800000000
145 274.9150 2.5600000000
146 276.8242 2.5800000000
147 278.7395 2.5600000000
148 280.6476 2.5800000000
149 282.5556 2.5700000000
150 284.4652 2.5500000000
151 286.3739 2.5600000000
152 288.2811 2.5300000000
153 290.1892 2.5400000000
154 292.0977 2.5500000000
155 294.0063 2.5400000000
156 295.9281 2.5500000000
157 297.8367 2.5600000000
158 299.7446 2.5500000000
159 301.6532 2.5400000000
160 303.5607 2.5900000000
161 305.4698 2.5600000000
162 307.3786 2.5500000000
163 309.2873 2.5200000000
164 311.1972 2.5400000000
165 313.1067 2.5700000000
166 315.0151 2.5600000000
167 316.9235 2.5500000000
168 318.8330 2.5600000000
169 320.7419 2.5600000000
170 322.6505 2.5300000000
171 324.5580 2.5400000000
172 326.4658 2.5500000000
173 328.3722 2.5600000000
174 330.2825 2.5600000000
175 332.1899 2.5500000000
176 334.0982 2.5500000000
177 336.0067 2.5600000000
178 337.9153 2.5200000000
179 339.8238 2.5400000000
180 341.7322 2.5700000000
181 343.6395 2.5300000000
182 345.5420 2.5400000000
183 347.4441 2.5200000000
184 349.3449 2.5200000000
185 351.2469 2.5200000000
186 353.1492 2.5200000000
187 355.0514 2.5500000000
188 356.9523 2.5400000000
189 358.8533 2.5400000000
190 360.7542 2.5600000000
191 362.6551 2.5200000000
192 364.5575 2.5400000000
193 366.4674 2.5500000000
194 368.3687 2.5400000000
195 370.2702 2.5300000000
196 372.1711 2.5200000000
197 374.0723 2.5400000000
198 375.9730 2.5300000000
199 377.8737 2.5400000000
200 379.7754 2.5600000000
