1 0.0000 0.0729333333
2 1.9195 0.0361000000
3 3.8341 0.0272500000
4 5.7444 0.0233000000
5 7.6535 0.0207166667
6 9.5624 0.0193500000
7 11.4725 0.0182333333
8 13.3813 0.0174000000
9 15.3107 0.0170000000
10 17.2247 0.0166000000
11 19.1399 0.0162166667
12 21.0513 0.0160833333
13 22.9600 0.0157500000
14 24.8691 0.0156333333
15 26.7780 0.0153833333
16 28.6890 0.0152833333
17 30.5995 0.0152500000
18 32.5091 0.0151833333
19 34.4203 0.0151166667
20 36.3290 0.0149333333
21 38.2384 0.0148000000
22 40.1465 0.0148333333
23 42.0547 0.0148333333
24 43.9637 0.0147666667
25 45.8735 0.0147500000
26 47.7821 0.0146333333
27 49.6922 0.0147000000
28 51.6019 0.0145500000
29 53.5101 0.0146000000
30 55.4193 0.0145333333
31 57.3289 0.0143666667
32 59.2363 0.0144000000
33 61.1446 0.0144166667
34 63.0559 0.0144666667
35 64.9686 0.0142833333
36 66.8764 0.0143333333
37 68.7852 0.0144000000
38 70.6919 0.0143000000
39 72.5991 0.0142333333
40 74.5073 0.0142500000
41 76.4157 0.0142666667
42 78.3239 0.0142166667
43 80.2317 0.0141666667
44 82.1396 0.0140333333
45 84.0464 0.0140333333
46 85.9541 0.0141166667
47 87.8610 0.0140833333
48 89.7696 0.0140500000
49 91.6780 0.0140666667
50 93.5873 0.0140000000
51 95.4953 0.0140333333
52 97.4028 0.0139666667
53 99.3095 0.0139500000
54 101.2168 0.0139333333
55 103.1245 0.0138833333
56 105.0318 0.0138666667
57 106.9381 0.0138666667
58 108.8467 0.0137833333
59 110.7539 0.0138833333
60 112.6780 0.0138333333
61 114.5889 0.0137000000
62 116.4998 0.0138333333
63 118.4078 0.0137500000
64 120.3230 0.0138000000
65 122.2317 0.0137666667
66 124.1399 0.0137833333
67 126.0473 0.0136666667
68 127.9540 0.0136500000
69 129.8625 0.0137000000
70 131.7703 0.0137000000
71 133.6793 0.0137166667
72 135.5890 0.0136333333
73 137.4998 0.0136833333
74 139.4075 0.0137000000
75 141.3153 0.0136500000
76 143.2222 0.0136666667
77 145.1298 0.0137000000
78 147.0383 0.0136666667
79 148.9470 0.0136333333
80 150.8548 0.0136500000
81 152.7633 0.0137500000
82 154.6716 0.0136500000
83 156.5801 0.0137333333
84 158.4888 0.0136500000
85 160.3961 0.0136166667
86 162.3036 0.0136833333
87 164.2113 0.0136833333
88 166.1195 0.0137000000
89 168.0263 0.0137000000
90 169.9320 0.0135333333
91 171.8402 0.0136333333
92 173.7481 0.0134833333
93 175.6570 0.0134500000
94 177.5670 0.0136000000
95 179.4744 0.0134833333
96 181.3815 0.0134833333
97 183.2896 0.0135333333
98 185.1962 0.0135500000
99 187.1050 0.0135833333
100 189.0120 0.0135166667
101 190.9260 0.0133833333
102 192.8363 0.0134666667
103 194.7496 0.0134833333
104 196.6597 0.0134500000
105 198.5684 0.0133500000
106 200.4772 0.0132333333
107 202.3843 0.0133833333
108 204.2937 0.0135166667
109 206.2025 0.0133500000
110 208.1125 0.0133500000
111 210.0222 0.0134666667
112 211.9318 0.0133333333
113 213.8413 0.0133666667
114 215.7519 0.0133333333
115 217.6608 0.0133333333
116 219.5690 0.0133833333
117 221.4777 0.0134333333
118 223.3871 0.0131833333
119 225.2960 0.0133833333
120 227.2049 0.0132833333
121 229.1126 0.0133000000
122 231.0220 0.0132833333
123 232.9313 0.0132833333
124 234.8389 0.0133333333
125 236.7466 0.0133166667
126 238.6546 0.0134000000
127 240.5633 0.0133000000
128 242.4714 0.0133166667
129 244.3799 0.0133833333
130 246.2890 0.0133166667
131 248.1969 0.0133166667
132 250.1063 0.0132166667
133 252.0153 0.0133500000
134 253.9231 0.0134666667
135 255.8307 0.0133166667
136 257.7399 0.0133833333
137 259.6478 0.0134000000
138 261.5559 0.0134333333
139 263.4633 0.0133500000
140 265.3717 0.0133500000
141 267.2803 0.0133166667
142 269.1897 0.0133833333
143 271.0982 0.0133833333
144 273.0071 0.0133166667
145 274.9150 0.0134000000
146 276.8242 0.0133666667
147 278.7395 0.0134166667
148 280.6476 0.0132333333
149 282.5556 0.0133333333
150 284.4652 0.0132333333
151 286.3739 0.0132166667
152 288.2811 0.0133166667
153 290.1892 0.0132500000
154 292.0977 0.0133333333
155 294.0063 0.0131833333
156 295.9281 0.0132666667
157 297.8367 0.0132500000
158 299.7446 0.0132000000
159 301.6532 0.0132500000
160 303.5607 0.0132000000
161 305.4698 0.0132666667
162 307.3786 0.0132000000
163 309.2873 0.0131666667
164 311.1972 0.0132166667
165 313.1067 0.0131833333
166 315.0151 0.0131666667
167 316.9235 0.0133333333
168 318.8330 0.0131333333
169 320.7419 0.0132666667
170 322.6505 0.0132000000
171 324.5580 0.0130833333
172 326.4658 0.0132333333
173 328.3722 0.0131166667
174 330.2825 0.0132000000
175 332.1899 0.0132833333
176 334.0982 0.0132833333
177 336.0067 0.0132500000
178 337.9153 0.0131333333
179 339.8238 0.0132000000
180 341.7322 0.0132500000
181 343.6395 0.0131666667
182 345.5420 0.0131500000
183 347.4441 0.0131833333
184 349.3449 0.0133500000
185 351.2469 0.0131500000
186 353.1492 0.0132166667
187 355.0514 0.0132500000
188 356.9523 0.0132333333
189 358.8533 0.0130500000
190 360.7542 0.0133000000
191 362.6551 0.0132166667
192 364.5575 0.0131666667
193 366.4674 0.0131333333
194 368.3687 0.0130833333
195 370.2702 0.0131666667
196 372.1711 0.0132833333
197 374.0723 0.0131833333
198 375.9730 0.0131833333
199 377.8737 0.0132500000
200 379.7754 0.0130666667
