1 0.0000 5.0100000000
2 1.9289 3.8800000000
3 3.8447 3.4800000000
4 5.7593 3.1200000000
5 7.6735 2.9800000000
6 9.5868 2.8900000000
7 11.5008 2.8100000000
8 13.4154 2.8000000000
9 15.3301 2.8300000000
10 17.2426 2.8100000000
11 19.1566 2.7900000000
12 21.0704 2.7500000000
13 22.9841 2.7300000000
14 24.8983 2.7200000000
15 26.8242 2.6800000000
16 28.7398 2.6800000000
17 30.6550 2.7200000000
18 32.5698 2.6900000000
19 34.4843 2.7000000000
20 36.3976 2.6800000000
21 38.3124 2.7100000000
22 40.2259 2.6600000000
23 42.1406 2.7300000000
24 44.0545 2.6700000000
25 45.9676 2.6800000000
26 47.8812 2.7000000000
27 49.7948 2.6800000000
28 51.7100 2.6500000000
29 53.6259 2.7000000000
30 55.5425 2.6600000000
31 57.4568 2.6600000000
32 59.3726 2.7000000000
33 61.2874 2.6600000000
34 63.2016 2.6800000000
35 65.1166 2.7000000000
36 67.0315 2.7000000000
37 68.9454 2.6800000000
38 70.8606 2.6800000000
39 72.7744 2.6800000000
40 74.6882 2.6800000000
41 76.6011 2.6600000000
42 78.5154 2.6600000000
43 80.4293 2.6800000000
44 82.3425 2.6300000000
45 84.2563 2.6400000000
46 86.1707 2.6500000000
47 88.0845 2.6600000000
48 89.9977 2.6400000000
49 91.9117 2.6600000000
50 93.8248 2.6600000000
51 95.7407 2.6800000000
52 97.6549 2.6600000000
53 99.5701 2.6900000000
54 101.4844 2.6500000000
55 103.3988 2.6500000000
56 105.3126 2.6700000000
57 107.2279 2.7000000000
58 109.1419 2.6600000000
59 111.0563 2.6800000000
60 112.9699 2.6600000000
61 114.8844 2.6400000000
62 116.7995 2.6900000000
63 118.7122 2.6700000000
64 120.6246 2.6800000000
65 122.5393 2.6300000000
66 124.4535 2.6600000000
67 126.3682 2.6600000000
68 128.2836 2.6600000000
69 130.1982 2.6500000000
70 132.1114 2.6700000000
71 134.0243 2.6300000000
72 135.9377 2.6400000000
73 137.8510 2.6400000000
74 139.7658 2.6300000000
75 141.6799 2.6300000000
76 143.5934 2.6400000000
77 145.5076 2.6300000000
78 147.4223 2.6300000000
79 149.3365 2.6600000000
80 151.2507 2.6200000000
81 153.1653 2.6300000000
82 155.0795 2.6300000000
83 156.9933 2.6400000000
84 158.9070 2.6400000000
85 160.8198 2.6300000000
86 162.7333 2.6300000000
87 164.6469 2.6400000000
88 166.5745 2.6300000000
89 168.4885 2.6200000000
90 170.4013 2.6200000000
91 172.3147 2.6500000000
92 174.2407 2.6400000000
93 176.1538 2.6300000000
94 178.0681 2.6100000000
95 179.9825 2.6400000000
96 181.8965 2.6300000000
97 183.8105 2.6300000000
98 185.7256 2.6400000000
99 187.6386 2.6400000000
100 189.5525 2.6000000000
101 191.4666 2.6200000000
102 193.3811 2.6300000000
103 195.2954 2.6300000000
104 197.2114 2.6200000000
105 199.1249 2.6300000000
106 201.0387 2.6500000000
107 202.9527 2.6400000000
108 204.8665 2.6400000000
109 206.7794 2.6600000000
110 208.6927 2.6500000000
111 210.6059 2.6500000000
112 212.5204 2.6300000000
113 214.4342 2.6300000000
114 216.3478 2.6300000000
115 218.2618 2.6500000000
116 220.1758 2.6200000000
117 222.0916 2.6500000000
118 224.0055 2.6300000000
119 225.9197 2.6300000000
120 227.8319 2.6400000000
121 229.7455 2.6400000000
122 231.6592 2.6200000000
123 233.5724 2.6400000000
124 235.4859 2.6300000000
125 237.3997 2.6400000000
126 239.3144 2.6500000000
127 241.2286 2.6200000000
128 243.1425 2.6300000000
129 245.0575 2.6400000000
130 246.9713 2.6200000000
131 248.8851 2.6100000000
132 250.7999 2.5900000000
133 252.7137 2.6200000000
134 254.6272 2.6400000000
135 256.5416 2.6300000000
136 258.4553 2.6100000000
137 260.3684 2.6300000000
138 262.2816 2.6300000000
139 264.1947 2.6200000000
140 266.1075 2.6300000000
141 268.0218 2.6100000000
142 269.9343 2.6300000000
143 271.8485 2.6200000000
144 273.7616 2.6300000000
145 275.6757 2.5900000000
146 277.5892 2.6200000000
147 279.5027 2.6000000000
148 281.4162 2.6300000000
149 283.3294 2.6300000000
150 285.2442 2.6000000000
151 287.1583 2.6300000000
152 289.0720 2.6000000000
153 290.9847 2.5700000000
154 292.9004 2.5700000000
155 294.8133 2.5900000000
156 296.7269 2.5800000000
157 298.6401 2.6100000000
158 300.5521 2.5700000000
159 302.4654 2.5900000000
160 304.3780 2.6000000000
161 306.2933 2.5700000000
162 308.2078 2.5700000000
163 310.1213 2.5900000000
164 312.0358 2.5800000000
165 313.9491 2.5500000000
166 315.8636 2.5900000000
167 317.7793 2.6100000000
168 319.6938 2.6000000000
169 321.6079 2.5900000000
170 323.5209 2.5700000000
171 325.4345 2.5700000000
172 327.3483 2.6100000000
173 329.2621 2.5600000000
174 331.1762 2.6000000000
175 333.0899 2.5800000000
176 335.0037 2.5700000000
177 336.9167 2.5900000000
178 338.8308 2.5700000000
179 340.7422 2.5400000000
180 342.6558 2.5900000000
181 344.5698 2.5700000000
182 346.4840 2.6000000000
183 348.3961 2.5600000000
184 350.3099 2.5700000000
185 352.2224 2.5500000000
186 354.1359 2.5600000000
187 356.0499 2.5700000000
188 357.9638 2.5600000000
189 359.8769 2.5600000000
190 361.7897 2.5700000000
191 363.7026 2.5800000000
192 365.6163 2.5500000000
193 367.5303 2.5500000000
194 369.4433 2.5800000000
195 371.3561 2.5600000000
196 373.2703 2.5600000000
197 375.1842 2.5800000000
198 377.0982 2.5500000000
199 379.0114 2.5600000000
200 380.9250 2.5700000000
