1 0.0000 0.0739000000
2 1.9289 0.0361500000
3 3.8447 0.0271500000
4 5.7593 0.0231833333
5 7.6735 0.0207833333
6 9.5868 0.0193666667
7 11.5008 0.0186500000
8 13.4154 0.0177666667
9 15.3301 0.0175833333
10 17.2426 0.0170166667
11 19.1566 0.0167000000
12 21.0704 0.0164500000
13 22.9841 0.0163166667
14 24.8983 0.0160000000
15 26.8242 0.0157666667
16 28.7398 0.0156333333
17 30.6550 0.0155500000
18 32.5698 0.0153166667
19 34.4843 0.0153666667
20 36.3976 0.0151333333
21 38.3124 0.0150500000
22 40.2259 0.0150166667
23 42.1406 0.0150333333
24 44.0545 0.0149000000
25 45.9676 0.0147833333
26 47.8812 0.0147333333
27 49.7948 0.0146333333
28 51.7100 0.0146333333
29 53.6259 0.0145833333
30 55.5425 0.0145666667
31 57.4568 0.0145500000
32 59.3726 0.0145833333
33 61.2874 0.0146166667
34 63.2016 0.0144833333
35 65.1166 0.0144333333
36 67.0315 0.0142666667
37 68.9454 0.0144833333
38 70.8606 0.0143666667
39 72.7744 0.0143500000
40 74.6882 0.0143666667
41 76.6011 0.0143666667
42 78.5154 0.0143333333
43 80.4293 0.0142333333
44 82.3425 0.0143000000
45 84.2563 0.0141833333
46 86.1707 0.0141500000
47 88.0845 0.0142000000
48 89.9977 0.0141666667
49 91.9117 0.0140666667
50 93.8248 0.0140833333
51 95.7407 0.0141000000
52 97.6549 0.0140333333
53 99.5701 0.0139666667
54 101.4844 0.0141500000
55 103.3988 0.0140166667
56 105.3126 0.0141166667
57 107.2279 0.0139333333
58 109.1419 0.0139500000
59 111.0563 0.0140500000
60 112.9699 0.0139166667
61 114.8844 0.0140166667
62 116.7995 0.0139666667
63 118.7122 0.0140500000
64 120.6246 0.0138333333
65 122.5393 0.0140000000
66 124.4535 0.0138500000
67 126.3682 0.0138500000
68 128.2836 0.0138666667
69 130.1982 0.0138000000
70 132.1114 0.0139000000
71 134.0243 0.0139333333
72 135.9377 0.0137666667
73 137.8510 0.0138000000
74 139.7658 0.0138500000
75 141.6799 0.0137333333
76 143.5934 0.0138333333
77 145.5076 0.0137166667
78 147.4223 0.0137500000
79 149.3365 0.0137333333
80 151.2507 0.0137000000
81 153.1653 0.0136833333
82 155.0795 0.0137500000
83 156.9933 0.0137333333
84 158.9070 0.0136333333
85 160.8198 0.0137833333
86 162.7333 0.0135833333
87 164.6469 0.0136666667
88 166.5745 0.0136333333
89 168.4885 0.0135666667
90 170.4013 0.0136500000
91 172.3147 0.0136000000
92 174.2407 0.0135500000
93 176.1538 0.0134833333
94 178.0681 0.0135666667
95 179.9825 0.0135666667
96 181.8965 0.0136000000
97 183.8105 0.0135166667
98 185.7256 0.0136333333
99 187.6386 0.0135333333
100 189.5525 0.0134833333
101 191.4666 0.0135000000
102 193.3811 0.0134833333
103 195.2954 0.0135500000
104 197.2114 0.0135833333
105 199.1249 0.0134833333
106 201.0387 0.0133666667
107 202.9527 0.0134333333
108 204.8665 0.0134833333
109 206.7794 0.0135500000
110 208.6927 0.0135500000
111 210.6059 0.0135833333
112 212.5204 0.0134500000
113 214.4342 0.0134333333
114 216.3478 0.0134500000
115 218.2618 0.0134166667
116 220.1758 0.0133666667
117 222.0916 0.0133500000
118 224.0055 0.0134333333
119 225.9197 0.0134833333
120 227.8319 0.0133000000
121 229.7455 0.0134166667
122 231.6592 0.0134166667
123 233.5724 0.0134666667
124 235.4859 0.0133333333
125 237.3997 0.0134666667
126 239.3144 0.0133666667
127 241.2286 0.0134333333
128 243.1425 0.0134833333
129 245.0575 0.0133166667
130 246.9713 0.0133166667
131 248.8851 0.0133500000
132 250.7999 0.0134500000
133 252.7137 0.0134000000
134 254.6272 0.0133666667
135 256.5416 0.0134000000
136 258.4553 0.0133500000
137 260.3684 0.0133666667
138 262.2816 0.0133833333
139 264.1947 0.0134500000
140 266.1075 0.0133833333
141 268.0218 0.0133166667
142 269.9343 0.0133500000
143 271.8485 0.0133333333
144 273.7616 0.0133833333
145 275.6757 0.0133166667
146 277.5892 0.0134166667
147 279.5027 0.0133666667
148 281.4162 0.0133500000
149 283.3294 0.0132666667
150 285.2442 0.0133833333
151 287.1583 0.0134000000
152 289.0720 0.0133166667
153 290.9847 0.0133333333
154 292.9004 0.0134166667
155 294.8133 0.0134166667
156 296.7269 0.0133333333
157 298.6401 0.0133000000
158 300.5521 0.0133000000
159 302.4654 0.0133000000
160 304.3780 0.0133000000
161 306.2933 0.0133333333
162 308.2078 0.0133000000
163 310.1213 0.0133166667
164 312.0358 0.0132333333
165 313.9491 0.0132500000
166 315.8636 0.0133333333
167 317.7793 0.0131833333
168 319.6938 0.0133166667
169 321.6079 0.0132500000
170 323.5209 0.0132500000
171 325.4345 0.0132000000
172 327.3483 0.0132000000
173 329.2621 0.0132666667
174 331.1762 0.0132000000
175 333.0899 0.0132166667
176 335.0037 0.0131666667
177 336.9167 0.0131833333
178 338.8308 0.0132666667
179 340.7422 0.0131000000
180 342.6558 0.0132333333
181 344.5698 0.0132333333
182 346.4840 0.0131500000
183 348.3961 0.0133333333
184 350.3099 0.0132333333
185 352.2224 0.0131500000
186 354.1359 0.0133000000
187 356.0499 0.0132333333
188 357.9638 0.0132666667
189 359.8769 0.0131833333
190 361.7897 0.0132500000
191 363.7026 0.0131000000
192 365.6163 0.0132000000
193 367.5303 0.0132166667
194 369.4433 0.0132166667
195 371.3561 0.0132333333
196 373.2703 0.0132833333
197 375.1842 0.0132000000
198 377.0982 0.0132333333
199 379.0114 0.0132000000
200 380.9250 0.0132166667
