1 0.0000 4.8900000000
2 1.9360 3.9300000000
3 3.8668 3.4000000000
4 5.7973 3.1100000000
5 7.7287 2.9800000000
6 9.6668 2.9300000000
7 11.6079 2.8500000000
8 13.5377 2.8100000000
9 15.4678 2.7900000000
10 17.3991 2.7500000000
11 19.3308 2.7500000000
12 21.2614 2.7200000000
13 23.1929 2.6900000000
14 25.1247 2.7000000000
15 27.0543 2.6800000000
16 28.9846 2.6400000000
17 30.9146 2.6700000000
18 32.8450 2.6500000000
19 34.7750 2.6300000000
20 36.7056 2.6400000000
21 38.6359 2.6300000000
22 40.5661 2.6400000000
23 42.4960 2.6300000000
24 44.4259 2.6100000000
25 46.3559 2.6500000000
26 48.2859 2.6000000000
27 50.2155 2.6600000000
28 52.1452 2.6300000000
29 54.0759 2.5800000000
30 56.0077 2.6300000000
31 57.9371 2.5900000000
32 59.8659 2.6300000000
33 61.7970 2.5600000000
34 63.7264 2.5900000000
35 65.6574 2.5700000000
36 67.5874 2.5500000000
37 69.5166 2.5500000000
38 71.4496 2.5400000000
39 73.3855 2.5400000000
40 75.3156 2.5400000000
41 77.2507 2.5800000000
42 79.1920 2.5500000000
43 81.1251 2.5500000000
44 83.0574 2.5900000000
45 84.9906 2.5900000000
46 86.9231 2.5800000000
47 88.8542 2.5400000000
48 90.7862 2.6000000000
49 92.7177 2.6100000000
50 94.6494 2.6000000000
51 96.5810 2.5700000000
52 98.5140 2.5600000000
53 100.4450 2.5600000000
54 102.3756 2.5800000000
55 104.3068 2.5400000000
56 106.2388 2.5600000000
57 108.1704 2.5600000000
58 110.1018 2.5600000000
59 112.0328 2.5600000000
60 113.9643 2.5900000000
61 115.8970 2.5400000000
62 117.8299 2.5600000000
63 119.7620 2.5300000000
64 121.6938 2.5800000000
65 123.6237 2.5400000000
66 125.5550 2.5200000000
67 127.4863 2.5300000000
68 129.4163 2.5600000000
69 131.3468 2.5600000000
70 133.2782 2.5400000000
71 135.2087 2.5400000000
72 137.1398 2.5500000000
73 139.0699 2.5800000000
74 141.0012 2.5800000000
75 142.9328 2.5600000000
76 144.8651 2.5700000000
77 146.7960 2.5500000000
78 148.7262 2.5600000000
79 150.6568 2.5100000000
80 152.5879 2.5400000000
81 154.5176 2.5600000000
82 156.4479 2.5600000000
83 158.3782 2.5500000000
84 160.3093 2.5500000000
85 162.2394 2.5400000000
86 164.1699 2.5600000000
87 166.0983 2.5400000000
88 168.0293 2.5800000000
89 169.9603 2.5500000000
90 171.8913 2.5800000000
91 173.8224 2.5200000000
92 175.7539 2.5500000000
93 177.6847 2.5700000000
94 179.6153 2.5400000000
95 181.5462 2.5600000000
96 183.4777 2.5400000000
97 185.4185 2.5500000000
98 187.3499 2.4900000000
99 189.2815 2.5600000000
100 191.2132 2.5200000000
101 193.1430 2.5500000000
102 195.0731 2.5500000000
103 197.0023 2.5300000000
104 198.9330 2.5400000000
105 200.8630 2.5600000000
106 202.7936 2.5400000000
107 204.7230 2.5500000000
108 206.6543 2.5300000000
109 208.5837 2.5200000000
110 210.5140 2.5500000000
111 212.4432 2.5200000000
112 214.3743 2.5500000000
113 216.3040 2.5400000000
114 218.2347 2.5300000000
115 220.1716 2.5300000000
116 222.1022 2.5200000000
117 224.0316 2.5300000000
118 225.9626 2.5400000000
119 227.8910 2.5400000000
120 229.8230 2.5700000000
121 231.7559 2.5300000000
122 233.6878 2.5400000000
123 235.6187 2.5500000000
124 237.5504 2.5400000000
125 239.4823 2.5100000000
126 241.4136 2.5700000000
127 243.3445 2.5700000000
128 245.2752 2.5700000000
129 247.2061 2.5600000000
130 249.1364 2.5500000000
131 251.0673 2.5700000000
132 252.9987 2.5600000000
133 254.9308 2.5500000000
134 256.8633 2.5300000000
135 258.7932 2.5600000000
136 260.7236 2.5500000000
137 262.6549 2.5400000000
138 264.5857 2.5300000000
139 266.5244 2.5800000000
140 268.4823 2.5700000000
141 270.4316 2.5200000000
142 272.3642 2.5100000000
143 274.2946 2.5000000000
144 276.2248 2.5300000000
145 278.1558 2.5500000000
146 280.0866 2.5100000000
147 282.0177 2.5300000000
148 283.9478 2.5300000000
149 285.8770 2.5300000000
150 287.8072 2.5600000000
151 289.7383 2.5200000000
152 291.6692 2.5400000000
153 293.5996 2.5300000000
154 295.5309 2.5100000000
155 297.4610 2.5600000000
156 299.3942 2.5000000000
157 301.3345 2.5300000000
158 303.2689 2.5100000000
159 305.1997 2.5200000000
160 307.1323 2.5200000000
161 309.0657 2.5300000000
162 310.9998 2.5400000000
163 312.9317 2.5300000000
164 314.8623 2.5300000000
165 316.7939 2.5300000000
166 318.7272 2.5400000000
167 320.6580 2.5400000000
168 322.5903 2.5400000000
169 324.5223 2.5500000000
170 326.4545 2.5000000000
171 328.3882 2.5700000000
172 330.3217 2.5700000000
173 332.2536 2.5400000000
174 334.1863 2.5100000000
175 336.1179 2.5000000000
176 338.0497 2.5700000000
177 339.9814 2.5700000000
178 341.9140 2.5400000000
179 343.8396 2.5400000000
180 345.7646 2.5600000000
181 347.6892 2.5300000000
182 349.6141 2.5200000000
183 351.5388 2.5400000000
184 353.4638 2.5100000000
185 355.3881 2.5500000000
186 357.3155 2.5400000000
187 359.2454 2.5500000000
188 361.1755 2.5200000000
189 363.1000 2.5300000000
190 365.0245 2.5000000000
191 366.9489 2.5500000000
192 368.8732 2.5300000000
193 370.7963 2.5200000000
194 372.7204 2.5700000000
195 374.6437 2.5400000000
196 376.5692 2.4900000000
197 378.4939 2.5500000000
198 380.4205 2.5400000000
199 382.3476 2.5200000000
200 384.2739 2.5600000000
