1 0.0000 0.0740000000
2 1.9360 0.0359000000
3 3.8668 0.0274500000
4 5.7973 0.0230166667
5 7.7287 0.0208333333
6 9.6668 0.0193333333
7 11.6079 0.0183166667
8 13.5377 0.0175833333
9 15.4678 0.0171833333
10 17.3991 0.0166500000
11 19.3308 0.0162833333
12 21.2614 0.0161500000
13 23.1929 0.0159666667
14 25.1247 0.0158166667
15 27.0543 0.0157000000
16 28.9846 0.0157000000
17 30.9146 0.0155166667
18 32.8450 0.0153000000
19 34.7750 0.0152833333
20 36.7056 0.0150666667
21 38.6359 0.0150166667
22 40.5661 0.0149500000
23 42.4960 0.0147166667
24 44.4259 0.0146500000
25 46.3559 0.0146833333
26 48.2859 0.0145833333
27 50.2155 0.0145833333
28 52.1452 0.0145333333
29 54.0759 0.0143500000
30 56.0077 0.0144000000
31 57.9371 0.0142666667
32 59.8659 0.0144000000
33 61.7970 0.0142500000
34 63.7264 0.0143000000
35 65.6574 0.0142166667
36 67.5874 0.0142666667
37 69.5166 0.0142166667
38 71.4496 0.0143166667
39 73.3855 0.0142166667
40 75.3156 0.0141666667
41 77.2507 0.0140666667
42 79.1920 0.0141666667
43 81.1251 0.0141166667
44 83.0574 0.0140500000
45 84.9906 0.0140333333
46 86.9231 0.0140333333
47 88.8542 0.0140000000
48 90.7862 0.0141166667
49 92.7177 0.0140500000
50 94.6494 0.0139500000
51 96.5810 0.0139833333
52 98.5140 0.0140000000
53 100.4450 0.0139500000
54 102.3756 0.0139666667
55 104.3068 0.0139166667
56 106.2388 0.0138166667
57 108.1704 0.0138333333
58 110.1018 0.0137833333
59 112.0328 0.0138833333
60 113.9643 0.0138000000
61 115.8970 0.0138333333
62 117.8299 0.0138000000
63 119.7620 0.0137666667
64 121.6938 0.0138000000
65 123.6237 0.0137500000
66 125.5550 0.0137166667
67 127.4863 0.0138166667
68 129.4163 0.0137000000
69 131.3468 0.0137333333
70 133.2782 0.0135666667
71 135.2087 0.0137000000
72 137.1398 0.0136500000
73 139.0699 0.0137166667
74 141.0012 0.0136333333
75 142.9328 0.0136000000
76 144.8651 0.0136166667
77 146.7960 0.0137833333
78 148.7262 0.0137500000
79 150.6568 0.0135500000
80 152.5879 0.0137333333
81 154.5176 0.0135833333
82 156.4479 0.0137000000
83 158.3782 0.0136333333
84 160.3093 0.0136000000
85 162.2394 0.0134500000
86 164.1699 0.0135833333
87 166.0983 0.0135000000
88 168.0293 0.0135666667
89 169.9603 0.0134666667
90 171.8913 0.0135166667
91 173.8224 0.0135166667
92 175.7539 0.0135666667
93 177.6847 0.0135333333
94 179.6153 0.0134166667
95 181.5462 0.0136333333
96 183.4777 0.0134000000
97 185.4185 0.0134833333
98 187.3499 0.0134833333
99 189.2815 0.0134833333
100 191.2132 0.0135000000
101 193.1430 0.0134833333
102 195.0731 0.0134833333
103 197.0023 0.0134000000
104 198.9330 0.0134166667
105 200.8630 0.0135166667
106 202.7936 0.0134166667
107 204.7230 0.0134833333
108 206.6543 0.0134500000
109 208.5837 0.0135000000
110 210.5140 0.0134166667
111 212.4432 0.0135166667
112 214.3743 0.0133833333
113 216.3040 0.0133833333
114 218.2347 0.0134333333
115 220.1716 0.0132333333
116 222.1022 0.0133666667
117 224.0316 0.0134833333
118 225.9626 0.0133500000
119 227.8910 0.0135333333
120 229.8230 0.0133333333
121 231.7559 0.0134166667
122 233.6878 0.0133833333
123 235.6187 0.0134166667
124 237.5504 0.0132666667
125 239.4823 0.0135000000
126 241.4136 0.0133166667
127 243.3445 0.0134666667
128 245.2752 0.0134166667
129 247.2061 0.0134000000
130 249.1364 0.0134166667
131 251.0673 0.0133833333
132 252.9987 0.0133500000
133 254.9308 0.0134166667
134 256.8633 0.0134833333
135 258.7932 0.0134500000
136 260.7236 0.0135000000
137 262.6549 0.0134666667
138 264.5857 0.0134333333
139 266.5244 0.0133500000
140 268.4823 0.0135000000
141 270.4316 0.0133333333
142 272.3642 0.0134500000
143 274.2946 0.0133333333
144 276.2248 0.0134000000
145 278.1558 0.0133833333
146 280.0866 0.0134666667
147 282.0177 0.0133833333
148 283.9478 0.0133666667
149 285.8770 0.0134333333
150 287.8072 0.0133666667
151 289.7383 0.0134000000
152 291.6692 0.0133833333
153 293.5996 0.0133166667
154 295.5309 0.0134333333
155 297.4610 0.0134333333
156 299.3942 0.0134666667
157 301.3345 0.0134333333
158 303.2689 0.0135333333
159 305.1997 0.0134333333
160 307.1323 0.0134666667
161 309.0657 0.0135833333
162 310.9998 0.0134500000
163 312.9317 0.0134333333
164 314.8623 0.0133333333
165 316.7939 0.0134666667
166 318.7272 0.0133333333
167 320.6580 0.0133666667
168 322.5903 0.0134000000
169 324.5223 0.0134666667
170 326.4545 0.0133500000
171 328.3882 0.0134500000
172 330.3217 0.0134500000
173 332.2536 0.0133833333
174 334.1863 0.0133833333
175 336.1179 0.0133000000
176 338.0497 0.0135000000
177 339.9814 0.0133666667
178 341.9140 0.0134000000
179 343.8396 0.0133166667
180 345.7646 0.0134166667
181 347.6892 0.0132500000
182 349.6141 0.0133500000
183 351.5388 0.0134833333
184 353.4638 0.0133166667
185 355.3881 0.0134000000
186 357.3155 0.0132666667
187 359.2454 0.0133500000
188 361.1755 0.0133333333
189 363.1000 0.0133500000
190 365.0245 0.0132666667
191 366.9489 0.0133000000
192 368.8732 0.0133333333
193 370.7963 0.0133666667
194 372.7204 0.0133500000
195 374.6437 0.0133500000
196 376.5692 0.0133000000
197 378.4939 0.0132833333
198 380.4205 0.0132833333
199 382.3476 0.0132833333
200 384.2739 0.0133000000
