1 0.0000 4.5100000000
2 1.9163 3.3200000000
3 3.8330 2.7800000000
4 5.7450 2.6400000000
5 7.6591 2.4200000000
6 9.5735 2.3000000000
7 11.4874 2.2700000000
8 13.4000 2.2700000000
9 15.3128 2.2400000000
10 17.2259 2.2200000000
11 19.1396 2.1600000000
12 21.0528 2.1900000000
13 22.9838 2.1300000000
14 24.9017 2.1300000000
15 26.8157 2.1200000000
16 28.7286 2.1300000000
17 30.6416 2.1200000000
18 32.5547 2.1000000000
19 34.4684 2.1300000000
20 36.3805 2.1000000000
21 38.2929 2.0500000000
22 40.2048 2.0700000000
23 42.1188 2.0700000000
24 44.0314 2.0500000000
25 45.9434 2.0200000000
26 47.8550 2.0400000000
27 49.7694 2.0400000000
28 51.6828 1.9700000000
29 53.5962 1.9900000000
30 55.5095 1.9900000000
31 57.4242 1.9800000000
32 59.3370 1.9800000000
33 61.2491 1.9900000000
34 63.1613 1.9800000000
35 65.0759 1.9400000000
36 66.9881 1.9700000000
37 68.9007 1.9700000000
38 70.8127 1.9200000000
39 72.7253 1.9500000000
40 74.6376 1.9300000000
41 76.5490 1.9300000000
42 78.4614 1.8900000000
43 80.3739 1.9200000000
44 82.2863 1.9100000000
45 84.1974 1.9200000000
46 86.1127 1.8900000000
47 88.0631 1.9000000000
48 90.0079 1.8800000000
49 91.9520 1.8900000000
50 93.8753 1.8600000000
51 95.7888 1.8700000000
52 97.7028 1.8500000000
53 99.6167 1.8800000000
54 101.5294 1.8900000000
55 103.4422 1.8900000000
56 105.3553 1.8700000000
57 107.2664 1.8700000000
58 109.1808 1.8700000000
59 111.0943 1.8800000000
60 113.0112 1.8700000000
61 114.9317 1.8800000000
62 116.8460 1.8700000000
63 118.7596 1.8700000000
64 120.6719 1.8600000000
65 122.5840 1.8500000000
66 124.4987 1.8600000000
67 126.4127 1.8500000000
68 128.3245 1.8300000000
69 130.2378 1.8700000000
70 132.1497 1.8600000000
71 134.0636 1.8400000000
72 135.9770 1.8400000000
73 137.8899 1.8500000000
74 139.8024 1.8500000000
75 141.7163 1.8700000000
76 143.6281 1.8700000000
77 145.5395 1.8500000000
78 147.4510 1.8500000000
79 149.3640 1.8700000000
80 151.2789 1.8400000000
81 153.1939 1.8600000000
82 155.1090 1.8600000000
83 157.0235 1.8500000000
84 158.9383 1.8600000000
85 160.8520 1.8700000000
86 162.7654 1.8700000000
87 164.6800 1.8400000000
88 166.5940 1.8400000000
89 168.5054 1.8900000000
90 170.4186 1.8500000000
91 172.3317 1.8400000000
92 174.2433 1.8200000000
93 176.1555 1.8500000000
94 178.0674 1.8500000000
95 179.9798 1.8300000000
96 181.8914 1.8200000000
97 183.8027 1.8400000000
98 185.7153 1.8200000000
99 187.6278 1.8600000000
100 189.5402 1.8400000000
101 191.4527 1.8200000000
102 193.3667 1.8300000000
103 195.2797 1.8300000000
104 197.1940 1.8400000000
105 199.1087 1.8200000000
106 201.0204 1.8100000000
107 202.9333 1.8200000000
108 204.8463 1.8200000000
109 206.7583 1.8100000000
110 208.6708 1.8300000000
111 210.5829 1.8000000000
112 212.4957 1.8100000000
113 214.4090 1.8300000000
114 216.3217 1.8100000000
115 218.2354 1.8100000000
116 220.1487 1.8300000000
117 222.0606 1.8100000000
118 223.9734 1.8400000000
119 225.8853 1.8100000000
120 227.7983 1.8200000000
121 229.7102 1.8100000000
122 231.6218 1.8300000000
123 233.5341 1.8200000000
124 235.4466 1.8200000000
125 237.3571 1.8100000000
126 239.2697 1.8300000000
127 241.1830 1.8100000000
128 243.0943 1.8300000000
129 245.0143 1.8100000000
130 246.9582 1.8100000000
131 248.9039 1.8100000000
132 250.8477 1.8300000000
133 252.7871 1.8200000000
134 254.7000 1.8200000000
135 256.6131 1.8200000000
136 258.5254 1.8500000000
137 260.4364 1.8300000000
138 262.3485 1.8100000000
139 264.2614 1.8400000000
140 266.1727 1.8100000000
141 268.0838 1.8200000000
142 269.9955 1.8500000000
143 271.9073 1.8100000000
144 273.8205 1.8400000000
145 275.7327 1.8200000000
146 277.6448 1.8300000000
147 279.5574 1.8100000000
148 281.4702 1.8400000000
149 283.3829 1.8300000000
150 285.2947 1.8400000000
151 287.2057 1.8100000000
152 289.1170 1.8000000000
153 291.0300 1.8000000000
154 292.9439 1.8400000000
155 294.8558 1.8000000000
156 296.7681 1.7800000000
157 298.6807 1.8300000000
158 300.5921 1.8100000000
159 302.5054 1.8300000000
160 304.4174 1.7900000000
161 306.3287 1.8100000000
162 308.2397 1.8200000000
163 310.1505 1.7900000000
164 312.0615 1.8200000000
165 313.9739 1.8000000000
166 315.8861 1.8100000000
167 317.7982 1.8300000000
168 319.7110 1.7900000000
169 321.6222 1.8100000000
170 323.5326 1.8000000000
171 325.4444 1.8300000000
172 327.3565 1.7900000000
173 329.2677 1.8200000000
174 331.1787 1.8200000000
175 333.0897 1.7700000000
176 335.0008 1.8000000000
177 336.9121 1.8300000000
178 338.8237 1.8000000000
179 340.7372 1.8000000000
180 342.6451 1.7800000000
181 344.5534 1.7700000000
182 346.4614 1.7800000000
183 348.3687 1.7700000000
184 350.2768 1.7800000000
185 352.1853 1.8000000000
186 354.0927 1.7800000000
187 356.0011 1.7800000000
188 357.9087 1.7800000000
189 359.8167 1.8100000000
190 361.7237 1.7800000000
191 363.6321 1.8000000000
192 365.5396 1.7800000000
193 367.4454 1.7700000000
194 369.3523 1.7900000000
195 371.2615 1.7800000000
196 373.1702 1.8000000000
197 375.0780 1.7900000000
198 376.9873 1.7700000000
199 378.9118 1.8000000000
200 380.8189 1.7600000000
