1 0.0000 0.0714666667
2 1.9163 0.0323833333
3 3.8330 0.0225000000
4 5.7450 0.0170166667
5 7.6591 0.0129666667
6 9.5735 0.0102166667
7 11.4874 0.0083166667
8 13.4000 0.0064833333
9 15.3128 0.0050666667
10 17.2259 0.0041333333
11 19.1396 0.0034333333
12 21.0528 0.0028166667
13 22.9838 0.0024166667
14 24.9017 0.0020166667
15 26.8157 0.0018333333
16 28.7286 0.0015000000
17 30.6416 0.0013666667
18 32.5547 0.0012166667
19 34.4684 0.0011333333
20 36.3805 0.0010500000
21 38.2929 0.0010166667
22 40.2048 0.0009666667
23 42.1188 0.0009000000
24 44.0314 0.0008666667
25 45.9434 0.0008666667
26 47.8550 0.0008333333
27 49.7694 0.0008000000
28 51.6828 0.0007666667
29 53.5962 0.0007000000
30 55.5095 0.0006000000
31 57.4242 0.0006166667
32 59.3370 0.0006333333
33 61.2491 0.0005666667
34 63.1613 0.0005500000
35 65.0759 0.0005333333
36 66.9881 0.0005500000
37 68.9007 0.0005166667
38 70.8127 0.0005166667
39 72.7253 0.0005000000
40 74.6376 0.0004833333
41 76.5490 0.0005000000
42 78.4614 0.0004833333
43 80.3739 0.0004833333
44 82.2863 0.0004833333
45 84.1974 0.0005000000
46 86.1127 0.0005000000
47 88.0631 0.0004833333
48 90.0079 0.0004833333
49 91.9520 0.0004833333
50 93.8753 0.0004833333
51 95.7888 0.0004833333
52 97.7028 0.0004833333
53 99.6167 0.0004833333
54 101.5294 0.0004833333
55 103.4422 0.0004833333
56 105.3553 0.0004833333
57 107.2664 0.0004833333
58 109.1808 0.0004833333
59 111.0943 0.0004833333
60 113.0112 0.0004833333
61 114.9317 0.0004833333
62 116.8460 0.0004833333
63 118.7596 0.0004833333
64 120.6719 0.0004833333
65 122.5840 0.0004833333
66 124.4987 0.0004833333
67 126.4127 0.0004666667
68 128.3245 0.0004666667
69 130.2378 0.0004666667
70 132.1497 0.0004666667
71 134.0636 0.0004500000
72 135.9770 0.0004333333
73 137.8899 0.0004333333
74 139.8024 0.0004500000
75 141.7163 0.0004666667
76 143.6281 0.0004500000
77 145.5395 0.0004333333
78 147.4510 0.0004333333
79 149.3640 0.0004500000
80 151.2789 0.0004166667
81 153.1939 0.0004333333
82 155.1090 0.0004333333
83 157.0235 0.0004166667
84 158.9383 0.0004333333
85 160.8520 0.0004333333
86 162.7654 0.0004333333
87 164.6800 0.0004333333
88 166.5940 0.0004166667
89 168.5054 0.0004333333
90 170.4186 0.0004333333
91 172.3317 0.0004333333
92 174.2433 0.0004166667
93 176.1555 0.0004333333
94 178.0674 0.0004166667
95 179.9798 0.0004166667
96 181.8914 0.0004333333
97 183.8027 0.0004333333
98 185.7153 0.0004333333
99 187.6278 0.0004333333
100 189.5402 0.0004166667
101 191.4527 0.0004166667
102 193.3667 0.0004166667
103 195.2797 0.0004166667
104 197.1940 0.0004500000
105 199.1087 0.0004333333
106 201.0204 0.0004000000
107 202.9333 0.0004333333
108 204.8463 0.0004166667
109 206.7583 0.0004166667
110 208.6708 0.0004166667
111 210.5829 0.0004166667
112 212.4957 0.0004000000
113 214.4090 0.0004166667
114 216.3217 0.0003833333
115 218.2354 0.0004000000
116 220.1487 0.0004166667
117 222.0606 0.0004166667
118 223.9734 0.0004000000
119 225.8853 0.0004000000
120 227.7983 0.0004000000
121 229.7102 0.0004000000
122 231.6218 0.0004000000
123 233.5341 0.0004000000
124 235.4466 0.0004000000
125 237.3571 0.0004000000
126 239.2697 0.0004166667
127 241.1830 0.0004166667
128 243.0943 0.0004000000
129 245.0143 0.0004000000
130 246.9582 0.0004166667
131 248.9039 0.0004000000
132 250.8477 0.0003833333
133 252.7871 0.0004000000
134 254.7000 0.0004166667
135 256.6131 0.0004166667
136 258.5254 0.0004166667
137 260.4364 0.0003833333
138 262.3485 0.0004166667
139 264.2614 0.0004000000
140 266.1727 0.0004000000
141 268.0838 0.0004000000
142 269.9955 0.0003833333
143 271.9073 0.0003833333
144 273.8205 0.0003833333
145 275.7327 0.0004166667
146 277.6448 0.0003666667
147 279.5574 0.0004000000
148 281.4702 0.0003666667
149 283.3829 0.0003833333
150 285.2947 0.0004000000
151 287.2057 0.0004000000
152 289.1170 0.0003833333
153 291.0300 0.0004000000
154 292.9439 0.0003833333
155 294.8558 0.0003666667
156 296.7681 0.0003500000
157 298.6807 0.0004166667
158 300.5921 0.0003833333
159 302.5054 0.0003666667
160 304.4174 0.0003666667
161 306.3287 0.0003833333
162 308.2397 0.0004000000
163 310.1505 0.0003833333
164 312.0615 0.0003833333
165 313.9739 0.0003666667
166 315.8861 0.0003666667
167 317.7982 0.0003833333
168 319.7110 0.0003666667
169 321.6222 0.0003666667
170 323.5326 0.0003833333
171 325.4444 0.0004000000
172 327.3565 0.0003833333
173 329.2677 0.0003666667
174 331.1787 0.0003833333
175 333.0897 0.0004000000
176 335.0008 0.0003666667
177 336.9121 0.0003666667
178 338.8237 0.0003833333
179 340.7372 0.0003833333
180 342.6451 0.0003833333
181 344.5534 0.0003833333
182 346.4614 0.0003666667
183 348.3687 0.0003833333
184 350.2768 0.0003500000
185 352.1853 0.0003666667
186 354.0927 0.0003833333
187 356.0011 0.0003833333
188 357.9087 0.0003666667
189 359.8167 0.0003666667
190 361.7237 0.0003666667
191 363.6321 0.0003333333
192 365.5396 0.0003833333
193 367.4454 0.0003666667
194 369.3523 0.0003666667
195 371.2615 0.0003500000
196 373.1702 0.0003500000
197 375.0780 0.0003833333
198 376.9873 0.0003666667
199 378.9118 0.0003833333
200 380.8189 0.0003833333
