1 0.0000 4.9700000000
2 1.9253 3.7300000000
3 3.8368 3.3400000000
4 5.7479 3.1200000000
5 7.6607 2.9900000000
6 9.5723 2.9100000000
7 11.4847 2.8800000000
8 13.3964 2.8000000000
9 15.3073 2.8100000000
10 17.2187 2.8000000000
11 19.1289 2.7500000000
12 21.0503 2.7800000000
13 22.9605 2.7200000000
14 24.8731 2.7500000000
15 26.7840 2.7500000000
16 28.6950 2.6600000000
17 30.6053 2.6500000000
18 32.5168 2.7100000000
19 34.4279 2.7300000000
20 36.3389 2.7000000000
21 38.2503 2.6700000000
22 40.1628 2.6500000000
23 42.0732 2.6400000000
24 43.9845 2.6600000000
25 45.8973 2.6700000000
26 47.8131 2.6700000000
27 49.7253 2.6600000000
28 51.6397 2.7000000000
29 53.5523 2.6400000000
30 55.4692 2.6000000000
31 57.3835 2.6400000000
32 59.2959 2.6400000000
33 61.2089 2.6200000000
34 63.1231 2.6600000000
35 65.0356 2.6600000000
36 66.9499 2.6800000000
37 68.8623 2.6700000000
38 70.7764 2.6700000000
39 72.6897 2.6700000000
40 74.6058 2.6400000000
41 76.5234 2.6300000000
42 78.4362 2.6300000000
43 80.3494 2.6400000000
44 82.2600 2.6200000000
45 84.1707 2.6200000000
46 86.0827 2.6100000000
47 87.9934 2.6100000000
48 89.9033 2.5800000000
49 91.8128 2.6200000000
50 93.7244 2.6100000000
51 95.6354 2.6000000000
52 97.5496 2.5700000000
53 99.4625 2.6000000000
54 101.3746 2.5800000000
55 103.2851 2.5600000000
56 105.1964 2.5500000000
57 107.1082 2.5300000000
58 109.0200 2.5500000000
59 110.9304 2.5400000000
60 112.8401 2.5400000000
61 114.7534 2.5400000000
62 116.6677 2.5600000000
63 118.5790 2.5500000000
64 120.4911 2.5400000000
65 122.4000 2.5800000000
66 124.3120 2.5500000000
67 126.2223 2.5700000000
68 128.1330 2.5200000000
69 130.0445 2.5600000000
70 131.9562 2.5600000000
71 133.8665 2.5700000000
72 135.7776 2.5700000000
73 137.6921 2.5900000000
74 139.6090 2.5600000000
75 141.5206 2.5400000000
76 143.4330 2.5600000000
77 145.3451 2.5700000000
78 147.2564 2.5200000000
79 149.1660 2.5300000000
80 151.0785 2.5500000000
81 152.9898 2.5400000000
82 154.9004 2.5900000000
83 156.8106 2.5700000000
84 158.7210 2.5700000000
85 160.6314 2.6200000000
86 162.5421 2.6100000000
87 164.4530 2.5600000000
88 166.3648 2.6100000000
89 168.2752 2.5900000000
90 170.1857 2.5900000000
91 172.0967 2.6000000000
92 174.0084 2.5700000000
93 175.9191 2.5700000000
94 177.8318 2.5500000000
95 179.7421 2.5700000000
96 181.6524 2.5600000000
97 183.5629 2.5700000000
98 185.4732 2.5300000000
99 187.3839 2.5600000000
100 189.2930 2.5100000000
101 191.2021 2.5500000000
102 193.1127 2.5400000000
103 195.0229 2.5500000000
104 196.9342 2.5200000000
105 198.8427 2.5400000000
106 200.7529 2.5300000000
107 202.6627 2.5400000000
108 204.5726 2.5400000000
109 206.4830 2.5000000000
110 208.3933 2.5100000000
111 210.3016 2.5400000000
112 212.2132 2.4900000000
113 214.1228 2.5500000000
114 216.0328 2.5300000000
115 217.9429 2.5000000000
116 219.8546 2.5100000000
117 221.7640 2.4900000000
118 223.6781 2.4800000000
119 225.5918 2.4800000000
120 227.5036 2.5000000000
121 229.4151 2.5100000000
122 231.3375 2.5000000000
123 233.2778 2.5100000000
124 235.1950 2.4800000000
125 237.1049 2.5100000000
126 239.0163 2.4900000000
127 240.9266 2.5000000000
128 242.8370 2.4600000000
129 244.7476 2.4900000000
130 246.6590 2.5000000000
131 248.5707 2.5000000000
132 250.4820 2.5100000000
133 252.3937 2.4600000000
134 254.3047 2.5000000000
135 256.2173 2.5100000000
136 258.1339 2.4800000000
137 260.0461 2.4900000000
138 261.9577 2.5000000000
139 263.8685 2.4600000000
140 265.7798 2.4800000000
141 267.6950 2.4700000000
142 269.6086 2.5000000000
143 271.5191 2.5100000000
144 273.4316 2.4700000000
145 275.3429 2.4800000000
146 277.2540 2.4700000000
147 279.1652 2.4700000000
148 281.0772 2.5100000000
149 282.9881 2.4800000000
150 284.9003 2.4700000000
151 286.8105 2.5100000000
152 288.7218 2.4600000000
153 290.6353 2.4700000000
154 292.5558 2.5200000000
155 294.4671 2.4700000000
156 296.3801 2.5000000000
157 298.2919 2.4900000000
158 300.2033 2.4800000000
159 302.1190 2.5000000000
160 304.0297 2.5100000000
161 305.9409 2.4800000000
162 307.8529 2.4800000000
163 309.7646 2.4900000000
164 311.6764 2.4700000000
165 313.5880 2.4700000000
166 315.4994 2.5100000000
167 317.4108 2.4500000000
168 319.3233 2.4700000000
169 321.2356 2.4800000000
170 323.1469 2.4800000000
171 325.0585 2.4800000000
172 326.9709 2.4900000000
173 328.8817 2.4600000000
174 330.7969 2.4900000000
175 332.7146 2.4700000000
176 334.6271 2.4800000000
177 336.5398 2.4800000000
178 338.4509 2.4900000000
179 340.3627 2.4800000000
180 342.2736 2.4900000000
181 344.1862 2.5000000000
182 346.0936 2.4800000000
183 348.0008 2.4700000000
184 349.9082 2.4600000000
185 351.8146 2.4900000000
186 353.7243 2.4900000000
187 355.6341 2.4600000000
188 357.5437 2.4500000000
189 359.4520 2.4600000000
190 361.3605 2.4700000000
191 363.2692 2.4600000000
192 365.1776 2.4800000000
193 367.0840 2.4900000000
194 368.9953 2.4700000000
195 370.9128 2.4500000000
196 372.8204 2.4600000000
197 374.7302 2.4600000000
198 376.6433 2.4500000000
199 378.5517 2.4800000000
200 380.4600 2.4700000000
