1 0.0000 0.0725333333
2 1.9253 0.0353500000
3 3.8368 0.0269333333
4 5.7479 0.0228166667
5 7.6607 0.0208000000
6 9.5723 0.0195166667
7 11.4847 0.0185000000
8 13.3964 0.0179166667
9 15.3073 0.0173666667
10 17.2187 0.0167666667
11 19.1289 0.0163833333
12 21.0503 0.0164000000
13 22.9605 0.0160333333
14 24.8731 0.0159000000
15 26.7840 0.0156000000
16 28.6950 0.0155666667
17 30.6053 0.0154333333
18 32.5168 0.0152833333
19 34.4279 0.0151333333
20 36.3389 0.0150166667
21 38.2503 0.0149833333
22 40.1628 0.0148500000
23 42.0732 0.0148333333
24 43.9845 0.0147000000
25 45.8973 0.0146166667
26 47.8131 0.0146500000
27 49.7253 0.0145833333
28 51.6397 0.0144500000
29 53.5523 0.0144333333
30 55.4692 0.0143833333
31 57.3835 0.0144833333
32 59.2959 0.0142666667
33 61.2089 0.0143166667
34 63.1231 0.0142000000
35 65.0356 0.0142166667
36 66.9499 0.0142000000
37 68.8623 0.0141833333
38 70.7764 0.0142500000
39 72.6897 0.0141166667
40 74.6058 0.0142666667
41 76.5234 0.0141333333
42 78.4362 0.0141000000
43 80.3494 0.0140333333
44 82.2600 0.0142333333
45 84.1707 0.0141500000
46 86.0827 0.0142166667
47 87.9934 0.0141000000
48 89.9033 0.0141500000
49 91.8128 0.0141333333
50 93.7244 0.0140166667
51 95.6354 0.0140166667
52 97.5496 0.0139500000
53 99.4625 0.0141500000
54 101.3746 0.0140166667
55 103.2851 0.0139333333
56 105.1964 0.0138500000
57 107.1082 0.0140000000
58 109.0200 0.0138833333
59 110.9304 0.0138500000
60 112.8401 0.0138333333
61 114.7534 0.0139333333
62 116.6677 0.0138666667
63 118.5790 0.0138000000
64 120.4911 0.0139166667
65 122.4000 0.0138333333
66 124.3120 0.0138833333
67 126.2223 0.0137833333
68 128.1330 0.0138000000
69 130.0445 0.0137500000
70 131.9562 0.0137666667
71 133.8665 0.0137666667
72 135.7776 0.0136833333
73 137.6921 0.0137500000
74 139.6090 0.0137500000
75 141.5206 0.0137166667
76 143.4330 0.0137333333
77 145.3451 0.0136666667
78 147.2564 0.0136666667
79 149.1660 0.0135833333
80 151.0785 0.0135333333
81 152.9898 0.0135833333
82 154.9004 0.0135000000
83 156.8106 0.0136166667
84 158.7210 0.0135666667
85 160.6314 0.0137166667
86 162.5421 0.0137166667
87 164.4530 0.0134833333
88 166.3648 0.0135666667
89 168.2752 0.0136166667
90 170.1857 0.0135666667
91 172.0967 0.0136000000
92 174.0084 0.0135500000
93 175.9191 0.0135500000
94 177.8318 0.0135333333
95 179.7421 0.0135000000
96 181.6524 0.0136166667
97 183.5629 0.0134833333
98 185.4732 0.0135000000
99 187.3839 0.0135166667
100 189.2930 0.0135166667
101 191.2021 0.0134833333
102 193.1127 0.0135166667
103 195.0229 0.0135166667
104 196.9342 0.0134833333
105 198.8427 0.0135333333
106 200.7529 0.0135833333
107 202.6627 0.0134833333
108 204.5726 0.0135166667
109 206.4830 0.0135333333
110 208.3933 0.0135166667
111 210.3016 0.0135333333
112 212.2132 0.0135333333
113 214.1228 0.0135333333
114 216.0328 0.0135500000
115 217.9429 0.0135666667
116 219.8546 0.0135166667
117 221.7640 0.0135000000
118 223.6781 0.0135666667
119 225.5918 0.0134833333
120 227.5036 0.0135166667
121 229.4151 0.0135000000
122 231.3375 0.0135166667
123 233.2778 0.0135333333
124 235.1950 0.0135500000
125 237.1049 0.0134666667
126 239.0163 0.0134833333
127 240.9266 0.0134166667
128 242.8370 0.0136000000
129 244.7476 0.0134333333
130 246.6590 0.0134166667
131 248.5707 0.0135666667
132 250.4820 0.0135000000
133 252.3937 0.0135166667
134 254.3047 0.0134333333
135 256.2173 0.0134666667
136 258.1339 0.0135333333
137 260.0461 0.0134333333
138 261.9577 0.0134500000
139 263.8685 0.0134833333
140 265.7798 0.0134500000
141 267.6950 0.0134833333
142 269.6086 0.0135000000
143 271.5191 0.0135500000
144 273.4316 0.0134166667
145 275.3429 0.0134833333
146 277.2540 0.0134833333
147 279.1652 0.0134500000
148 281.0772 0.0134666667
149 282.9881 0.0134833333
150 284.9003 0.0133500000
151 286.8105 0.0133833333
152 288.7218 0.0134000000
153 290.6353 0.0132833333
154 292.5558 0.0133000000
155 294.4671 0.0133833333
156 296.3801 0.0133333333
157 298.2919 0.0133000000
158 300.2033 0.0134166667
159 302.1190 0.0132500000
160 304.0297 0.0133000000
161 305.9409 0.0132833333
162 307.8529 0.0133500000
163 309.7646 0.0132666667
164 311.6764 0.0133333333
165 313.5880 0.0132500000
166 315.4994 0.0133166667
167 317.4108 0.0132666667
168 319.3233 0.0133333333
169 321.2356 0.0133166667
170 323.1469 0.0132666667
171 325.0585 0.0132833333
172 326.9709 0.0132500000
173 328.8817 0.0132166667
174 330.7969 0.0132666667
175 332.7146 0.0132000000
176 334.6271 0.0132666667
177 336.5398 0.0132833333
178 338.4509 0.0131000000
179 340.3627 0.0132166667
180 342.2736 0.0131833333
181 344.1862 0.0132166667
182 346.0936 0.0132166667
183 348.0008 0.0131000000
184 349.9082 0.0131500000
185 351.8146 0.0131000000
186 353.7243 0.0131500000
187 355.6341 0.0131333333
188 357.5437 0.0132333333
189 359.4520 0.0132333333
190 361.3605 0.0129833333
191 363.2692 0.0132000000
192 365.1776 0.0131833333
193 367.0840 0.0130666667
194 368.9953 0.0131000000
195 370.9128 0.0131166667
196 372.8204 0.0131166667
197 374.7302 0.0132166667
198 376.6433 0.0130666667
199 378.5517 0.0130500000
200 380.4600 0.0131833333
