1 0.0000 4.4300000000
2 1.9371 3.1200000000
3 3.8694 2.7400000000
4 5.8012 2.6100000000
5 7.7325 2.3800000000
6 9.6654 2.2800000000
7 11.5969 2.2100000000
8 13.5307 2.2100000000
9 15.4616 2.1700000000
10 17.3940 2.1500000000
11 19.3258 2.1000000000
12 21.2584 2.0400000000
13 23.1894 2.0200000000
14 25.1213 2.0000000000
15 27.0530 1.9700000000
16 28.9855 1.9600000000
17 30.9176 1.9500000000
18 32.8489 1.8900000000
19 34.7801 1.8400000000
20 36.7117 1.8300000000
21 38.6423 1.8200000000
22 40.5782 1.7600000000
23 42.5190 1.8000000000
24 44.4519 1.7700000000
25 46.3839 1.7700000000
26 48.3167 1.7600000000
27 50.2476 1.7800000000
28 52.1805 1.7800000000
29 54.1119 1.7800000000
30 56.0435 1.7700000000
31 57.9749 1.7600000000
32 59.9071 1.7200000000
33 61.8383 1.7200000000
34 63.7712 1.7300000000
35 65.7125 1.7300000000
36 67.6448 1.7200000000
37 69.5762 1.7100000000
38 71.5081 1.7100000000
39 73.4382 1.7100000000
40 75.3703 1.7100000000
41 77.3009 1.7100000000
42 79.2319 1.7000000000
43 81.1629 1.6900000000
44 83.0940 1.7100000000
45 85.0249 1.6900000000
46 86.9565 1.6900000000
47 88.8860 1.6900000000
48 90.8177 1.6800000000
49 92.7471 1.6700000000
50 94.6772 1.6600000000
51 96.6080 1.6600000000
52 98.5410 1.6700000000
53 100.4794 1.6700000000
54 102.4124 1.6600000000
55 104.3440 1.6600000000
56 106.2757 1.6600000000
57 108.2070 1.6600000000
58 110.1383 1.6600000000
59 112.0682 1.6600000000
60 113.9985 1.6600000000
61 115.9295 1.6600000000
62 117.8605 1.6600000000
63 119.7914 1.6600000000
64 121.7240 1.6600000000
65 123.6549 1.6600000000
66 125.5862 1.6600000000
67 127.5176 1.6600000000
68 129.4490 1.6600000000
69 131.3805 1.6600000000
70 133.3119 1.6600000000
71 135.2430 1.6600000000
72 137.1754 1.6600000000
73 139.1058 1.6600000000
74 141.0379 1.6700000000
75 142.9688 1.6700000000
76 144.9002 1.6700000000
77 146.8324 1.6700000000
78 148.7635 1.6700000000
79 150.6951 1.6700000000
80 152.6253 1.6700000000
81 154.5559 1.6600000000
82 156.4869 1.6600000000
83 158.4175 1.6600000000
84 160.3495 1.6600000000
85 162.2809 1.6700000000
86 164.2122 1.6500000000
87 166.1428 1.6500000000
88 168.0742 1.6500000000
89 170.0052 1.6600000000
90 171.9378 1.6500000000
91 173.8681 1.6500000000
92 175.7991 1.6600000000
93 177.7293 1.6500000000
94 179.6609 1.6500000000
95 181.5923 1.6500000000
96 183.5241 1.6600000000
97 185.4544 1.6500000000
98 187.3872 1.6500000000
99 189.3181 1.6500000000
100 191.2495 1.6500000000
101 193.1806 1.6600000000
102 195.1135 1.6500000000
103 197.0456 1.6500000000
104 198.9771 1.6500000000
105 200.9080 1.6500000000
106 202.8401 1.6500000000
107 204.7713 1.6300000000
108 206.7040 1.6300000000
109 208.6332 1.6300000000
110 210.5651 1.6300000000
111 212.4998 1.6300000000
112 214.4350 1.6300000000
113 216.3666 1.6300000000
114 218.3015 1.6300000000
115 220.2358 1.6300000000
116 222.1688 1.6300000000
117 224.1010 1.6300000000
118 226.0324 1.6300000000
119 227.9642 1.6300000000
120 229.8955 1.6300000000
121 231.8277 1.6200000000
122 233.7591 1.6300000000
123 235.6901 1.6200000000
124 237.6228 1.6200000000
125 239.5538 1.6200000000
126 241.4890 1.6300000000
127 243.4203 1.6200000000
128 245.3514 1.6400000000
129 247.2841 1.6200000000
130 249.2164 1.6400000000
131 251.1475 1.6200000000
132 253.0783 1.6400000000
133 255.0109 1.6400000000
134 256.9436 1.6400000000
135 258.8746 1.6400000000
136 260.8070 1.6400000000
137 262.7403 1.6300000000
138 264.6717 1.6300000000
139 266.6035 1.6400000000
140 268.5355 1.6400000000
141 270.4678 1.6400000000
142 272.3990 1.6300000000
143 274.3290 1.6400000000
144 276.2733 1.6400000000
145 278.2212 1.6400000000
146 280.1534 1.6400000000
147 282.0856 1.6400000000
148 284.0180 1.6400000000
149 285.9493 1.6400000000
150 287.8814 1.6400000000
151 289.8127 1.6400000000
152 291.7438 1.6400000000
153 293.6742 1.6500000000
154 295.6066 1.6500000000
155 297.5377 1.6500000000
156 299.4707 1.6500000000
157 301.4040 1.6500000000
158 303.3443 1.6500000000
159 305.2781 1.6500000000
160 307.2111 1.6500000000
161 309.1463 1.6500000000
162 311.0808 1.6500000000
163 313.0149 1.6500000000
164 314.9478 1.6600000000
165 316.8802 1.6600000000
166 318.8146 1.6500000000
167 320.7468 1.6500000000
168 322.6802 1.6500000000
169 324.6130 1.6500000000
170 326.5471 1.6500000000
171 328.4799 1.6500000000
172 330.4126 1.6500000000
173 332.3461 1.6500000000
174 334.2802 1.6500000000
175 336.2126 1.6500000000
176 338.1452 1.6500000000
177 340.0779 1.6500000000
178 342.0108 1.6500000000
179 343.9430 1.6500000000
180 345.8674 1.6400000000
181 347.7903 1.6400000000
182 349.7152 1.6400000000
183 351.6393 1.6400000000
184 353.5656 1.6400000000
185 355.4898 1.6400000000
186 357.4146 1.6400000000
187 359.3379 1.6400000000
188 361.2623 1.6400000000
189 363.1851 1.6400000000
190 365.1076 1.6400000000
191 367.0304 1.6400000000
192 368.9534 1.6400000000
193 370.8760 1.6400000000
194 372.7986 1.6400000000
195 374.7200 1.6400000000
196 376.6433 1.6400000000
197 378.5640 1.6400000000
198 380.4862 1.6400000000
199 382.4249 1.6400000000
200 384.3472 1.6400000000
