1 0.0000 0.0718833333
2 1.9371 0.0311000000
3 3.8694 0.0209500000
4 5.8012 0.0152500000
5 7.7325 0.0112166667
6 9.6654 0.0078666667
7 11.5969 0.0055833333
8 13.5307 0.0037666667
9 15.4616 0.0024166667
10 17.3940 0.0015666667
11 19.3258 0.0010166667
12 21.2584 0.0008500000
13 23.1894 0.0006500000
14 25.1213 0.0004166667
15 27.0530 0.0002666667
16 28.9855 0.0001666667
17 30.9176 0.0001333333
18 32.8489 0.0000666667
19 34.7801 0.0000500000
20 36.7117 0.0000500000
21 38.6423 0.0000333333
22 40.5782 0.0000166667
23 42.5190 0.0000166667
24 44.4519 0.0000166667
25 46.3839 0.0000000000
26 48.3167 0.0000000000
27 50.2476 0.0000000000
28 52.1805 0.0000000000
29 54.1119 0.0000000000
30 56.0435 0.0000000000
31 57.9749 0.0000000000
32 59.9071 0.0000000000
33 61.8383 0.0000000000
34 63.7712 0.0000000000
35 65.7125 0.0000000000
36 67.6448 0.0000000000
37 69.5762 0.0000000000
38 71.5081 0.0000000000
39 73.4382 0.0000000000
40 75.3703 0.0000000000
41 77.3009 0.0000000000
42 79.2319 0.0000000000
43 81.1629 0.0000000000
44 83.0940 0.0000000000
45 85.0249 0.0000000000
46 86.9565 0.0000000000
47 88.8860 0.0000000000
48 90.8177 0.0000000000
49 92.7471 0.0000000000
50 94.6772 0.0000000000
51 96.6080 0.0000000000
52 98.5410 0.0000000000
53 100.4794 0.0000000000
54 102.4124 0.0000000000
55 104.3440 0.0000000000
56 106.2757 0.0000000000
57 108.2070 0.0000000000
58 110.1383 0.0000000000
59 112.0682 0.0000000000
60 113.9985 0.0000000000
61 115.9295 0.0000000000
62 117.8605 0.0000000000
63 119.7914 0.0000000000
64 121.7240 0.0000000000
65 123.6549 0.0000000000
66 125.5862 0.0000000000
67 127.5176 0.0000000000
68 129.4490 0.0000000000
69 131.3805 0.0000000000
70 133.3119 0.0000000000
71 135.2430 0.0000000000
72 137.1754 0.0000000000
73 139.1058 0.0000000000
74 141.0379 0.0000000000
75 142.9688 0.0000000000
76 144.9002 0.0000000000
77 146.8324 0.0000000000
78 148.7635 0.0000000000
79 150.6951 0.0000000000
80 152.6253 0.0000000000
81 154.5559 0.0000000000
82 156.4869 0.0000000000
83 158.4175 0.0000000000
84 160.3495 0.0000000000
85 162.2809 0.0000000000
86 164.2122 0.0000000000
87 166.1428 0.0000000000
88 168.0742 0.0000000000
89 170.0052 0.0000000000
90 171.9378 0.0000000000
91 173.8681 0.0000000000
92 175.7991 0.0000000000
93 177.7293 0.0000000000
94 179.6609 0.0000000000
95 181.5923 0.0000000000
96 183.5241 0.0000000000
97 185.4544 0.0000000000
98 187.3872 0.0000000000
99 189.3181 0.0000000000
100 191.2495 0.0000000000
101 193.1806 0.0000000000
102 195.1135 0.0000000000
103 197.0456 0.0000000000
104 198.9771 0.0000000000
105 200.9080 0.0000000000
106 202.8401 0.0000000000
107 204.7713 0.0000000000
108 206.7040 0.0000000000
109 208.6332 0.0000000000
110 210.5651 0.0000000000
111 212.4998 0.0000000000
112 214.4350 0.0000000000
113 216.3666 0.0000000000
114 218.3015 0.0000000000
115 220.2358 0.0000000000
116 222.1688 0.0000000000
117 224.1010 0.0000000000
118 226.0324 0.0000000000
119 227.9642 0.0000000000
120 229.8955 0.0000000000
121 231.8277 0.0000000000
122 233.7591 0.0000000000
123 235.6901 0.0000000000
124 237.6228 0.0000000000
125 239.5538 0.0000000000
126 241.4890 0.0000000000
127 243.4203 0.0000000000
128 245.3514 0.0000000000
129 247.2841 0.0000000000
130 249.2164 0.0000000000
131 251.1475 0.0000000000
132 253.0783 0.0000000000
133 255.0109 0.0000000000
134 256.9436 0.0000000000
135 258.8746 0.0000000000
136 260.8070 0.0000000000
137 262.7403 0.0000000000
138 264.6717 0.0000000000
139 266.6035 0.0000000000
140 268.5355 0.0000000000
141 270.4678 0.0000000000
142 272.3990 0.0000000000
143 274.3290 0.0000000000
144 276.2733 0.0000000000
145 278.2212 0.0000000000
146 280.1534 0.0000000000
147 282.0856 0.0000000000
148 284.0180 0.0000000000
149 285.9493 0.0000000000
150 287.8814 0.0000000000
151 289.8127 0.0000000000
152 291.7438 0.0000000000
153 293.6742 0.0000000000
154 295.6066 0.0000000000
155 297.5377 0.0000000000
156 299.4707 0.0000000000
157 301.4040 0.0000000000
158 303.3443 0.0000000000
159 305.2781 0.0000000000
160 307.2111 0.0000000000
161 309.1463 0.0000000000
162 311.0808 0.0000000000
163 313.0149 0.0000000000
164 314.9478 0.0000000000
165 316.8802 0.0000000000
166 318.8146 0.0000000000
167 320.7468 0.0000000000
168 322.6802 0.0000000000
169 324.6130 0.0000000000
170 326.5471 0.0000000000
171 328.4799 0.0000000000
172 330.4126 0.0000000000
173 332.3461 0.0000000000
174 334.2802 0.0000000000
175 336.2126 0.0000000000
176 338.1452 0.0000000000
177 340.0779 0.0000000000
178 342.0108 0.0000000000
179 343.9430 0.0000000000
180 345.8674 0.0000000000
181 347.7903 0.0000000000
182 349.7152 0.0000000000
183 351.6393 0.0000000000
184 353.5656 0.0000000000
185 355.4898 0.0000000000
186 357.4146 0.0000000000
187 359.3379 0.0000000000
188 361.2623 0.0000000000
189 363.1851 0.0000000000
190 365.1076 0.0000000000
191 367.0304 0.0000000000
192 368.9534 0.0000000000
193 370.8760 0.0000000000
194 372.7986 0.0000000000
195 374.7200 0.0000000000
196 376.6433 0.0000000000
197 378.5640 0.0000000000
198 380.4862 0.0000000000
199 382.4249 0.0000000000
200 384.3472 0.0000000000
