1 0.0000 4.5500000000
2 1.9458 3.2600000000
3 3.8785 2.7900000000
4 5.8117 2.5900000000
5 7.7448 2.4200000000
6 9.6771 2.2200000000
7 11.6114 2.1800000000
8 13.5462 2.2000000000
9 15.4793 2.2000000000
10 17.4129 2.1900000000
11 19.3454 2.1300000000
12 21.2774 2.1400000000
13 23.2094 2.0900000000
14 25.1410 2.1000000000
15 27.0730 2.1000000000
16 29.0074 2.0800000000
17 30.9404 2.0800000000
18 32.8753 2.0800000000
19 34.8088 2.0500000000
20 36.7405 2.0500000000
21 38.6723 2.0400000000
22 40.6043 2.0400000000
23 42.5378 2.0200000000
24 44.4684 2.0200000000
25 46.4000 2.0200000000
26 48.3321 2.0100000000
27 50.2652 1.9500000000
28 52.1983 1.9900000000
29 54.1323 1.9900000000
30 56.0649 1.9400000000
31 57.9967 1.9300000000
32 59.9266 1.9600000000
33 61.8577 1.9200000000
34 63.7907 1.9800000000
35 65.7226 1.9500000000
36 67.6559 1.9500000000
37 69.5879 1.8800000000
38 71.5246 1.9200000000
39 73.4647 1.9000000000
40 75.4009 1.8900000000
41 77.3365 1.8800000000
42 79.2727 1.9100000000
43 81.2087 1.8900000000
44 83.1459 1.8900000000
45 85.0815 1.9100000000
46 87.0192 1.9000000000
47 88.9554 1.9100000000
48 90.8912 1.8900000000
49 92.8298 1.9400000000
50 94.7700 1.9100000000
51 96.7045 1.9000000000
52 98.6390 1.8600000000
53 100.5701 1.8800000000
54 102.5020 1.9000000000
55 104.4351 1.9000000000
56 106.3686 1.9000000000
57 108.2995 1.8600000000
58 110.2318 1.8800000000
59 112.1654 1.8600000000
60 114.0975 1.8800000000
61 116.0298 1.8900000000
62 117.9624 1.8600000000
63 119.8948 1.8500000000
64 121.8258 1.8400000000
65 123.7612 1.8600000000
66 125.6978 1.8400000000
67 127.6298 1.8300000000
68 129.5627 1.8600000000
69 131.4953 1.8300000000
70 133.4264 1.8700000000
71 135.3574 1.8300000000
72 137.2860 1.8400000000
73 139.2151 1.8400000000
74 141.1461 1.8400000000
75 143.0772 1.8300000000
76 145.0095 1.8300000000
77 146.9444 1.8100000000
78 148.8786 1.8400000000
79 150.8116 1.8400000000
80 152.7480 1.8200000000
81 154.6814 1.8200000000
82 156.6150 1.8300000000
83 158.5497 1.8200000000
84 160.4817 1.8300000000
85 162.4118 1.8100000000
86 164.3417 1.8300000000
87 166.2703 1.7700000000
88 168.2006 1.8300000000
89 170.1305 1.8500000000
90 172.0595 1.8000000000
91 173.9894 1.8300000000
92 175.9194 1.8100000000
93 177.8540 1.7900000000
94 179.7880 1.7800000000
95 181.7215 1.8300000000
96 183.6555 1.8300000000
97 185.5885 1.8000000000
98 187.5192 1.8100000000
99 189.4506 1.8100000000
100 191.3835 1.8300000000
101 193.3184 1.8000000000
102 195.2495 1.8400000000
103 197.1838 1.7900000000
104 199.1197 1.8200000000
105 201.0500 1.8000000000
106 202.9864 1.8300000000
107 204.9167 1.8400000000
108 206.8463 1.8000000000
109 208.7764 1.8300000000
110 210.7058 1.8100000000
111 212.6365 1.8100000000
112 214.5672 1.8500000000
113 216.4954 1.8200000000
114 218.4244 1.8000000000
115 220.3539 1.8100000000
116 222.2842 1.8400000000
117 224.2146 1.7900000000
118 226.1438 1.8200000000
119 228.0751 1.8400000000
120 230.0047 1.8200000000
121 231.9342 1.8200000000
122 233.8642 1.8300000000
123 235.7935 1.8100000000
124 237.7256 1.8000000000
125 239.6643 1.8000000000
126 241.6006 1.7700000000
127 243.5371 1.8100000000
128 245.4726 1.7900000000
129 247.4084 1.7600000000
130 249.3456 1.8300000000
131 251.2837 1.7800000000
132 253.2190 1.7900000000
133 255.1572 1.7700000000
134 257.0933 1.8100000000
135 259.0291 1.8100000000
136 260.9655 1.7900000000
137 262.9006 1.7800000000
138 264.8367 1.7900000000
139 266.7760 1.7700000000
140 268.7231 1.8100000000
141 270.6764 1.7900000000
142 272.6095 1.8000000000
143 274.5419 1.7900000000
144 276.4735 1.8000000000
145 278.4049 1.7800000000
146 280.3364 1.7800000000
147 282.2688 1.7900000000
148 284.2030 1.7900000000
149 286.1359 1.8100000000
150 288.0691 1.7900000000
151 290.0015 1.7700000000
152 291.9337 1.8400000000
153 293.8691 1.8000000000
154 295.8076 1.7700000000
155 297.7481 1.8000000000
156 299.6851 1.8000000000
157 301.6209 1.8300000000
158 303.5594 1.7800000000
159 305.4951 1.8200000000
160 307.4312 1.8300000000
161 309.3681 1.7800000000
162 311.3051 1.8100000000
163 313.2397 1.7900000000
164 315.1748 1.8200000000
165 317.1095 1.7800000000
166 319.0462 1.8300000000
167 320.9792 1.8000000000
168 322.9144 1.7900000000
169 324.8530 1.8000000000
170 326.7976 1.7900000000
171 328.7400 1.8000000000
172 330.6772 1.7700000000
173 332.6151 1.7700000000
174 334.5628 1.8000000000
175 336.5079 1.7900000000
176 338.4491 1.8000000000
177 340.3860 1.7800000000
178 342.3250 1.8200000000
179 344.2646 1.7900000000
180 346.2029 1.7900000000
181 348.1437 1.8100000000
182 350.0814 1.7900000000
183 352.0216 1.7900000000
184 353.9595 1.7800000000
185 355.9010 1.8000000000
186 357.8409 1.8000000000
187 359.7826 1.7900000000
188 361.7195 1.7700000000
189 363.6592 1.7700000000
190 365.5948 1.7500000000
191 367.5304 1.7900000000
192 369.4672 1.7400000000
193 371.4019 1.7400000000
194 373.3400 1.7600000000
195 375.2782 1.7800000000
196 377.2130 1.7700000000
197 379.1517 1.7700000000
198 381.0868 1.7600000000
199 383.0240 1.7500000000
200 384.9571 1.7700000000
