1 0.0000 0.0717333333
2 1.9458 0.0316500000
3 3.8785 0.0222166667
4 5.8117 0.0170000000
5 7.7448 0.0129833333
6 9.6771 0.0103500000
7 11.6114 0.0079666667
8 13.5462 0.0064666667
9 15.4793 0.0054333333
10 17.4129 0.0044333333
11 19.3454 0.0036000000
12 21.2774 0.0030166667
13 23.2094 0.0025000000
14 25.1410 0.0022500000
15 27.0730 0.0019000000
16 29.0074 0.0015166667
17 30.9404 0.0014000000
18 32.8753 0.0012833333
19 34.8088 0.0012166667
20 36.7405 0.0011833333
21 38.6723 0.0011166667
22 40.6043 0.0010166667
23 42.5378 0.0009833333
24 44.4684 0.0009333333
25 46.4000 0.0008666667
26 48.3321 0.0008833333
27 50.2652 0.0008333333
28 52.1983 0.0007833333
29 54.1323 0.0007666667
30 56.0649 0.0007833333
31 57.9967 0.0007666667
32 59.9266 0.0007666667
33 61.8577 0.0007166667
34 63.7907 0.0007333333
35 65.7226 0.0007000000
36 67.6559 0.0006333333
37 69.5879 0.0006166667
38 71.5246 0.0006500000
39 73.4647 0.0005666667
40 75.4009 0.0005833333
41 77.3365 0.0005833333
42 79.2727 0.0005833333
43 81.2087 0.0005500000
44 83.1459 0.0005833333
45 85.0815 0.0005500000
46 87.0192 0.0005500000
47 88.9554 0.0005166667
48 90.8912 0.0005333333
49 92.8298 0.0005333333
50 94.7700 0.0005333333
51 96.7045 0.0005333333
52 98.6390 0.0005333333
53 100.5701 0.0005000000
54 102.5020 0.0005500000
55 104.4351 0.0005000000
56 106.3686 0.0005166667
57 108.2995 0.0005166667
58 110.2318 0.0005166667
59 112.1654 0.0005000000
60 114.0975 0.0005000000
61 116.0298 0.0005166667
62 117.9624 0.0005166667
63 119.8948 0.0005000000
64 121.8258 0.0004833333
65 123.7612 0.0004833333
66 125.6978 0.0004833333
67 127.6298 0.0004500000
68 129.5627 0.0004500000
69 131.4953 0.0004833333
70 133.4264 0.0004666667
71 135.3574 0.0004500000
72 137.2860 0.0004833333
73 139.2151 0.0004666667
74 141.1461 0.0004333333
75 143.0772 0.0004333333
76 145.0095 0.0004333333
77 146.9444 0.0004166667
78 148.8786 0.0004500000
79 150.8116 0.0004333333
80 152.7480 0.0004166667
81 154.6814 0.0004166667
82 156.6150 0.0004166667
83 158.5497 0.0004166667
84 160.4817 0.0004333333
85 162.4118 0.0004166667
86 164.3417 0.0004166667
87 166.2703 0.0004166667
88 168.2006 0.0004333333
89 170.1305 0.0004166667
90 172.0595 0.0004166667
91 173.9894 0.0004166667
92 175.9194 0.0004333333
93 177.8540 0.0004166667
94 179.7880 0.0004333333
95 181.7215 0.0004333333
96 183.6555 0.0004166667
97 185.5885 0.0004000000
98 187.5192 0.0004333333
99 189.4506 0.0004166667
100 191.3835 0.0004000000
101 193.3184 0.0004166667
102 195.2495 0.0004166667
103 197.1838 0.0004333333
104 199.1197 0.0004166667
105 201.0500 0.0004166667
106 202.9864 0.0004000000
107 204.9167 0.0004333333
108 206.8463 0.0004166667
109 208.7764 0.0004000000
110 210.7058 0.0004000000
111 212.6365 0.0003833333
112 214.5672 0.0004166667
113 216.4954 0.0004000000
114 218.4244 0.0004166667
115 220.3539 0.0004166667
116 222.2842 0.0003833333
117 224.2146 0.0004000000
118 226.1438 0.0004166667
119 228.0751 0.0004000000
120 230.0047 0.0004000000
121 231.9342 0.0004000000
122 233.8642 0.0004166667
123 235.7935 0.0004000000
124 237.7256 0.0004166667
125 239.6643 0.0004000000
126 241.6006 0.0004000000
127 243.5371 0.0004166667
128 245.4726 0.0004000000
129 247.4084 0.0004166667
130 249.3456 0.0004000000
131 251.2837 0.0004000000
132 253.2190 0.0004166667
133 255.1572 0.0003833333
134 257.0933 0.0004000000
135 259.0291 0.0004000000
136 260.9655 0.0004000000
137 262.9006 0.0004000000
138 264.8367 0.0004000000
139 266.7760 0.0004000000
140 268.7231 0.0004000000
141 270.6764 0.0004000000
142 272.6095 0.0004000000
143 274.5419 0.0004000000
144 276.4735 0.0004000000
145 278.4049 0.0004000000
146 280.3364 0.0004000000
147 282.2688 0.0004000000
148 284.2030 0.0004000000
149 286.1359 0.0004000000
150 288.0691 0.0004000000
151 290.0015 0.0003833333
152 291.9337 0.0004000000
153 293.8691 0.0004000000
154 295.8076 0.0004000000
155 297.7481 0.0004000000
156 299.6851 0.0004000000
157 301.6209 0.0004000000
158 303.5594 0.0004000000
159 305.4951 0.0004166667
160 307.4312 0.0004000000
161 309.3681 0.0004000000
162 311.3051 0.0004000000
163 313.2397 0.0004000000
164 315.1748 0.0004000000
165 317.1095 0.0004000000
166 319.0462 0.0004000000
167 320.9792 0.0004000000
168 322.9144 0.0004000000
169 324.8530 0.0004000000
170 326.7976 0.0004000000
171 328.7400 0.0004000000
172 330.6772 0.0003833333
173 332.6151 0.0004000000
174 334.5628 0.0004000000
175 336.5079 0.0004000000
176 338.4491 0.0004000000
177 340.3860 0.0004000000
178 342.3250 0.0004000000
179 344.2646 0.0003833333
180 346.2029 0.0004000000
181 348.1437 0.0003833333
182 350.0814 0.0004000000
183 352.0216 0.0003833333
184 353.9595 0.0004000000
185 355.9010 0.0004000000
186 357.8409 0.0004000000
187 359.7826 0.0003833333
188 361.7195 0.0004000000
189 363.6592 0.0004000000
190 365.5948 0.0003833333
191 367.5304 0.0003833333
192 369.4672 0.0003833333
193 371.4019 0.0003833333
194 373.3400 0.0004000000
195 375.2782 0.0003833333
196 377.2130 0.0004000000
197 379.1517 0.0003666667
198 381.0868 0.0003833333
199 383.0240 0.0004000000
200 384.9571 0.0003833333
