1 0.0000 4.8100000000
2 4.1737 3.3500000000
3 8.2750 2.7700000000
4 12.3704 2.6600000000
5 16.4666 2.3600000000
6 20.5637 2.2100000000
7 24.6714 1.9500000000
8 28.7646 1.9600000000
9 32.8574 2.0100000000
10 36.9491 1.9200000000
11 41.0395 1.8800000000
12 45.1330 1.6500000000
13 49.2264 1.7300000000
14 53.3205 1.6700000000
15 57.4209 1.8000000000
16 61.5139 1.6700000000
17 65.6092 1.6000000000
18 69.7028 1.5900000000
19 73.7978 1.5300000000
20 77.8905 1.6200000000
21 81.9848 1.5300000000
22 86.0764 1.5600000000
23 90.1679 1.6000000000
24 94.2912 1.5400000000
25 98.3862 1.5100000000
26 102.4798 1.5300000000
27 106.5733 1.4900000000
28 110.6675 1.4600000000
29 114.7613 1.4700000000
30 118.8561 1.5000000000
31 122.9500 1.4300000000
32 127.0446 1.4600000000
33 131.1438 1.5600000000
34 135.2363 1.4000000000
35 139.3292 1.5000000000
36 143.4219 1.4300000000
37 147.5134 1.4600000000
38 151.6055 1.3600000000
39 155.6986 1.4300000000
40 159.7904 1.4600000000
41 163.9128 1.4500000000
42 168.0056 1.4500000000
43 172.1001 1.3600000000
44 176.1939 1.3500000000
45 180.2858 1.3700000000
46 184.3777 1.4600000000
47 188.4714 1.4700000000
48 192.5649 1.3800000000
49 196.6561 1.3900000000
50 200.7497 1.3700000000
51 204.8408 1.3600000000
52 208.9344 1.3700000000
53 213.0293 1.4300000000
54 217.1221 1.3900000000
55 221.2143 1.4400000000
56 225.3095 1.3700000000
57 229.4050 1.3800000000
58 233.5018 1.3300000000
59 237.5972 1.4700000000
60 241.6904 1.4300000000
61 245.7840 1.4100000000
62 249.8794 1.2400000000
63 253.9718 1.3100000000
64 258.0640 1.3400000000
65 262.1574 1.4700000000
66 266.2493 1.3800000000
67 270.3476 1.3800000000
68 274.4394 1.4200000000
69 278.5305 1.3600000000
70 282.6231 1.3000000000
71 286.7152 1.2600000000
72 290.8073 1.3300000000
73 294.9018 1.2800000000
74 298.9954 1.3800000000
75 303.0866 1.2600000000
76 307.1828 1.3700000000
77 311.2746 1.3500000000
78 315.3662 1.3200000000
79 319.4595 1.4100000000
80 323.5561 1.3800000000
81 327.6468 1.3700000000
82 331.7381 1.3400000000
83 335.8314 1.3400000000
84 339.9231 1.2900000000
85 344.0355 1.3700000000
86 348.1316 1.3100000000
87 352.2240 1.3300000000
88 356.3183 1.3400000000
89 360.4109 1.3400000000
90 364.5045 1.3300000000
91 368.5965 1.3700000000
92 372.6898 1.4100000000
93 376.7799 1.3800000000
94 380.8722 1.3400000000
95 384.9644 1.2900000000
96 389.0607 1.3600000000
97 393.1526 1.2800000000
98 397.2449 1.2300000000
99 401.3368 1.3100000000
100 405.4303 1.2600000000
101 409.5231 1.2600000000
102 413.6152 1.3300000000
103 417.7105 1.2500000000
104 421.8066 1.1800000000
105 425.8988 1.2300000000
106 429.9909 1.3000000000
107 434.0948 1.3100000000
108 438.2079 1.2400000000
109 442.3084 1.1900000000
110 446.4038 1.2400000000
111 450.5034 1.2600000000
112 454.5998 1.1600000000
113 458.6944 1.1700000000
114 462.7887 1.2100000000
115 466.8818 1.4200000000
116 470.9752 1.2600000000
117 475.0694 1.2600000000
118 479.1641 1.2200000000
119 483.2639 1.2300000000
120 487.3774 1.2700000000
121 491.4689 1.2900000000
122 495.5617 1.2500000000
123 499.6557 1.2200000000
124 503.7503 1.1600000000
125 507.8417 1.3000000000
126 511.9358 1.1800000000
127 516.0292 1.2200000000
128 520.1262 1.3100000000
129 524.2024 1.3300000000
130 528.2767 1.3000000000
131 532.3512 1.3400000000
132 536.4261 1.1700000000
133 540.5084 1.3300000000
134 544.5825 1.2500000000
135 548.6603 1.2100000000
136 552.7352 1.2800000000
137 556.8076 1.2500000000
138 560.8846 1.3300000000
139 564.9585 1.3000000000
140 569.0315 1.2100000000
141 573.1058 1.2000000000
142 577.1794 1.2500000000
143 581.2548 1.3200000000
144 585.3288 1.2100000000
145 589.4036 1.3000000000
146 593.4870 1.2300000000
147 597.5670 1.2700000000
148 601.6396 1.2200000000
149 605.7148 1.2800000000
150 609.7876 1.2100000000
151 613.8603 1.2800000000
152 617.9341 1.2400000000
153 622.0162 1.2500000000
154 626.0921 1.2300000000
155 630.1733 1.2500000000
156 634.2497 1.2300000000
157 638.3248 1.2500000000
158 642.3981 1.3100000000
159 646.4739 1.1900000000
160 650.5473 1.2100000000
161 654.6214 1.2600000000
162 658.6968 1.2300000000
163 662.7717 1.2800000000
164 666.8669 1.2400000000
165 670.9415 1.2400000000
166 675.0158 1.2500000000
167 679.0883 1.1900000000
168 683.1632 1.3100000000
169 687.2367 1.2400000000
170 691.3107 1.2600000000
171 695.3859 1.3500000000
172 699.4607 1.3400000000
173 703.5342 1.1200000000
174 707.6065 1.3400000000
175 711.6814 1.3100000000
176 715.7556 1.2400000000
177 719.8367 1.1800000000
178 723.9143 1.2500000000
179 728.0013 1.2300000000
180 732.0781 1.2400000000
181 736.1607 1.1900000000
182 740.2373 1.1800000000
183 744.3130 1.1400000000
184 748.3898 1.2100000000
185 752.4630 1.2900000000
186 756.5391 1.2300000000
187 760.6130 1.2100000000
188 764.6849 1.3600000000
189 768.7694 1.2500000000
190 772.8472 1.2400000000
191 776.9215 1.1900000000
192 780.9968 1.2300000000
193 785.0713 1.2300000000
194 789.1456 1.2400000000
195 793.2227 1.1200000000
196 797.2979 1.2900000000
197 801.3714 1.2000000000
198 805.4453 1.2500000000
199 809.5199 1.2700000000
200 813.5918 1.2400000000
