1 0.0000 0.0728166667
2 4.1737 0.0338166667
3 8.2750 0.0249833333
4 12.3704 0.0197333333
5 16.4666 0.0167500000
6 20.5637 0.0141666667
7 24.6714 0.0125166667
8 28.7646 0.0105666667
9 32.8574 0.0094500000
10 36.9491 0.0081166667
11 41.0395 0.0077333333
12 45.1330 0.0064000000
13 49.2264 0.0060333333
14 53.3205 0.0055000000
15 57.4209 0.0047166667
16 61.5139 0.0042666667
17 65.6092 0.0035833333
18 69.7028 0.0037500000
19 73.7978 0.0031500000
20 77.8905 0.0030333333
21 81.9848 0.0024500000
22 86.0764 0.0027000000
23 90.1679 0.0019166667
24 94.2912 0.0020000000
25 98.3862 0.0019666667
26 102.4798 0.0016500000
27 106.5733 0.0016500000
28 110.6675 0.0015166667
29 114.7613 0.0013833333
30 118.8561 0.0012166667
31 122.9500 0.0012500000
32 127.0446 0.0011166667
33 131.1438 0.0010333333
34 135.2363 0.0009500000
35 139.3292 0.0007333333
36 143.4219 0.0009500000
37 147.5134 0.0007833333
38 151.6055 0.0008333333
39 155.6986 0.0005666667
40 159.7904 0.0007333333
41 163.9128 0.0006500000
42 168.0056 0.0005333333
43 172.1001 0.0005666667
44 176.1939 0.0006000000
45 180.2858 0.0004666667
46 184.3777 0.0004333333
47 188.4714 0.0004500000
48 192.5649 0.0004500000
49 196.6561 0.0003833333
50 200.7497 0.0002833333
51 204.8408 0.0004166667
52 208.9344 0.0003333333
53 213.0293 0.0002500000
54 217.1221 0.0002833333
55 221.2143 0.0002500000
56 225.3095 0.0002500000
57 229.4050 0.0003000000
58 233.5018 0.0002166667
59 237.5972 0.0002000000
60 241.6904 0.0002000000
61 245.7840 0.0002833333
62 249.8794 0.0001833333
63 253.9718 0.0002166667
64 258.0640 0.0002166667
65 262.1574 0.0001166667
66 266.2493 0.0002500000
67 270.3476 0.0001000000
68 274.4394 0.0001666667
69 278.5305 0.0000833333
70 282.6231 0.0001166667
71 286.7152 0.0000500000
72 290.8073 0.0001000000
73 294.9018 0.0001833333
74 298.9954 0.0000833333
75 303.0866 0.0001333333
76 307.1828 0.0001000000
77 311.2746 0.0000666667
78 315.3662 0.0001000000
79 319.4595 0.0000666667
80 323.5561 0.0001166667
81 327.6468 0.0001000000
82 331.7381 0.0001333333
83 335.8314 0.0000333333
84 339.9231 0.0001166667
85 344.0355 0.0001166667
86 348.1316 0.0000500000
87 352.2240 0.0000166667
88 356.3183 0.0000333333
89 360.4109 0.0000500000
90 364.5045 0.0000333333
91 368.5965 0.0000666667
92 372.6898 0.0000166667
93 376.7799 0.0000333333
94 380.8722 0.0000500000
95 384.9644 0.0000500000
96 389.0607 0.0000500000
97 393.1526 0.0000500000
98 397.2449 0.0000500000
99 401.3368 0.0000500000
100 405.4303 0.0000333333
101 409.5231 0.0000500000
102 413.6152 0.0000500000
103 417.7105 0.0000500000
104 421.8066 0.0000166667
105 425.8988 0.0000500000
106 429.9909 0.0000333333
107 434.0948 0.0000333333
108 438.2079 0.0000333333
109 442.3084 0.0000166667
110 446.4038 0.0000000000
111 450.5034 0.0000500000
112 454.5998 0.0000166667
113 458.6944 0.0000000000
114 462.7887 0.0000500000
115 466.8818 0.0000333333
116 470.9752 0.0000666667
117 475.0694 0.0000666667
118 479.1641 0.0000500000
119 483.2639 0.0000500000
120 487.3774 0.0000333333
121 491.4689 0.0000166667
122 495.5617 0.0000000000
123 499.6557 0.0000333333
124 503.7503 0.0000000000
125 507.8417 0.0000000000
126 511.9358 0.0000166667
127 516.0292 0.0000166667
128 520.1262 0.0000166667
129 524.2024 0.0000333333
130 528.2767 0.0000166667
131 532.3512 0.0000166667
132 536.4261 0.0000166667
133 540.5084 0.0000166667
134 544.5825 0.0000333333
135 548.6603 0.0000166667
136 552.7352 0.0000166667
137 556.8076 0.0000000000
138 560.8846 0.0000166667
139 564.9585 0.0000000000
140 569.0315 0.0000000000
141 573.1058 0.0000333333
142 577.1794 0.0000166667
143 581.2548 0.0000333333
144 585.3288 0.0000000000
145 589.4036 0.0000000000
146 593.4870 0.0000166667
147 597.5670 0.0000166667
148 601.6396 0.0000166667
149 605.7148 0.0000166667
150 609.7876 0.0000000000
151 613.8603 0.0000333333
152 617.9341 0.0000166667
153 622.0162 0.0000166667
154 626.0921 0.0000166667
155 630.1733 0.0000000000
156 634.2497 0.0000000000
157 638.3248 0.0000333333
158 642.3981 0.0000000000
159 646.4739 0.0000166667
160 650.5473 0.0000000000
161 654.6214 0.0000000000
162 658.6968 0.0000000000
163 662.7717 0.0000166667
164 666.8669 0.0000166667
165 670.9415 0.0000000000
166 675.0158 0.0000166667
167 679.0883 0.0000166667
168 683.1632 0.0000000000
169 687.2367 0.0000000000
170 691.3107 0.0000000000
171 695.3859 0.0000166667
172 699.4607 0.0000000000
173 703.5342 0.0000166667
174 707.6065 0.0000166667
175 711.6814 0.0000166667
176 715.7556 0.0000000000
177 719.8367 0.0000333333
178 723.9143 0.0000000000
179 728.0013 0.0000000000
180 732.0781 0.0000166667
181 736.1607 0.0000000000
182 740.2373 0.0000000000
183 744.3130 0.0000166667
184 748.3898 0.0000333333
185 752.4630 0.0000000000
186 756.5391 0.0000000000
187 760.6130 0.0000000000
188 764.6849 0.0000166667
189 768.7694 0.0000500000
190 772.8472 0.0000000000
191 776.9215 0.0000000000
192 780.9968 0.0000000000
193 785.0713 0.0000000000
194 789.1456 0.0000000000
195 793.2227 0.0000000000
196 797.2979 0.0000000000
197 801.3714 0.0000333333
198 805.4453 0.0000166667
199 809.5199 0.0000166667
200 813.5918 0.0000000000
