1 0.0000 5.2200000000
2 1.9242 3.9100000000
3 3.8424 3.4900000000
4 5.7788 3.3100000000
5 7.6980 3.1400000000
6 9.6164 3.0200000000
7 11.5348 2.9500000000
8 13.4517 2.8600000000
9 15.3696 2.8300000000
10 17.2868 2.8300000000
11 19.2027 2.8000000000
12 21.1199 2.7500000000
13 23.0362 2.7000000000
14 24.9528 2.7800000000
15 26.8728 2.8000000000
16 28.7974 2.6900000000
17 30.7153 2.7600000000
18 32.6334 2.7100000000
19 34.5497 2.6600000000
20 36.4654 2.6900000000
21 38.3814 2.7000000000
22 40.2975 2.6300000000
23 42.2137 2.6400000000
24 44.1297 2.6700000000
25 46.0444 2.6400000000
26 47.9594 2.6200000000
27 49.8834 2.5900000000
28 51.8022 2.6700000000
29 53.7207 2.6000000000
30 55.6394 2.6300000000
31 57.5561 2.6300000000
32 59.4720 2.6100000000
33 61.3896 2.6600000000
34 63.3057 2.6700000000
35 65.2216 2.6300000000
36 67.1381 2.6700000000
37 69.0544 2.6200000000
38 70.9701 2.6300000000
39 72.8864 2.6400000000
40 74.8038 2.6200000000
41 76.7200 2.5900000000
42 78.6361 2.6400000000
43 80.5525 2.6100000000
44 82.4685 2.6100000000
45 84.3849 2.6200000000
46 86.3007 2.6300000000
47 88.2166 2.6000000000
48 90.1330 2.5900000000
49 92.0503 2.5900000000
50 93.9670 2.5900000000
51 95.8836 2.5900000000
52 97.8000 2.6100000000
53 99.7172 2.5900000000
54 101.6330 2.6000000000
55 103.5499 2.6400000000
56 105.4679 2.6100000000
57 107.3863 2.6100000000
58 109.3025 2.5900000000
59 111.2333 2.6300000000
60 113.1508 2.5600000000
61 115.0692 2.5600000000
62 116.9854 2.6000000000
63 118.9019 2.5500000000
64 120.8180 2.5700000000
65 122.7381 2.5800000000
66 124.6605 2.5300000000
67 126.5795 2.5500000000
68 128.4975 2.5200000000
69 130.4169 2.5500000000
70 132.3347 2.5200000000
71 134.2533 2.5100000000
72 136.1707 2.5600000000
73 138.0893 2.5400000000
74 140.0075 2.5600000000
75 141.9252 2.5400000000
76 143.8436 2.5500000000
77 145.7621 2.5500000000
78 147.6803 2.5400000000
79 149.5973 2.5700000000
80 151.5155 2.5600000000
81 153.4340 2.5400000000
82 155.3520 2.5200000000
83 157.2691 2.5500000000
84 159.1867 2.5500000000
85 161.1047 2.5600000000
86 163.0220 2.5600000000
87 164.9410 2.5500000000
88 166.8595 2.5300000000
89 168.7762 2.5100000000
90 170.6950 2.5500000000
91 172.6128 2.5500000000
92 174.5308 2.5300000000
93 176.4508 2.5100000000
94 178.3680 2.5600000000
95 180.2868 2.5700000000
96 182.2043 2.5500000000
97 184.1224 2.5400000000
98 186.0399 2.5500000000
99 187.9589 2.5400000000
100 189.8769 2.5200000000
101 191.7957 2.5400000000
102 193.7127 2.5400000000
103 195.6306 2.5400000000
104 197.5490 2.5200000000
105 199.4656 2.5300000000
106 201.3831 2.5400000000
107 203.3014 2.5500000000
108 205.2199 2.5500000000
109 207.1373 2.5400000000
110 209.0579 2.5500000000
111 210.9752 2.5200000000
112 212.8930 2.5600000000
113 214.8109 2.5500000000
114 216.7280 2.5300000000
115 218.6447 2.5700000000
116 220.5657 2.5400000000
117 222.5106 2.5500000000
118 224.4286 2.5200000000
119 226.3460 2.5000000000
120 228.2634 2.5100000000
121 230.1808 2.4900000000
122 232.0987 2.5300000000
123 234.0147 2.5200000000
124 235.9330 2.5400000000
125 237.8509 2.5000000000
126 239.7681 2.5500000000
127 241.6851 2.5200000000
128 243.6029 2.5500000000
129 245.5190 2.5300000000
130 247.4365 2.5300000000
131 249.3539 2.5100000000
132 251.2729 2.5300000000
133 253.1895 2.5500000000
134 255.1088 2.5200000000
135 257.0260 2.5400000000
136 258.9427 2.5300000000
137 260.8604 2.5400000000
138 262.7777 2.5300000000
139 264.6950 2.5100000000
140 266.6141 2.5000000000
141 268.5311 2.5300000000
142 270.4507 2.5300000000
143 272.3680 2.5300000000
144 274.2860 2.5200000000
145 276.2055 2.5300000000
146 278.1241 2.5300000000
147 280.0417 2.5100000000
148 281.9595 2.5200000000
149 283.8775 2.5400000000
150 285.7960 2.5400000000
151 287.7134 2.5100000000
152 289.6313 2.5100000000
153 291.5494 2.5200000000
154 293.4670 2.5200000000
155 295.3847 2.5200000000
156 297.3027 2.5100000000
157 299.2218 2.5100000000
158 301.1412 2.4900000000
159 303.0574 2.5100000000
160 304.9756 2.5000000000
161 306.8926 2.5000000000
162 308.8102 2.5100000000
163 310.7280 2.5300000000
164 312.6453 2.5100000000
165 314.5629 2.5200000000
166 316.4806 2.5300000000
167 318.3976 2.5100000000
168 320.3164 2.5200000000
169 322.2336 2.5200000000
170 324.1523 2.5200000000
171 326.0697 2.5100000000
172 327.9876 2.5200000000
173 329.9040 2.5200000000
174 331.8211 2.5000000000
175 333.7381 2.5100000000
176 335.6556 2.5200000000
177 337.5730 2.5000000000
178 339.4906 2.5200000000
179 341.4079 2.5100000000
180 343.3273 2.5200000000
181 345.2451 2.5000000000
182 347.1636 2.5000000000
183 349.0804 2.5400000000
184 350.9979 2.4800000000
185 352.9153 2.5100000000
186 354.8330 2.5200000000
187 356.7502 2.5000000000
188 358.6684 2.5200000000
189 360.5865 2.5000000000
190 362.5037 2.5200000000
191 364.4204 2.5000000000
192 366.3373 2.5000000000
193 368.2544 2.5100000000
194 370.1715 2.5100000000
195 372.0891 2.5200000000
196 374.0073 2.4900000000
197 375.9254 2.4900000000
198 377.8425 2.4900000000
199 379.7589 2.5500000000
200 381.6764 2.4900000000
