1 0.0000 0.0734666667
2 1.9242 0.0353500000
3 3.8424 0.0268666667
4 5.7788 0.0230000000
5 7.6980 0.0205000000
6 9.6164 0.0190666667
7 11.5348 0.0181666667
8 13.4517 0.0174000000
9 15.3696 0.0168000000
10 17.2868 0.0165500000
11 19.2027 0.0162833333
12 21.1199 0.0159333333
13 23.0362 0.0157333333
14 24.9528 0.0154833333
15 26.8728 0.0153666667
16 28.7974 0.0152500000
17 30.7153 0.0151000000
18 32.6334 0.0148333333
19 34.5497 0.0148333333
20 36.4654 0.0146833333
21 38.3814 0.0146666667
22 40.2975 0.0145000000
23 42.2137 0.0145000000
24 44.1297 0.0144166667
25 46.0444 0.0144000000
26 47.9594 0.0142333333
27 49.8834 0.0144333333
28 51.8022 0.0142500000
29 53.7207 0.0141666667
30 55.6394 0.0142000000
31 57.5561 0.0141500000
32 59.4720 0.0140666667
33 61.3896 0.0141666667
34 63.3057 0.0140666667
35 65.2216 0.0141833333
36 67.1381 0.0140333333
37 69.0544 0.0140166667
38 70.9701 0.0140666667
39 72.8864 0.0140333333
40 74.8038 0.0140500000
41 76.7200 0.0140666667
42 78.6361 0.0140500000
43 80.5525 0.0138833333
44 82.4685 0.0139500000
45 84.3849 0.0138666667
46 86.3007 0.0138166667
47 88.2166 0.0138333333
48 90.1330 0.0137833333
49 92.0503 0.0138166667
50 93.9670 0.0137333333
51 95.8836 0.0138166667
52 97.8000 0.0138500000
53 99.7172 0.0137833333
54 101.6330 0.0138000000
55 103.5499 0.0137333333
56 105.4679 0.0136666667
57 107.3863 0.0138000000
58 109.3025 0.0138000000
59 111.2333 0.0137833333
60 113.1508 0.0137166667
61 115.0692 0.0136666667
62 116.9854 0.0137000000
63 118.9019 0.0136333333
64 120.8180 0.0135333333
65 122.7381 0.0136833333
66 124.6605 0.0135666667
67 126.5795 0.0136500000
68 128.4975 0.0135166667
69 130.4169 0.0135666667
70 132.3347 0.0135833333
71 134.2533 0.0134166667
72 136.1707 0.0135333333
73 138.0893 0.0134500000
74 140.0075 0.0134333333
75 141.9252 0.0134333333
76 143.8436 0.0135333333
77 145.7621 0.0134666667
78 147.6803 0.0135000000
79 149.5973 0.0136166667
80 151.5155 0.0134833333
81 153.4340 0.0135000000
82 155.3520 0.0134833333
83 157.2691 0.0135000000
84 159.1867 0.0134333333
85 161.1047 0.0133666667
86 163.0220 0.0134166667
87 164.9410 0.0134000000
88 166.8595 0.0133833333
89 168.7762 0.0134833333
90 170.6950 0.0134500000
91 172.6128 0.0134166667
92 174.5308 0.0135000000
93 176.4508 0.0135166667
94 178.3680 0.0134000000
95 180.2868 0.0135000000
96 182.2043 0.0135333333
97 184.1224 0.0134666667
98 186.0399 0.0134333333
99 187.9589 0.0132500000
100 189.8769 0.0135000000
101 191.7957 0.0135333333
102 193.7127 0.0133666667
103 195.6306 0.0134166667
104 197.5490 0.0133666667
105 199.4656 0.0133833333
106 201.3831 0.0133666667
107 203.3014 0.0134000000
108 205.2199 0.0134000000
109 207.1373 0.0133333333
110 209.0579 0.0133500000
111 210.9752 0.0133333333
112 212.8930 0.0133833333
113 214.8109 0.0133333333
114 216.7280 0.0133000000
115 218.6447 0.0133833333
116 220.5657 0.0134000000
117 222.5106 0.0132166667
118 224.4286 0.0133833333
119 226.3460 0.0133833333
120 228.2634 0.0133000000
121 230.1808 0.0133333333
122 232.0987 0.0134000000
123 234.0147 0.0133166667
124 235.9330 0.0134666667
125 237.8509 0.0133333333
126 239.7681 0.0133500000
127 241.6851 0.0133166667
128 243.6029 0.0133833333
129 245.5190 0.0133666667
130 247.4365 0.0134000000
131 249.3539 0.0133833333
132 251.2729 0.0133500000
133 253.1895 0.0133666667
134 255.1088 0.0132666667
135 257.0260 0.0133500000
136 258.9427 0.0133166667
137 260.8604 0.0133000000
138 262.7777 0.0133000000
139 264.6950 0.0133333333
140 266.6141 0.0133500000
141 268.5311 0.0132666667
142 270.4507 0.0133500000
143 272.3680 0.0134166667
144 274.2860 0.0133500000
145 276.2055 0.0133166667
146 278.1241 0.0133333333
147 280.0417 0.0133333333
148 281.9595 0.0132666667
149 283.8775 0.0133500000
150 285.7960 0.0132500000
151 287.7134 0.0133000000
152 289.6313 0.0132833333
153 291.5494 0.0132166667
154 293.4670 0.0133000000
155 295.3847 0.0133333333
156 297.3027 0.0134666667
157 299.2218 0.0132833333
158 301.1412 0.0133166667
159 303.0574 0.0133333333
160 304.9756 0.0133000000
161 306.8926 0.0131833333
162 308.8102 0.0134166667
163 310.7280 0.0134500000
164 312.6453 0.0132166667
165 314.5629 0.0132333333
166 316.4806 0.0132333333
167 318.3976 0.0134000000
168 320.3164 0.0133500000
169 322.2336 0.0133000000
170 324.1523 0.0132000000
171 326.0697 0.0133166667
172 327.9876 0.0131833333
173 329.9040 0.0132666667
174 331.8211 0.0132500000
175 333.7381 0.0132833333
176 335.6556 0.0133166667
177 337.5730 0.0132333333
178 339.4906 0.0132666667
179 341.4079 0.0132500000
180 343.3273 0.0133166667
181 345.2451 0.0133666667
182 347.1636 0.0133833333
183 349.0804 0.0133333333
184 350.9979 0.0132333333
185 352.9153 0.0132000000
186 354.8330 0.0133000000
187 356.7502 0.0133500000
188 358.6684 0.0134166667
189 360.5865 0.0134000000
190 362.5037 0.0132666667
191 364.4204 0.0132833333
192 366.3373 0.0132666667
193 368.2544 0.0133833333
194 370.1715 0.0133333333
195 372.0891 0.0131000000
196 374.0073 0.0133333333
197 375.9254 0.0133500000
198 377.8425 0.0132333333
199 379.7589 0.0133833333
200 381.6764 0.0132333333
