1 0.0000 4.7300000000
2 1.9468 3.4600000000
3 3.8749 2.9000000000
4 5.8007 2.6200000000
5 7.7271 2.3800000000
6 9.6553 2.2400000000
7 11.5811 2.1200000000
8 13.5070 2.0300000000
9 15.4331 1.9800000000
10 17.3593 1.9500000000
11 19.2859 1.9700000000
12 21.2131 1.9700000000
13 23.1401 1.9300000000
14 25.0656 1.9000000000
15 26.9906 1.9400000000
16 28.9179 1.9300000000
17 30.8452 1.9600000000
18 32.7801 1.9700000000
19 34.7055 1.9500000000
20 36.6322 1.9700000000
21 38.5575 1.9500000000
22 40.4830 1.9600000000
23 42.4111 1.9300000000
24 44.3369 1.9300000000
25 46.2632 1.9600000000
26 48.1901 1.9400000000
27 50.1155 1.9100000000
28 52.0424 1.9300000000
29 53.9684 1.9000000000
30 55.8948 1.9200000000
31 57.8197 1.9100000000
32 59.7470 1.9100000000
33 61.6717 1.9000000000
34 63.5973 1.9000000000
35 65.5225 1.8700000000
36 67.4462 1.8700000000
37 69.3710 1.8800000000
38 71.2964 1.8900000000
39 73.2206 1.8700000000
40 75.1466 1.8700000000
41 77.0727 1.8500000000
42 78.9983 1.8500000000
43 80.9245 1.8400000000
44 82.8518 1.8600000000
45 84.7746 1.8400000000
46 86.7038 1.8500000000
47 88.6341 1.8300000000
48 90.5613 1.8700000000
49 92.4902 1.8400000000
50 94.4178 1.8600000000
51 96.3465 1.8600000000
52 98.2755 1.8400000000
53 100.2000 1.8800000000
54 102.1265 1.8300000000
55 104.0526 1.8400000000
56 105.9781 1.8600000000
57 107.9036 1.8400000000
58 109.8318 1.8400000000
59 111.7582 1.8500000000
60 113.6841 1.8600000000
61 115.6103 1.8300000000
62 117.5388 1.8500000000
63 119.4696 1.8600000000
64 121.3992 1.8800000000
65 123.3296 1.8100000000
66 125.2586 1.8500000000
67 127.1902 1.8400000000
68 129.1208 1.8500000000
69 131.0508 1.8400000000
70 132.9797 1.8400000000
71 134.9058 1.8100000000
72 136.8394 1.8600000000
73 138.7691 1.8500000000
74 140.6955 1.8500000000
75 142.6205 1.8100000000
76 144.5481 1.8300000000
77 146.4731 1.7900000000
78 148.3981 1.8100000000
79 150.3229 1.8200000000
80 152.2492 1.8400000000
81 154.1786 1.8000000000
82 156.1082 1.8000000000
83 158.0347 1.8000000000
84 159.9645 1.8200000000
85 161.8908 1.8200000000
86 163.8212 1.8000000000
87 165.7476 1.8100000000
88 167.6749 1.8000000000
89 169.6096 1.8100000000
90 171.5479 1.8000000000
91 173.4791 1.8200000000
92 175.4143 1.7900000000
93 177.3469 1.8000000000
94 179.3041 1.7900000000
95 181.2550 1.7900000000
96 183.2240 1.8000000000
97 185.1622 1.7800000000
98 187.0977 1.8000000000
99 189.0306 1.7900000000
100 190.9659 1.7900000000
101 192.9016 1.7900000000
102 194.8374 1.7700000000
103 196.7690 1.7900000000
104 198.7020 1.7800000000
105 200.6330 1.7800000000
106 202.5670 1.8000000000
107 204.4989 1.7600000000
108 206.4323 1.7800000000
109 208.3659 1.8000000000
110 210.3008 1.8100000000
111 212.2330 1.8100000000
112 214.1679 1.7700000000
113 216.1019 1.8000000000
114 218.0353 1.7700000000
115 219.9676 1.7800000000
116 221.9003 1.8000000000
117 223.8326 1.7700000000
118 225.7668 1.8000000000
119 227.7011 1.7800000000
120 229.6337 1.7800000000
121 231.5697 1.7900000000
122 233.5026 1.7800000000
123 235.4352 1.7700000000
124 237.3693 1.7700000000
125 239.3014 1.7700000000
126 241.2389 1.7800000000
127 243.1726 1.7900000000
128 245.1009 1.7500000000
129 247.0302 1.8000000000
130 248.9590 1.7400000000
131 250.8878 1.7800000000
132 252.8194 1.7600000000
133 254.7533 1.7800000000
134 256.6850 1.7700000000
135 258.6170 1.7700000000
136 260.5336 1.7900000000
137 262.4496 1.7500000000
138 264.3661 1.7900000000
139 266.2810 1.7500000000
140 268.1973 1.7600000000
141 270.1124 1.7600000000
142 272.0282 1.7700000000
143 273.9436 1.7900000000
144 275.8615 1.7800000000
145 277.7773 1.7800000000
146 279.6925 1.7600000000
147 281.6075 1.8000000000
148 283.5225 1.7600000000
149 285.4376 1.7800000000
150 287.3553 1.7700000000
151 289.2700 1.7600000000
152 291.1861 1.7600000000
153 293.1006 1.7500000000
154 295.0170 1.7500000000
155 296.9322 1.7600000000
156 298.8482 1.7500000000
157 300.7640 1.7800000000
158 302.6798 1.7500000000
159 304.5956 1.7800000000
160 306.5118 1.7500000000
161 308.4261 1.7500000000
162 310.3416 1.7700000000
163 312.2564 1.7800000000
164 314.1743 1.7600000000
165 316.0906 1.7600000000
166 318.0055 1.7800000000
167 319.9210 1.7400000000
168 321.8392 1.7800000000
169 323.7551 1.7500000000
170 325.6738 1.7700000000
171 327.5962 1.7600000000
172 329.5113 1.7400000000
173 331.4288 1.7800000000
174 333.3463 1.7400000000
175 335.2616 1.7700000000
176 337.1777 1.7700000000
177 339.0929 1.7400000000
178 341.0116 1.7600000000
179 342.9295 1.7800000000
180 344.8455 1.7800000000
181 346.7625 1.7900000000
182 348.6738 1.7900000000
183 350.5865 1.7300000000
184 352.4982 1.7500000000
185 354.4077 1.7600000000
186 356.3176 1.8100000000
187 358.2275 1.7500000000
188 360.1375 1.7900000000
189 362.0455 1.7800000000
190 363.9552 1.7300000000
191 365.8641 1.7800000000
192 367.7744 1.7800000000
193 369.6843 1.7600000000
194 371.5931 1.7600000000
195 373.5024 1.7800000000
196 375.4129 1.7800000000
197 377.3220 1.7700000000
198 379.2318 1.7700000000
199 381.1402 1.7800000000
200 383.0509 1.7600000000
