1 0.0000 0.0725000000
2 1.9468 0.0329500000
3 3.8749 0.0228666667
4 5.8007 0.0171000000
5 7.7271 0.0135333333
6 9.6553 0.0108166667
7 11.5811 0.0087666667
8 13.5070 0.0069166667
9 15.4331 0.0054500000
10 17.3593 0.0044166667
11 19.2859 0.0034833333
12 21.2131 0.0030166667
13 23.1401 0.0025166667
14 25.0656 0.0021666667
15 26.9906 0.0019166667
16 28.9179 0.0016833333
17 30.8452 0.0014666667
18 32.7801 0.0012666667
19 34.7055 0.0012333333
20 36.6322 0.0011666667
21 38.5575 0.0010833333
22 40.4830 0.0009833333
23 42.4111 0.0009666667
24 44.3369 0.0008833333
25 46.2632 0.0008666667
26 48.1901 0.0008500000
27 50.1155 0.0007500000
28 52.0424 0.0007500000
29 53.9684 0.0007166667
30 55.8948 0.0006833333
31 57.8197 0.0006833333
32 59.7470 0.0007333333
33 61.6717 0.0007000000
34 63.5973 0.0006666667
35 65.5225 0.0006666667
36 67.4462 0.0006166667
37 69.3710 0.0006000000
38 71.2964 0.0006000000
39 73.2206 0.0005333333
40 75.1466 0.0005500000
41 77.0727 0.0005833333
42 78.9983 0.0005500000
43 80.9245 0.0005333333
44 82.8518 0.0005333333
45 84.7746 0.0005500000
46 86.7038 0.0005166667
47 88.6341 0.0005166667
48 90.5613 0.0005333333
49 92.4902 0.0005333333
50 94.4178 0.0005500000
51 96.3465 0.0005166667
52 98.2755 0.0005000000
53 100.2000 0.0005000000
54 102.1265 0.0005000000
55 104.0526 0.0005166667
56 105.9781 0.0004500000
57 107.9036 0.0004500000
58 109.8318 0.0004833333
59 111.7582 0.0004666667
60 113.6841 0.0004500000
61 115.6103 0.0004333333
62 117.5388 0.0004333333
63 119.4696 0.0004166667
64 121.3992 0.0004000000
65 123.3296 0.0004333333
66 125.2586 0.0004000000
67 127.1902 0.0004000000
68 129.1208 0.0004000000
69 131.0508 0.0004333333
70 132.9797 0.0004166667
71 134.9058 0.0003833333
72 136.8394 0.0003833333
73 138.7691 0.0004000000
74 140.6955 0.0003833333
75 142.6205 0.0004000000
76 144.5481 0.0003833333
77 146.4731 0.0003833333
78 148.3981 0.0003666667
79 150.3229 0.0003833333
80 152.2492 0.0003833333
81 154.1786 0.0003833333
82 156.1082 0.0003833333
83 158.0347 0.0004000000
84 159.9645 0.0003500000
85 161.8908 0.0003833333
86 163.8212 0.0003833333
87 165.7476 0.0003833333
88 167.6749 0.0003666667
89 169.6096 0.0003666667
90 171.5479 0.0003833333
91 173.4791 0.0003666667
92 175.4143 0.0003500000
93 177.3469 0.0003833333
94 179.3041 0.0003666667
95 181.2550 0.0003666667
96 183.2240 0.0003500000
97 185.1622 0.0003666667
98 187.0977 0.0003666667
99 189.0306 0.0003833333
100 190.9659 0.0003666667
101 192.9016 0.0003833333
102 194.8374 0.0003666667
103 196.7690 0.0003666667
104 198.7020 0.0003500000
105 200.6330 0.0003666667
106 202.5670 0.0003500000
107 204.4989 0.0003666667
108 206.4323 0.0003666667
109 208.3659 0.0003666667
110 210.3008 0.0003500000
111 212.2330 0.0003666667
112 214.1679 0.0003666667
113 216.1019 0.0003666667
114 218.0353 0.0003666667
115 219.9676 0.0003666667
116 221.9003 0.0003666667
117 223.8326 0.0003500000
118 225.7668 0.0003833333
119 227.7011 0.0003666667
120 229.6337 0.0003666667
121 231.5697 0.0003666667
122 233.5026 0.0003333333
123 235.4352 0.0003166667
124 237.3693 0.0003500000
125 239.3014 0.0003666667
126 241.2389 0.0003500000
127 243.1726 0.0003500000
128 245.1009 0.0003666667
129 247.0302 0.0003500000
130 248.9590 0.0003166667
131 250.8878 0.0003500000
132 252.8194 0.0003333333
133 254.7533 0.0003166667
134 256.6850 0.0003333333
135 258.6170 0.0003333333
136 260.5336 0.0003166667
137 262.4496 0.0003333333
138 264.3661 0.0003500000
139 266.2810 0.0003333333
140 268.1973 0.0003333333
141 270.1124 0.0003333333
142 272.0282 0.0003333333
143 273.9436 0.0003333333
144 275.8615 0.0003166667
145 277.7773 0.0003333333
146 279.6925 0.0003000000
147 281.6075 0.0003333333
148 283.5225 0.0003333333
149 285.4376 0.0003000000
150 287.3553 0.0003333333
151 289.2700 0.0003166667
152 291.1861 0.0003000000
153 293.1006 0.0003333333
154 295.0170 0.0003166667
155 296.9322 0.0003500000
156 298.8482 0.0003166667
157 300.7640 0.0003166667
158 302.6798 0.0003333333
159 304.5956 0.0003166667
160 306.5118 0.0003333333
161 308.4261 0.0003333333
162 310.3416 0.0003166667
163 312.2564 0.0003333333
164 314.1743 0.0003333333
165 316.0906 0.0003000000
166 318.0055 0.0003166667
167 319.9210 0.0003166667
168 321.8392 0.0003166667
169 323.7551 0.0003000000
170 325.6738 0.0003500000
171 327.5962 0.0003500000
172 329.5113 0.0003166667
173 331.4288 0.0003166667
174 333.3463 0.0003166667
175 335.2616 0.0003166667
176 337.1777 0.0003000000
177 339.0929 0.0003000000
178 341.0116 0.0003333333
179 342.9295 0.0003166667
180 344.8455 0.0003166667
181 346.7625 0.0003166667
182 348.6738 0.0003166667
183 350.5865 0.0003333333
184 352.4982 0.0003166667
185 354.4077 0.0003000000
186 356.3176 0.0003166667
187 358.2275 0.0003000000
188 360.1375 0.0003000000
189 362.0455 0.0003333333
190 363.9552 0.0003333333
191 365.8641 0.0003166667
192 367.7744 0.0003000000
193 369.6843 0.0003166667
194 371.5931 0.0003000000
195 373.5024 0.0003000000
196 375.4129 0.0003333333
197 377.3220 0.0003000000
198 379.2318 0.0003166667
199 381.1402 0.0003166667
200 383.0509 0.0003333333
