1 0.0000 8.8600000000
2 1.9063 7.6700000000
3 3.8089 6.7600000000
4 5.7101 5.9700000000
5 7.6122 5.2100000000
6 9.5142 4.6500000000
7 11.4158 4.2400000000
8 13.3175 3.9500000000
9 15.2185 3.6900000000
10 17.1204 3.4900000000
11 19.0213 3.3200000000
12 20.9243 3.2200000000
13 22.8270 3.0900000000
14 24.7287 3.0400000000
15 26.6302 2.9100000000
16 28.5308 2.8000000000
17 30.4311 2.7600000000
18 32.3311 2.6900000000
19 34.2315 2.6600000000
20 36.1340 2.6200000000
21 38.0342 2.5800000000
22 39.9347 2.5300000000
23 41.8342 2.4900000000
24 43.7358 2.4700000000
25 45.6356 2.4400000000
26 47.5374 2.3700000000
27 49.4386 2.3200000000
28 51.3402 2.2900000000
29 53.2425 2.2600000000
30 55.1435 2.2400000000
31 57.0450 2.2400000000
32 58.9458 2.2300000000
33 60.8463 2.2100000000
34 62.7474 2.2000000000
35 64.6485 2.1700000000
36 66.5507 2.1700000000
37 68.4512 2.1500000000
38 70.3518 2.1500000000
39 72.2522 2.1200000000
40 74.1540 2.1100000000
41 76.0553 2.1100000000
42 77.9558 2.0900000000
43 79.8565 2.0300000000
44 81.7573 2.0300000000
45 83.6593 2.0300000000
46 85.5604 2.0300000000
47 87.4622 2.0200000000
48 89.3632 2.0200000000
49 91.2647 2.0200000000
50 93.1657 2.0000000000
51 95.0668 2.0000000000
52 96.9688 1.9900000000
53 98.8696 1.9700000000
54 100.7706 1.9600000000
55 102.6724 1.9600000000
56 104.5739 1.9600000000
57 106.4744 1.9400000000
58 108.3754 1.9300000000
59 110.2760 1.9200000000
60 112.1779 1.9100000000
61 114.0781 1.9000000000
62 115.9800 1.9000000000
63 117.8818 1.8900000000
64 119.7817 1.8900000000
65 121.6810 1.8900000000
66 123.5810 1.8700000000
67 125.4820 1.8600000000
68 127.3831 1.8700000000
69 129.2832 1.8600000000
70 131.1831 1.8700000000
71 133.0861 1.8700000000
72 134.9870 1.8700000000
73 136.8886 1.8600000000
74 138.7892 1.8600000000
75 140.6905 1.8500000000
76 142.5911 1.8400000000
77 144.4923 1.8300000000
78 146.3932 1.8400000000
79 148.2945 1.8200000000
80 150.1941 1.8200000000
81 152.0954 1.8100000000
82 153.9965 1.8000000000
83 155.8976 1.8000000000
84 157.7978 1.8000000000
85 159.6973 1.8000000000
86 161.5989 1.8000000000
87 163.4989 1.7900000000
88 165.4002 1.7800000000
89 167.3025 1.7600000000
90 169.2030 1.7600000000
91 171.1042 1.7600000000
92 173.0063 1.7600000000
93 174.9079 1.7600000000
94 176.8073 1.7500000000
95 178.7066 1.7500000000
96 180.6070 1.7200000000
97 182.5063 1.7200000000
98 184.4085 1.7200000000
99 186.3086 1.7100000000
100 188.2081 1.7000000000
101 190.1078 1.6900000000
102 192.0086 1.6900000000
103 193.9095 1.6700000000
104 195.8106 1.6700000000
105 197.7108 1.6600000000
106 199.6115 1.6600000000
107 201.5126 1.6600000000
108 203.4125 1.6600000000
109 205.3131 1.6600000000
110 207.2129 1.6500000000
111 209.1131 1.6500000000
112 211.0144 1.6500000000
113 212.9147 1.6500000000
114 214.8149 1.6600000000
115 216.7154 1.6600000000
116 218.6170 1.6600000000
117 220.5180 1.6600000000
118 222.4180 1.6600000000
119 224.3338 1.6600000000
120 226.2331 1.6600000000
121 228.1334 1.6600000000
122 230.0336 1.6600000000
123 231.9376 1.6600000000
124 233.8374 1.6600000000
125 235.7375 1.6600000000
126 237.6380 1.6600000000
127 239.5384 1.6700000000
128 241.4390 1.6700000000
129 243.3386 1.6700000000
130 245.2392 1.6600000000
131 247.1386 1.6600000000
132 249.0381 1.6600000000
133 250.9376 1.6700000000
134 252.8380 1.6600000000
135 254.7384 1.6600000000
136 256.6385 1.6600000000
137 258.5387 1.6600000000
138 260.4395 1.6600000000
139 262.3394 1.6600000000
140 264.2418 1.6500000000
141 266.1417 1.6500000000
142 268.0436 1.6500000000
143 269.9431 1.6500000000
144 271.8435 1.6500000000
145 273.7449 1.6500000000
146 275.6447 1.6400000000
147 277.5454 1.6400000000
148 279.4461 1.6400000000
149 281.3470 1.6400000000
150 283.2481 1.6400000000
151 285.1485 1.6400000000
152 287.0499 1.6400000000
153 288.9504 1.6300000000
154 290.8518 1.6400000000
155 292.7519 1.6300000000
156 294.6527 1.6200000000
157 296.5529 1.6200000000
158 298.4541 1.6300000000
159 300.3554 1.6300000000
160 302.2546 1.6300000000
161 304.1553 1.6300000000
162 306.0560 1.6200000000
163 307.9558 1.6200000000
164 309.8558 1.6200000000
165 311.7560 1.6200000000
166 313.6569 1.6200000000
167 315.5578 1.6200000000
168 317.4595 1.6100000000
169 319.3590 1.6000000000
170 321.2595 1.6000000000
171 323.1617 1.6000000000
172 325.0635 1.6000000000
173 326.9639 1.6000000000
174 328.8647 1.6000000000
175 330.7653 1.6000000000
176 332.6654 1.6000000000
177 334.5660 1.6000000000
178 336.4664 1.6000000000
179 338.3686 1.6000000000
180 340.2619 1.6000000000
181 342.1526 1.6000000000
182 344.0420 1.6000000000
183 345.9334 1.6000000000
184 347.8240 1.6000000000
185 349.7137 1.6000000000
186 351.6048 1.5900000000
187 353.4955 1.5900000000
188 355.3863 1.5900000000
189 357.2761 1.5900000000
190 359.1664 1.5900000000
191 361.0557 1.5900000000
192 362.9461 1.5900000000
193 364.8359 1.5900000000
194 366.7272 1.5900000000
195 368.6184 1.5900000000
196 370.5078 1.5900000000
197 372.3995 1.5900000000
198 374.2901 1.5900000000
199 376.1817 1.5900000000
200 378.0713 1.5900000000
