1 0.0000 0.1268833333
2 1.9063 0.0810666667
3 3.8089 0.0680500000
4 5.7101 0.0574833333
5 7.6122 0.0502666667
6 9.5142 0.0437000000
7 11.4158 0.0386666667
8 13.3175 0.0349833333
9 15.2185 0.0311333333
10 17.1204 0.0284833333
11 19.0213 0.0259166667
12 20.9243 0.0238166667
13 22.8270 0.0217666667
14 24.7287 0.0199833333
15 26.6302 0.0184166667
16 28.5308 0.0171833333
17 30.4311 0.0160000000
18 32.3311 0.0143500000
19 34.2315 0.0133500000
20 36.1340 0.0124333333
21 38.0342 0.0114833333
22 39.9347 0.0105166667
23 41.8342 0.0098000000
24 43.7358 0.0091000000
25 45.6356 0.0082000000
26 47.5374 0.0076500000
27 49.4386 0.0071166667
28 51.3402 0.0065833333
29 53.2425 0.0061333333
30 55.1435 0.0057500000
31 57.0450 0.0051666667
32 58.9458 0.0046833333
33 60.8463 0.0042500000
34 62.7474 0.0039166667
35 64.6485 0.0035500000
36 66.5507 0.0032666667
37 68.4512 0.0029666667
38 70.3518 0.0026833333
39 72.2522 0.0024166667
40 74.1540 0.0021333333
41 76.0553 0.0019833333
42 77.9558 0.0018166667
43 79.8565 0.0016333333
44 81.7573 0.0014666667
45 83.6593 0.0013833333
46 85.5604 0.0012333333
47 87.4622 0.0011500000
48 89.3632 0.0011166667
49 91.2647 0.0010666667
50 93.1657 0.0009833333
51 95.0668 0.0008500000
52 96.9688 0.0007666667
53 98.8696 0.0007500000
54 100.7706 0.0007000000
55 102.6724 0.0006500000
56 104.5739 0.0005666667
57 106.4744 0.0004666667
58 108.3754 0.0004333333
59 110.2760 0.0004166667
60 112.1779 0.0004000000
61 114.0781 0.0003500000
62 115.9800 0.0003333333
63 117.8818 0.0003333333
64 119.7817 0.0002833333
65 121.6810 0.0002166667
66 123.5810 0.0002166667
67 125.4820 0.0002166667
68 127.3831 0.0002166667
69 129.2832 0.0002166667
70 131.1831 0.0002166667
71 133.0861 0.0001833333
72 134.9870 0.0001833333
73 136.8886 0.0001666667
74 138.7892 0.0001500000
75 140.6905 0.0001333333
76 142.5911 0.0001166667
77 144.4923 0.0001166667
78 146.3932 0.0001166667
79 148.2945 0.0001166667
80 150.1941 0.0001166667
81 152.0954 0.0001000000
82 153.9965 0.0001000000
83 155.8976 0.0001000000
84 157.7978 0.0000833333
85 159.6973 0.0000833333
86 161.5989 0.0000666667
87 163.4989 0.0000500000
88 165.4002 0.0000500000
89 167.3025 0.0000166667
90 169.2030 0.0000166667
91 171.1042 0.0000166667
92 173.0063 0.0000166667
93 174.9079 0.0000166667
94 176.8073 0.0000166667
95 178.7066 0.0000166667
96 180.6070 0.0000166667
97 182.5063 0.0000166667
98 184.4085 0.0000166667
99 186.3086 0.0000166667
100 188.2081 0.0000166667
101 190.1078 0.0000166667
102 192.0086 0.0000166667
103 193.9095 0.0000166667
104 195.8106 0.0000166667
105 197.7108 0.0000000000
106 199.6115 0.0000000000
107 201.5126 0.0000000000
108 203.4125 0.0000000000
109 205.3131 0.0000000000
110 207.2129 0.0000000000
111 209.1131 0.0000000000
112 211.0144 0.0000000000
113 212.9147 0.0000000000
114 214.8149 0.0000000000
115 216.7154 0.0000000000
116 218.6170 0.0000000000
117 220.5180 0.0000000000
118 222.4180 0.0000000000
119 224.3338 0.0000000000
120 226.2331 0.0000000000
121 228.1334 0.0000000000
122 230.0336 0.0000000000
123 231.9376 0.0000000000
124 233.8374 0.0000000000
125 235.7375 0.0000000000
126 237.6380 0.0000000000
127 239.5384 0.0000000000
128 241.4390 0.0000000000
129 243.3386 0.0000000000
130 245.2392 0.0000000000
131 247.1386 0.0000000000
132 249.0381 0.0000000000
133 250.9376 0.0000000000
134 252.8380 0.0000000000
135 254.7384 0.0000000000
136 256.6385 0.0000000000
137 258.5387 0.0000000000
138 260.4395 0.0000000000
139 262.3394 0.0000000000
140 264.2418 0.0000000000
141 266.1417 0.0000000000
142 268.0436 0.0000000000
143 269.9431 0.0000000000
144 271.8435 0.0000000000
145 273.7449 0.0000000000
146 275.6447 0.0000000000
147 277.5454 0.0000000000
148 279.4461 0.0000000000
149 281.3470 0.0000000000
150 283.2481 0.0000000000
151 285.1485 0.0000000000
152 287.0499 0.0000000000
153 288.9504 0.0000000000
154 290.8518 0.0000000000
155 292.7519 0.0000000000
156 294.6527 0.0000000000
157 296.5529 0.0000000000
158 298.4541 0.0000000000
159 300.3554 0.0000000000
160 302.2546 0.0000000000
161 304.1553 0.0000000000
162 306.0560 0.0000000000
163 307.9558 0.0000000000
164 309.8558 0.0000000000
165 311.7560 0.0000000000
166 313.6569 0.0000000000
167 315.5578 0.0000000000
168 317.4595 0.0000000000
169 319.3590 0.0000000000
170 321.2595 0.0000000000
171 323.1617 0.0000000000
172 325.0635 0.0000000000
173 326.9639 0.0000000000
174 328.8647 0.0000000000
175 330.7653 0.0000000000
176 332.6654 0.0000000000
177 334.5660 0.0000000000
178 336.4664 0.0000000000
179 338.3686 0.0000000000
180 340.2619 0.0000000000
181 342.1526 0.0000000000
182 344.0420 0.0000000000
183 345.9334 0.0000000000
184 347.8240 0.0000000000
185 349.7137 0.0000000000
186 351.6048 0.0000000000
187 353.4955 0.0000000000
188 355.3863 0.0000000000
189 357.2761 0.0000000000
190 359.1664 0.0000000000
191 361.0557 0.0000000000
192 362.9461 0.0000000000
193 364.8359 0.0000000000
194 366.7272 0.0000000000
195 368.6184 0.0000000000
196 370.5078 0.0000000000
197 372.3995 0.0000000000
198 374.2901 0.0000000000
199 376.1817 0.0000000000
200 378.0713 0.0000000000
