1 0.0000 9.0400000000
2 1.9160 7.5800000000
3 3.8281 6.5200000000
4 5.7411 5.8600000000
5 7.6533 5.2000000000
6 9.5646 4.7000000000
7 11.4763 4.3100000000
8 13.3870 4.0700000000
9 15.2981 3.7200000000
10 17.2113 3.4200000000
11 19.1224 3.2600000000
12 21.0328 3.0900000000
13 22.9437 3.0100000000
14 24.8576 2.9500000000
15 26.7704 2.8100000000
16 28.6800 2.7900000000
17 30.5898 2.7400000000
18 32.4997 2.6500000000
19 34.4094 2.6100000000
20 36.3184 2.6000000000
21 38.2266 2.5800000000
22 40.1360 2.5500000000
23 42.0456 2.5000000000
24 43.9553 2.4900000000
25 45.8638 2.4400000000
26 47.7718 2.4200000000
27 49.6798 2.4100000000
28 51.5883 2.3700000000
29 53.4973 2.3400000000
30 55.4070 2.3400000000
31 57.3144 2.3300000000
32 59.2229 2.3100000000
33 61.1307 2.2700000000
34 63.0387 2.2700000000
35 64.9479 2.2700000000
36 66.8578 2.2400000000
37 68.7663 2.2200000000
38 70.6755 2.2200000000
39 72.5844 2.2000000000
40 74.4931 2.1600000000
41 76.4017 2.1500000000
42 78.3112 2.1500000000
43 80.2201 2.1500000000
44 82.1291 2.1100000000
45 84.0382 2.1200000000
46 85.9477 2.1100000000
47 87.8562 2.1100000000
48 89.7654 2.1100000000
49 91.6731 2.1000000000
50 93.5817 2.0900000000
51 95.4898 2.0900000000
52 97.3981 2.0900000000
53 99.3075 2.0700000000
54 101.2165 2.0700000000
55 103.1244 2.0800000000
56 105.0325 2.0800000000
57 106.9405 2.0800000000
58 108.8492 2.0800000000
59 110.7562 2.0700000000
60 112.6637 2.0800000000
61 114.5723 2.0800000000
62 116.4808 2.0900000000
63 118.3883 2.1000000000
64 120.2978 2.0900000000
65 122.2061 2.0900000000
66 124.1142 2.1000000000
67 126.0216 2.0800000000
68 127.9344 2.0800000000
69 129.8421 2.0900000000
70 131.7517 2.0800000000
71 133.6597 2.0800000000
72 135.5684 2.0600000000
73 137.4763 2.0300000000
74 139.3845 2.0200000000
75 141.2925 2.0100000000
76 143.2015 2.0100000000
77 145.1098 2.0000000000
78 147.0172 1.9900000000
79 148.9250 1.9900000000
80 150.8336 1.9800000000
81 152.7410 1.9700000000
82 154.6490 1.9600000000
83 156.5571 1.9500000000
84 158.4666 1.9400000000
85 160.3744 1.9400000000
86 162.2830 1.9400000000
87 164.1925 1.9400000000
88 166.1007 1.9400000000
89 168.0088 1.9300000000
90 169.9166 1.9400000000
91 171.8251 1.9400000000
92 173.7338 1.9300000000
93 175.6422 1.9300000000
94 177.5500 1.9400000000
95 179.4584 1.9300000000
96 181.3667 1.9300000000
97 183.2741 1.9200000000
98 185.1834 1.9300000000
99 187.0917 1.9300000000
100 189.0005 1.9300000000
101 190.9087 1.9300000000
102 192.8178 1.9300000000
103 194.7259 1.9300000000
104 196.6341 1.9200000000
105 198.5413 1.9200000000
106 200.4491 1.9000000000
107 202.3572 1.8900000000
108 204.2649 1.8900000000
109 206.1732 1.8900000000
110 208.0818 1.8900000000
111 209.9901 1.8800000000
112 211.8987 1.8700000000
113 213.8069 1.8600000000
114 215.7148 1.8600000000
115 217.6227 1.8600000000
116 219.5321 1.8600000000
117 221.4401 1.8600000000
118 223.3494 1.8500000000
119 225.2566 1.8500000000
120 227.1653 1.8600000000
121 229.0732 1.8600000000
122 230.9829 1.8500000000
123 232.8904 1.8600000000
124 234.7990 1.8600000000
125 236.7061 1.8600000000
126 238.6241 1.8600000000
127 240.5319 1.8600000000
128 242.4392 1.8600000000
129 244.3464 1.8600000000
130 246.2546 1.8700000000
131 248.1631 1.8600000000
132 250.0713 1.8700000000
133 251.9794 1.8700000000
134 253.8868 1.8700000000
135 255.7951 1.8700000000
136 257.7038 1.8700000000
137 259.6106 1.8700000000
138 261.5188 1.8800000000
139 263.4273 1.8800000000
140 265.3350 1.8900000000
141 267.2433 1.8900000000
142 269.1521 1.8800000000
143 271.0604 1.8800000000
144 272.9699 1.8800000000
145 274.8778 1.8800000000
146 276.7853 1.8800000000
147 278.6933 1.8700000000
148 280.6011 1.8700000000
149 282.5098 1.8700000000
150 284.4178 1.8700000000
151 286.3258 1.8700000000
152 288.2345 1.8700000000
153 290.1427 1.8700000000
154 292.0514 1.8700000000
155 293.9591 1.8700000000
156 295.8685 1.8800000000
157 297.7768 1.8800000000
158 299.6861 1.8700000000
159 301.5937 1.8700000000
160 303.5031 1.8700000000
161 305.4114 1.8700000000
162 307.3202 1.8700000000
163 309.2278 1.8700000000
164 311.1365 1.8700000000
165 313.0441 1.8600000000
166 314.9536 1.8500000000
167 316.8597 1.8500000000
168 318.7681 1.8300000000
169 320.6749 1.8300000000
170 322.5834 1.8300000000
171 324.4908 1.8200000000
172 326.3981 1.8200000000
173 328.3053 1.8200000000
174 330.2128 1.8200000000
175 332.1202 1.8200000000
176 334.0281 1.8200000000
177 335.9364 1.8200000000
178 337.8453 1.8200000000
179 339.7542 1.8200000000
180 341.6622 1.8200000000
181 343.5713 1.8200000000
182 345.4679 1.8200000000
183 347.3627 1.8200000000
184 349.2578 1.8200000000
185 351.1523 1.8100000000
186 353.0504 1.8100000000
187 354.9445 1.8000000000
188 356.8407 1.8000000000
189 358.7358 1.8000000000
190 360.6295 1.8000000000
191 362.5240 1.8000000000
192 364.4182 1.8000000000
193 366.3130 1.8000000000
194 368.2079 1.8000000000
195 370.1009 1.8000000000
196 371.9962 1.8100000000
197 373.8897 1.8200000000
198 375.7851 1.8200000000
199 377.6788 1.8200000000
200 379.5739 1.8100000000
