1 0.0000 0.1263000000
2 1.9160 0.0793166667
3 3.8281 0.0669000000
4 5.7411 0.0575666667
5 7.6533 0.0498666667
6 9.5646 0.0439166667
7 11.4763 0.0385166667
8 13.3870 0.0343833333
9 15.2981 0.0307833333
10 17.2113 0.0283333333
11 19.1224 0.0259666667
12 21.0328 0.0237666667
13 22.9437 0.0219500000
14 24.8576 0.0204333333
15 26.7704 0.0186833333
16 28.6800 0.0172500000
17 30.5898 0.0160500000
18 32.4997 0.0148500000
19 34.4094 0.0137666667
20 36.3184 0.0126500000
21 38.2266 0.0115833333
22 40.1360 0.0105333333
23 42.0456 0.0097166667
24 43.9553 0.0089833333
25 45.8638 0.0082333333
26 47.7718 0.0077166667
27 49.6798 0.0071333333
28 51.5883 0.0065666667
29 53.4973 0.0061333333
30 55.4070 0.0056333333
31 57.3144 0.0051500000
32 59.2229 0.0047333333
33 61.1307 0.0044333333
34 63.0387 0.0041166667
35 64.9479 0.0037166667
36 66.8578 0.0034000000
37 68.7663 0.0030166667
38 70.6755 0.0027333333
39 72.5844 0.0024666667
40 74.4931 0.0022666667
41 76.4017 0.0020500000
42 78.3112 0.0018833333
43 80.2201 0.0016333333
44 82.1291 0.0014666667
45 84.0382 0.0013500000
46 85.9477 0.0012500000
47 87.8562 0.0011666667
48 89.7654 0.0010666667
49 91.6731 0.0010166667
50 93.5817 0.0008833333
51 95.4898 0.0007666667
52 97.3981 0.0007166667
53 99.3075 0.0006666667
54 101.2165 0.0006333333
55 103.1244 0.0006000000
56 105.0325 0.0005500000
57 106.9405 0.0005000000
58 108.8492 0.0004500000
59 110.7562 0.0004166667
60 112.6637 0.0003666667
61 114.5723 0.0003500000
62 116.4808 0.0003166667
63 118.3883 0.0003166667
64 120.2978 0.0003000000
65 122.2061 0.0002833333
66 124.1142 0.0002500000
67 126.0216 0.0002500000
68 127.9344 0.0002333333
69 129.8421 0.0002166667
70 131.7517 0.0002000000
71 133.6597 0.0002000000
72 135.5684 0.0001833333
73 137.4763 0.0001833333
74 139.3845 0.0001666667
75 141.2925 0.0001666667
76 143.2015 0.0001500000
77 145.1098 0.0001500000
78 147.0172 0.0001333333
79 148.9250 0.0001166667
80 150.8336 0.0001166667
81 152.7410 0.0000833333
82 154.6490 0.0000500000
83 156.5571 0.0000333333
84 158.4666 0.0000333333
85 160.3744 0.0000166667
86 162.2830 0.0000166667
87 164.1925 0.0000166667
88 166.1007 0.0000166667
89 168.0088 0.0000166667
90 169.9166 0.0000166667
91 171.8251 0.0000166667
92 173.7338 0.0000166667
93 175.6422 0.0000166667
94 177.5500 0.0000166667
95 179.4584 0.0000166667
96 181.3667 0.0000166667
97 183.2741 0.0000166667
98 185.1834 0.0000166667
99 187.0917 0.0000166667
100 189.0005 0.0000166667
101 190.9087 0.0000166667
102 192.8178 0.0000166667
103 194.7259 0.0000166667
104 196.6341 0.0000166667
105 198.5413 0.0000166667
106 200.4491 0.0000166667
107 202.3572 0.0000166667
108 204.2649 0.0000166667
109 206.1732 0.0000166667
110 208.0818 0.0000166667
111 209.9901 0.0000166667
112 211.8987 0.0000166667
113 213.8069 0.0000166667
114 215.7148 0.0000166667
115 217.6227 0.0000166667
116 219.5321 0.0000166667
117 221.4401 0.0000166667
118 223.3494 0.0000000000
119 225.2566 0.0000000000
120 227.1653 0.0000000000
121 229.0732 0.0000000000
122 230.9829 0.0000000000
123 232.8904 0.0000000000
124 234.7990 0.0000000000
125 236.7061 0.0000000000
126 238.6241 0.0000000000
127 240.5319 0.0000000000
128 242.4392 0.0000000000
129 244.3464 0.0000000000
130 246.2546 0.0000000000
131 248.1631 0.0000000000
132 250.0713 0.0000000000
133 251.9794 0.0000000000
134 253.8868 0.0000000000
135 255.7951 0.0000000000
136 257.7038 0.0000000000
137 259.6106 0.0000000000
138 261.5188 0.0000000000
139 263.4273 0.0000000000
140 265.3350 0.0000000000
141 267.2433 0.0000000000
142 269.1521 0.0000000000
143 271.0604 0.0000000000
144 272.9699 0.0000000000
145 274.8778 0.0000000000
146 276.7853 0.0000000000
147 278.6933 0.0000000000
148 280.6011 0.0000000000
149 282.5098 0.0000000000
150 284.4178 0.0000000000
151 286.3258 0.0000000000
152 288.2345 0.0000000000
153 290.1427 0.0000000000
154 292.0514 0.0000000000
155 293.9591 0.0000000000
156 295.8685 0.0000000000
157 297.7768 0.0000000000
158 299.6861 0.0000000000
159 301.5937 0.0000000000
160 303.5031 0.0000000000
161 305.4114 0.0000000000
162 307.3202 0.0000000000
163 309.2278 0.0000000000
164 311.1365 0.0000000000
165 313.0441 0.0000000000
166 314.9536 0.0000000000
167 316.8597 0.0000000000
168 318.7681 0.0000000000
169 320.6749 0.0000000000
170 322.5834 0.0000000000
171 324.4908 0.0000000000
172 326.3981 0.0000000000
173 328.3053 0.0000000000
174 330.2128 0.0000000000
175 332.1202 0.0000000000
176 334.0281 0.0000000000
177 335.9364 0.0000000000
178 337.8453 0.0000000000
179 339.7542 0.0000000000
180 341.6622 0.0000000000
181 343.5713 0.0000000000
182 345.4679 0.0000000000
183 347.3627 0.0000000000
184 349.2578 0.0000000000
185 351.1523 0.0000000000
186 353.0504 0.0000000000
187 354.9445 0.0000000000
188 356.8407 0.0000000000
189 358.7358 0.0000000000
190 360.6295 0.0000000000
191 362.5240 0.0000000000
192 364.4182 0.0000000000
193 366.3130 0.0000000000
194 368.2079 0.0000000000
195 370.1009 0.0000000000
196 371.9962 0.0000000000
197 373.8897 0.0000000000
198 375.7851 0.0000000000
199 377.6788 0.0000000000
200 379.5739 0.0000000000
