1 0.0000 8.8600000000
2 1.9223 7.4700000000
3 3.8385 6.5400000000
4 5.7553 6.0300000000
5 7.6745 5.3900000000
6 9.6205 4.7800000000
7 11.5380 4.3200000000
8 13.4554 4.0600000000
9 15.3708 3.8200000000
10 17.2863 3.6000000000
11 19.2018 3.4100000000
12 21.1186 3.1500000000
13 23.0347 3.0000000000
14 24.9510 2.9100000000
15 26.8664 2.8200000000
16 28.7835 2.7600000000
17 30.7027 2.6500000000
18 32.6223 2.6200000000
19 34.5381 2.6100000000
20 36.4547 2.5900000000
21 38.3701 2.5700000000
22 40.2851 2.5500000000
23 42.2004 2.5200000000
24 44.1194 2.5000000000
25 46.0337 2.5100000000
26 47.9500 2.5000000000
27 49.8644 2.5000000000
28 51.7802 2.4700000000
29 53.6984 2.4600000000
30 55.6168 2.4500000000
31 57.5341 2.4400000000
32 59.4518 2.4000000000
33 61.3671 2.3700000000
34 63.2851 2.3400000000
35 65.2006 2.3300000000
36 67.1178 2.3200000000
37 69.0334 2.3100000000
38 70.9488 2.3100000000
39 72.8646 2.2900000000
40 74.7798 2.2700000000
41 76.6976 2.2400000000
42 78.6172 2.2200000000
43 80.5316 2.2200000000
44 82.4470 2.2200000000
45 84.3617 2.2100000000
46 86.2748 2.2000000000
47 88.1883 2.1900000000
48 90.1021 2.1900000000
49 92.0163 2.1700000000
50 93.9311 2.1700000000
51 95.8459 2.1800000000
52 97.7604 2.1600000000
53 99.6770 2.1400000000
54 101.5961 2.1100000000
55 103.5124 2.1000000000
56 105.4285 2.0900000000
57 107.3444 2.0900000000
58 109.2601 2.0800000000
59 111.1750 2.0800000000
60 113.0918 2.0300000000
61 115.0077 1.9900000000
62 116.9244 1.9900000000
63 118.8404 1.9700000000
64 120.7564 1.9800000000
65 122.6750 1.9700000000
66 124.5985 1.9400000000
67 126.5148 1.9400000000
68 128.4312 1.9400000000
69 130.3477 1.9400000000
70 132.2644 1.9300000000
71 134.1801 1.9400000000
72 136.0976 1.9200000000
73 138.0132 1.9200000000
74 139.9305 1.9100000000
75 141.8469 1.9100000000
76 143.7635 1.9000000000
77 145.6813 1.9000000000
78 147.6024 1.8900000000
79 149.5180 1.8700000000
80 151.4338 1.8700000000
81 153.3575 1.8700000000
82 155.2809 1.8600000000
83 157.1957 1.8600000000
84 159.1109 1.8600000000
85 161.0257 1.8500000000
86 162.9415 1.8600000000
87 164.8564 1.8500000000
88 166.7721 1.8500000000
89 168.6903 1.8500000000
90 170.6163 1.8400000000
91 172.5331 1.8400000000
92 174.4494 1.8400000000
93 176.3658 1.8300000000
94 178.2838 1.8300000000
95 180.2001 1.8400000000
96 182.1172 1.8400000000
97 184.0376 1.8400000000
98 185.9540 1.8300000000
99 187.8697 1.8300000000
100 189.7976 1.8400000000
101 191.7165 1.8400000000
102 193.6360 1.8300000000
103 195.5511 1.8300000000
104 197.4660 1.8300000000
105 199.3806 1.8300000000
106 201.2957 1.8300000000
107 203.2094 1.8300000000
108 205.1244 1.8400000000
109 207.0382 1.8400000000
110 208.9525 1.8400000000
111 210.8660 1.8400000000
112 212.7805 1.8300000000
113 214.6971 1.8300000000
114 216.6182 1.8300000000
115 218.5336 1.8300000000
116 220.4493 1.8300000000
117 222.3635 1.8300000000
118 224.2801 1.8300000000
119 226.1947 1.8300000000
120 228.1120 1.8300000000
121 230.0368 1.8300000000
122 231.9538 1.8200000000
123 233.8684 1.8100000000
124 235.7840 1.8100000000
125 237.7007 1.8100000000
126 239.6220 1.8100000000
127 241.5407 1.8100000000
128 243.4588 1.8100000000
129 245.3752 1.8100000000
130 247.2915 1.8100000000
131 249.2090 1.8100000000
132 251.1262 1.8000000000
133 253.0427 1.8000000000
134 254.9598 1.8000000000
135 256.8765 1.8000000000
136 258.7925 1.8000000000
137 260.7110 1.8000000000
138 262.6288 1.7900000000
139 264.5442 1.7900000000
140 266.4598 1.7900000000
141 268.3750 1.7900000000
142 270.2901 1.7900000000
143 272.2057 1.7900000000
144 274.1201 1.7700000000
145 276.0337 1.7700000000
146 277.9491 1.7700000000
147 279.8642 1.7700000000
148 281.7804 1.7700000000
149 283.6980 1.7700000000
150 285.6235 1.7700000000
151 287.5413 1.7700000000
152 289.4578 1.7700000000
153 291.3734 1.7700000000
154 293.2891 1.7700000000
155 295.2052 1.7700000000
156 297.1218 1.7700000000
157 299.0531 1.7700000000
158 300.9764 1.7700000000
159 302.8942 1.7700000000
160 304.8111 1.7700000000
161 306.7302 1.7700000000
162 308.6469 1.7700000000
163 310.5617 1.7800000000
164 312.4774 1.7800000000
165 314.3927 1.7800000000
166 316.3070 1.7800000000
167 318.2208 1.7800000000
168 320.1344 1.7800000000
169 322.0487 1.7800000000
170 323.9635 1.7800000000
171 325.8783 1.7800000000
172 327.7929 1.7700000000
173 329.7095 1.7700000000
174 331.6271 1.7700000000
175 333.5470 1.7700000000
176 335.4647 1.7700000000
177 337.3802 1.7700000000
178 339.2952 1.7700000000
179 341.2092 1.7700000000
180 343.1252 1.7700000000
181 345.0411 1.7600000000
182 346.9564 1.7600000000
183 348.8714 1.7600000000
184 350.7864 1.7600000000
185 352.7049 1.7600000000
186 354.6261 1.7600000000
187 356.5428 1.7600000000
188 358.4590 1.7600000000
189 360.3754 1.7600000000
190 362.2913 1.7600000000
191 364.2081 1.7600000000
192 366.1241 1.7600000000
193 368.0395 1.7600000000
194 369.9561 1.7600000000
195 371.8704 1.7600000000
196 373.7851 1.7600000000
197 375.7033 1.7600000000
198 377.6198 1.7600000000
199 379.5338 1.7500000000
200 381.4488 1.7500000000
