1 0.0000 0.1256000000
2 1.9223 0.0796500000
3 3.8385 0.0665500000
4 5.7553 0.0566500000
5 7.6745 0.0491166667
6 9.6205 0.0433000000
7 11.5380 0.0380000000
8 13.4554 0.0340500000
9 15.3708 0.0308166667
10 17.2863 0.0283500000
11 19.2018 0.0257833333
12 21.1186 0.0236833333
13 23.0347 0.0215333333
14 24.9510 0.0198500000
15 26.8664 0.0180833333
16 28.7835 0.0164166667
17 30.7027 0.0153333333
18 32.6223 0.0146166667
19 34.5381 0.0134666667
20 36.4547 0.0123833333
21 38.3701 0.0112333333
22 40.2851 0.0105666667
23 42.2004 0.0096833333
24 44.1194 0.0091166667
25 46.0337 0.0082000000
26 47.9500 0.0077000000
27 49.8644 0.0071500000
28 51.7802 0.0065500000
29 53.6984 0.0061000000
30 55.6168 0.0056166667
31 57.5341 0.0050000000
32 59.4518 0.0045666667
33 61.3671 0.0041666667
34 63.2851 0.0038500000
35 65.2006 0.0034833333
36 67.1178 0.0031666667
37 69.0334 0.0028000000
38 70.9488 0.0025000000
39 72.8646 0.0023000000
40 74.7798 0.0021000000
41 76.6976 0.0019333333
42 78.6172 0.0018000000
43 80.5316 0.0016833333
44 82.4470 0.0015000000
45 84.3617 0.0014333333
46 86.2748 0.0012833333
47 88.1883 0.0011333333
48 90.1021 0.0010166667
49 92.0163 0.0009833333
50 93.9311 0.0008666667
51 95.8459 0.0007833333
52 97.7604 0.0006833333
53 99.6770 0.0006166667
54 101.5961 0.0006000000
55 103.5124 0.0005500000
56 105.4285 0.0005000000
57 107.3444 0.0004333333
58 109.2601 0.0004000000
59 111.1750 0.0003666667
60 113.0918 0.0003500000
61 115.0077 0.0003500000
62 116.9244 0.0003333333
63 118.8404 0.0003333333
64 120.7564 0.0002833333
65 122.6750 0.0002666667
66 124.5985 0.0002500000
67 126.5148 0.0002500000
68 128.4312 0.0002166667
69 130.3477 0.0002166667
70 132.2644 0.0002166667
71 134.1801 0.0001833333
72 136.0976 0.0001666667
73 138.0132 0.0001333333
74 139.9305 0.0001333333
75 141.8469 0.0001166667
76 143.7635 0.0000666667
77 145.6813 0.0000666667
78 147.6024 0.0000500000
79 149.5180 0.0000500000
80 151.4338 0.0000500000
81 153.3575 0.0000333333
82 155.2809 0.0000166667
83 157.1957 0.0000166667
84 159.1109 0.0000166667
85 161.0257 0.0000166667
86 162.9415 0.0000166667
87 164.8564 0.0000166667
88 166.7721 0.0000166667
89 168.6903 0.0000166667
90 170.6163 0.0000166667
91 172.5331 0.0000166667
92 174.4494 0.0000166667
93 176.3658 0.0000166667
94 178.2838 0.0000166667
95 180.2001 0.0000166667
96 182.1172 0.0000166667
97 184.0376 0.0000166667
98 185.9540 0.0000166667
99 187.8697 0.0000166667
100 189.7976 0.0000166667
101 191.7165 0.0000166667
102 193.6360 0.0000166667
103 195.5511 0.0000166667
104 197.4660 0.0000166667
105 199.3806 0.0000166667
106 201.2957 0.0000166667
107 203.2094 0.0000166667
108 205.1244 0.0000166667
109 207.0382 0.0000166667
110 208.9525 0.0000000000
111 210.8660 0.0000000000
112 212.7805 0.0000000000
113 214.6971 0.0000000000
114 216.6182 0.0000000000
115 218.5336 0.0000000000
116 220.4493 0.0000000000
117 222.3635 0.0000000000
118 224.2801 0.0000000000
119 226.1947 0.0000000000
120 228.1120 0.0000000000
121 230.0368 0.0000000000
122 231.9538 0.0000000000
123 233.8684 0.0000000000
124 235.7840 0.0000000000
125 237.7007 0.0000000000
126 239.6220 0.0000000000
127 241.5407 0.0000000000
128 243.4588 0.0000000000
129 245.3752 0.0000000000
130 247.2915 0.0000000000
131 249.2090 0.0000000000
132 251.1262 0.0000000000
133 253.0427 0.0000000000
134 254.9598 0.0000000000
135 256.8765 0.0000000000
136 258.7925 0.0000000000
137 260.7110 0.0000000000
138 262.6288 0.0000000000
139 264.5442 0.0000000000
140 266.4598 0.0000000000
141 268.3750 0.0000000000
142 270.2901 0.0000000000
143 272.2057 0.0000000000
144 274.1201 0.0000000000
145 276.0337 0.0000000000
146 277.9491 0.0000000000
147 279.8642 0.0000000000
148 281.7804 0.0000000000
149 283.6980 0.0000000000
150 285.6235 0.0000000000
151 287.5413 0.0000000000
152 289.4578 0.0000000000
153 291.3734 0.0000000000
154 293.2891 0.0000000000
155 295.2052 0.0000000000
156 297.1218 0.0000000000
157 299.0531 0.0000000000
158 300.9764 0.0000000000
159 302.8942 0.0000000000
160 304.8111 0.0000000000
161 306.7302 0.0000000000
162 308.6469 0.0000000000
163 310.5617 0.0000000000
164 312.4774 0.0000000000
165 314.3927 0.0000000000
166 316.3070 0.0000000000
167 318.2208 0.0000000000
168 320.1344 0.0000000000
169 322.0487 0.0000000000
170 323.9635 0.0000000000
171 325.8783 0.0000000000
172 327.7929 0.0000000000
173 329.7095 0.0000000000
174 331.6271 0.0000000000
175 333.5470 0.0000000000
176 335.4647 0.0000000000
177 337.3802 0.0000000000
178 339.2952 0.0000000000
179 341.2092 0.0000000000
180 343.1252 0.0000000000
181 345.0411 0.0000000000
182 346.9564 0.0000000000
183 348.8714 0.0000000000
184 350.7864 0.0000000000
185 352.7049 0.0000000000
186 354.6261 0.0000000000
187 356.5428 0.0000000000
188 358.4590 0.0000000000
189 360.3754 0.0000000000
190 362.2913 0.0000000000
191 364.2081 0.0000000000
192 366.1241 0.0000000000
193 368.0395 0.0000000000
194 369.9561 0.0000000000
195 371.8704 0.0000000000
196 373.7851 0.0000000000
197 375.7033 0.0000000000
198 377.6198 0.0000000000
199 379.5338 0.0000000000
200 381.4488 0.0000000000
