1 0.0000 4.7400000000
2 1.9403 3.4800000000
3 3.8586 3.0700000000
4 5.7782 2.5300000000
5 7.6990 2.3600000000
6 9.6192 2.1800000000
7 11.5374 2.2000000000
8 13.4566 2.1700000000
9 15.3734 2.0600000000
10 17.2913 2.0900000000
11 19.2082 2.0600000000
12 21.1267 2.0500000000
13 23.0440 2.0700000000
14 24.9610 1.9600000000
15 26.8784 1.9400000000
16 28.7949 1.8900000000
17 30.7159 1.8600000000
18 32.6348 1.8600000000
19 34.5507 1.8100000000
20 36.4681 1.8200000000
21 38.3847 1.8000000000
22 40.3021 1.8100000000
23 42.2184 1.7900000000
24 44.1334 1.8000000000
25 46.0504 1.7900000000
26 47.9673 1.7700000000
27 49.8825 1.7800000000
28 51.7988 1.7800000000
29 53.7155 1.7800000000
30 55.6309 1.7700000000
31 57.5474 1.7800000000
32 59.4638 1.7800000000
33 61.3792 1.7800000000
34 63.2955 1.7500000000
35 65.2115 1.7500000000
36 67.1282 1.7500000000
37 69.0434 1.7500000000
38 70.9588 1.7400000000
39 72.8731 1.7400000000
40 74.7888 1.7300000000
41 76.7039 1.7400000000
42 78.6193 1.7300000000
43 80.5359 1.7300000000
44 82.4520 1.7400000000
45 84.3677 1.7300000000
46 86.2838 1.7300000000
47 88.2002 1.7300000000
48 90.1155 1.7100000000
49 92.0304 1.7100000000
50 93.9463 1.7100000000
51 95.8621 1.7100000000
52 97.7775 1.7000000000
53 99.6927 1.6900000000
54 101.6098 1.6900000000
55 103.5245 1.6900000000
56 105.4409 1.6900000000
57 107.3562 1.6900000000
58 109.2718 1.6800000000
59 111.1858 1.6900000000
60 113.1004 1.6800000000
61 115.0157 1.6800000000
62 116.9318 1.6900000000
63 118.8468 1.6900000000
64 120.7630 1.6900000000
65 122.6776 1.6800000000
66 124.5925 1.6900000000
67 126.5080 1.6900000000
68 128.4237 1.6900000000
69 130.3382 1.6900000000
70 132.2534 1.6800000000
71 134.1684 1.6800000000
72 136.0854 1.6800000000
73 138.0014 1.6800000000
74 139.9168 1.6800000000
75 141.8308 1.6800000000
76 143.7463 1.6800000000
77 145.6628 1.6800000000
78 147.5771 1.6900000000
79 149.4921 1.6800000000
80 151.4071 1.6900000000
81 153.3228 1.6900000000
82 155.2388 1.7000000000
83 157.1548 1.6900000000
84 159.0705 1.7100000000
85 160.9858 1.7100000000
86 162.9014 1.7100000000
87 164.8169 1.7100000000
88 166.7321 1.7100000000
89 168.6489 1.7000000000
90 170.5643 1.7000000000
91 172.4801 1.7000000000
92 174.3961 1.7100000000
93 176.3108 1.7100000000
94 178.2264 1.7100000000
95 180.1421 1.7100000000
96 182.0578 1.7100000000
97 183.9735 1.7100000000
98 185.8889 1.7100000000
99 187.8037 1.7100000000
100 189.7200 1.7100000000
101 191.6379 1.7100000000
102 193.5541 1.7100000000
103 195.4698 1.7100000000
104 197.3850 1.7100000000
105 199.3002 1.7100000000
106 201.2178 1.7000000000
107 203.1331 1.7000000000
108 205.0493 1.7000000000
109 206.9645 1.7000000000
110 208.8814 1.7000000000
111 210.7968 1.7000000000
112 212.7131 1.7000000000
113 214.6292 1.7000000000
114 216.5461 1.7000000000
115 218.4614 1.7000000000
116 220.3777 1.7000000000
117 222.2932 1.7000000000
118 224.2098 1.7000000000
119 226.1247 1.7000000000
120 228.0421 1.7000000000
121 229.9573 1.7000000000
122 231.8735 1.7000000000
123 233.7894 1.7000000000
124 235.7047 1.7000000000
125 237.6213 1.7000000000
126 239.5371 1.7000000000
127 241.4526 1.7000000000
128 243.3684 1.7000000000
129 245.2835 1.6900000000
130 247.1992 1.6900000000
131 249.1151 1.6900000000
132 251.0304 1.6900000000
133 252.9452 1.6900000000
134 254.8611 1.6900000000
135 256.7782 1.6900000000
136 258.6930 1.6900000000
137 260.6099 1.6900000000
138 262.5258 1.6900000000
139 264.4414 1.6900000000
140 266.3574 1.6900000000
141 268.2734 1.6900000000
142 270.1901 1.6900000000
143 272.1058 1.6900000000
144 274.0214 1.6900000000
145 275.9371 1.6900000000
146 277.8542 1.6900000000
147 279.7708 1.6900000000
148 281.6881 1.6900000000
149 283.6038 1.6900000000
150 285.5202 1.6900000000
151 287.4361 1.6900000000
152 289.3776 1.6900000000
153 291.3018 1.6900000000
154 293.2187 1.6900000000
155 295.1346 1.6900000000
156 297.0518 1.6900000000
157 298.9685 1.6900000000
158 300.8858 1.6900000000
159 302.8009 1.6900000000
160 304.7178 1.6900000000
161 306.6336 1.6900000000
162 308.5504 1.6900000000
163 310.4677 1.6900000000
164 312.3831 1.6900000000
165 314.2998 1.6900000000
166 316.2176 1.6900000000
167 318.1342 1.6900000000
168 320.0506 1.6900000000
169 321.9669 1.6900000000
170 323.8847 1.6900000000
171 325.7997 1.6900000000
172 327.7174 1.6900000000
173 329.6327 1.6900000000
174 331.5546 1.6900000000
175 333.4722 1.6900000000
176 335.3902 1.6900000000
177 337.3078 1.6900000000
178 339.2253 1.7000000000
179 341.1424 1.7000000000
180 343.0602 1.7000000000
181 344.9780 1.6900000000
182 346.8955 1.7000000000
183 348.8127 1.7000000000
184 350.7302 1.7000000000
185 352.6478 1.7000000000
186 354.5651 1.7000000000
187 356.4835 1.7000000000
188 358.4001 1.7000000000
189 360.3161 1.7000000000
190 362.2330 1.7000000000
191 364.1487 1.7000000000
192 366.0655 1.7000000000
193 367.9817 1.7000000000
194 369.8989 1.7000000000
195 371.8160 1.7000000000
196 373.7334 1.7000000000
197 375.6531 1.7000000000
198 377.5748 1.7000000000
199 379.4913 1.7000000000
200 381.4095 1.7000000000
