1 0.0000 4.4900000000
2 4.2516 3.4100000000
3 8.3891 2.7600000000
4 12.4722 2.5700000000
5 16.5544 2.2400000000
6 20.6336 2.2000000000
7 24.7101 2.1000000000
8 28.7860 1.8700000000
9 32.8679 1.9600000000
10 36.9471 1.9000000000
11 41.0342 1.6900000000
12 45.1103 1.8000000000
13 49.1860 1.7400000000
14 53.2634 1.6400000000
15 57.3400 1.6600000000
16 61.4184 1.7500000000
17 65.4951 1.5900000000
18 69.5710 1.6500000000
19 73.6473 1.5900000000
20 77.7269 1.6600000000
21 81.8046 1.6700000000
22 85.8860 1.4100000000
23 89.9623 1.4000000000
24 94.0392 1.4600000000
25 98.1159 1.4600000000
26 102.1913 1.5900000000
27 106.2669 1.4900000000
28 110.3546 1.4900000000
29 114.4323 1.4500000000
30 118.5117 1.4900000000
31 122.5957 1.5900000000
32 126.6790 1.3600000000
33 130.7620 1.4300000000
34 134.8406 1.5300000000
35 138.9192 1.3900000000
36 142.9989 1.5400000000
37 147.0812 1.4000000000
38 151.1621 1.4100000000
39 155.2414 1.4700000000
40 159.3214 1.3600000000
41 163.3996 1.4400000000
42 167.4798 1.4100000000
43 171.5579 1.2900000000
44 175.6361 1.3800000000
45 179.7185 1.3300000000
46 183.7994 1.2600000000
47 187.8777 1.4400000000
48 191.9557 1.3300000000
49 196.0327 1.2800000000
50 200.1110 1.3500000000
51 204.1889 1.3300000000
52 208.2661 1.4200000000
53 212.3419 1.4500000000
54 216.4230 1.3900000000
55 220.5000 1.3400000000
56 224.5784 1.3200000000
57 228.6576 1.3900000000
58 232.7359 1.2900000000
59 236.8114 1.4000000000
60 240.8883 1.4400000000
61 244.9653 1.3400000000
62 249.0427 1.3900000000
63 253.1197 1.3700000000
64 257.1970 1.3600000000
65 261.2740 1.3700000000
66 265.3507 1.3700000000
67 269.4282 1.4100000000
68 273.5046 1.3700000000
69 277.5843 1.4400000000
70 281.6633 1.4300000000
71 285.7488 1.3200000000
72 289.8276 1.3400000000
73 293.9044 1.3900000000
74 297.9873 1.2600000000
75 302.0716 1.2900000000
76 306.1523 1.1600000000
77 310.2298 1.3000000000
78 314.3086 1.4400000000
79 318.3856 1.3100000000
80 322.4759 1.3400000000
81 326.5527 1.3400000000
82 330.6319 1.3100000000
83 334.7065 1.3100000000
84 338.7842 1.3300000000
85 342.8640 1.2700000000
86 346.9503 1.2900000000
87 351.0300 1.3300000000
88 355.1144 1.2800000000
89 359.2217 1.3300000000
90 363.3023 1.2900000000
91 367.3811 1.2900000000
92 371.4583 1.3300000000
93 375.5370 1.3400000000
94 379.6163 1.3900000000
95 383.6960 1.3600000000
96 387.7752 1.2900000000
97 391.8530 1.2400000000
98 395.9322 1.2700000000
99 400.0112 1.3100000000
100 404.0898 1.3500000000
101 408.1680 1.2400000000
102 412.2462 1.2800000000
103 416.3233 1.3500000000
104 420.4019 1.3100000000
105 424.4816 1.3000000000
106 428.5597 1.3300000000
107 432.6376 1.3000000000
108 436.7173 1.3400000000
109 440.7943 1.2300000000
110 444.8736 1.2700000000
111 448.9516 1.3400000000
112 453.0309 1.2600000000
113 457.1086 1.2600000000
114 461.1866 1.2300000000
115 465.2630 1.2600000000
116 469.3411 1.3100000000
117 473.4411 1.2300000000
118 477.5193 1.2800000000
119 481.5989 1.2800000000
120 485.6796 1.2500000000
121 489.7576 1.3800000000
122 493.8348 1.3700000000
123 497.9141 1.2900000000
124 501.9926 1.2600000000
125 506.0699 1.3300000000
126 510.1480 1.2400000000
127 514.2259 1.2800000000
128 518.3038 1.2300000000
129 522.3858 1.4000000000
130 526.4643 1.3200000000
131 530.5459 1.1800000000
132 534.6307 1.3100000000
133 538.7110 1.2000000000
134 542.7946 1.2100000000
135 546.8747 1.2800000000
136 550.9551 1.3300000000
137 555.0378 1.2500000000
138 559.1214 1.2500000000
139 563.2001 1.2600000000
140 567.2774 1.2900000000
141 571.3534 1.3800000000
142 575.4314 1.2100000000
143 579.5103 1.2800000000
144 583.5870 1.2600000000
145 587.6629 1.3300000000
146 591.7403 1.2900000000
147 595.8174 1.2400000000
148 599.8985 1.2000000000
149 603.9807 1.2800000000
150 608.0620 1.1900000000
151 612.1447 1.2300000000
152 616.2250 1.3200000000
153 620.3057 1.3400000000
154 624.3861 1.3200000000
155 628.4654 1.2600000000
156 632.5480 1.3200000000
157 636.6284 1.2100000000
158 640.7093 1.2200000000
159 644.7879 1.2400000000
160 648.8746 1.2300000000
161 652.9561 1.2500000000
162 657.0356 1.0900000000
163 661.1140 1.2300000000
164 665.1940 1.2400000000
165 669.2718 1.1800000000
166 673.3521 1.2700000000
167 677.4303 1.2500000000
168 681.5106 1.2800000000
169 685.5890 1.3000000000
170 689.6667 1.2800000000
171 693.7454 1.1800000000
172 697.8265 1.2400000000
173 701.9104 1.3000000000
174 705.9903 1.2900000000
175 710.0670 1.2100000000
176 714.1484 1.2600000000
177 718.2504 1.2200000000
178 722.3307 1.1500000000
179 726.4089 1.2500000000
180 730.4944 1.2100000000
181 734.5763 1.2700000000
182 738.6566 1.2500000000
183 742.7360 1.2800000000
184 746.8154 1.3200000000
185 750.8947 1.2100000000
186 754.9742 1.2100000000
187 759.0526 1.2800000000
188 763.1324 1.2200000000
189 767.2120 1.2200000000
190 771.2910 1.1900000000
191 775.3690 1.1200000000
192 779.4493 1.2100000000
193 783.5325 1.2600000000
194 787.6189 1.2000000000
195 791.7250 1.3200000000
196 795.8157 1.2800000000
197 799.8937 1.1200000000
198 803.9726 1.2100000000
199 808.0516 1.1600000000
200 812.1312 1.2300000000
