1 0.0000 0.0735166667
2 4.2516 0.0346500000
3 8.3891 0.0251000000
4 12.4722 0.0198000000
5 16.5544 0.0170000000
6 20.6336 0.0140666667
7 24.7101 0.0123166667
8 28.7860 0.0106000000
9 32.8679 0.0095500000
10 36.9471 0.0085500000
11 41.0342 0.0072833333
12 45.1103 0.0069666667
13 49.1860 0.0056500000
14 53.2634 0.0056833333
15 57.3400 0.0050000000
16 61.4184 0.0041500000
17 65.4951 0.0039166667
18 69.5710 0.0036166667
19 73.6473 0.0031333333
20 77.7269 0.0029500000
21 81.8046 0.0027833333
22 85.8860 0.0025666667
23 89.9623 0.0020666667
24 94.0392 0.0022000000
25 98.1159 0.0018166667
26 102.1913 0.0020000000
27 106.2669 0.0014666667
28 110.3546 0.0013833333
29 114.4323 0.0013000000
30 118.5117 0.0011833333
31 122.5957 0.0012666667
32 126.6790 0.0009333333
33 130.7620 0.0010500000
34 134.8406 0.0011166667
35 138.9192 0.0008166667
36 142.9989 0.0008000000
37 147.0812 0.0008000000
38 151.1621 0.0006666667
39 155.2414 0.0006833333
40 159.3214 0.0005333333
41 163.3996 0.0006166667
42 167.4798 0.0006666667
43 171.5579 0.0006666667
44 175.6361 0.0005166667
45 179.7185 0.0005500000
46 183.7994 0.0004833333
47 187.8777 0.0004166667
48 191.9557 0.0004833333
49 196.0327 0.0004000000
50 200.1110 0.0003166667
51 204.1889 0.0002666667
52 208.2661 0.0002500000
53 212.3419 0.0002500000
54 216.4230 0.0003000000
55 220.5000 0.0003000000
56 224.5784 0.0003833333
57 228.6576 0.0002666667
58 232.7359 0.0002333333
59 236.8114 0.0002500000
60 240.8883 0.0001666667
61 244.9653 0.0002000000
62 249.0427 0.0002500000
63 253.1197 0.0001833333
64 257.1970 0.0002500000
65 261.2740 0.0001500000
66 265.3507 0.0002333333
67 269.4282 0.0002000000
68 273.5046 0.0001000000
69 277.5843 0.0002000000
70 281.6633 0.0001000000
71 285.7488 0.0000666667
72 289.8276 0.0001000000
73 293.9044 0.0000500000
74 297.9873 0.0001833333
75 302.0716 0.0000833333
76 306.1523 0.0000833333
77 310.2298 0.0000833333
78 314.3086 0.0001166667
79 318.3856 0.0001333333
80 322.4759 0.0000833333
81 326.5527 0.0000666667
82 330.6319 0.0000500000
83 334.7065 0.0000500000
84 338.7842 0.0000500000
85 342.8640 0.0001000000
86 346.9503 0.0000833333
87 351.0300 0.0000833333
88 355.1144 0.0001166667
89 359.2217 0.0000333333
90 363.3023 0.0000500000
91 367.3811 0.0000833333
92 371.4583 0.0000833333
93 375.5370 0.0000666667
94 379.6163 0.0000166667
95 383.6960 0.0000166667
96 387.7752 0.0000333333
97 391.8530 0.0000666667
98 395.9322 0.0000333333
99 400.0112 0.0000000000
100 404.0898 0.0000000000
101 408.1680 0.0000500000
102 412.2462 0.0000166667
103 416.3233 0.0000166667
104 420.4019 0.0000333333
105 424.4816 0.0000166667
106 428.5597 0.0000333333
107 432.6376 0.0000500000
108 436.7173 0.0000166667
109 440.7943 0.0000000000
110 444.8736 0.0000333333
111 448.9516 0.0000166667
112 453.0309 0.0000166667
113 457.1086 0.0000000000
114 461.1866 0.0000333333
115 465.2630 0.0000166667
116 469.3411 0.0000166667
117 473.4411 0.0000000000
118 477.5193 0.0000166667
119 481.5989 0.0000166667
120 485.6796 0.0000333333
121 489.7576 0.0000000000
122 493.8348 0.0000166667
123 497.9141 0.0000166667
124 501.9926 0.0000000000
125 506.0699 0.0000166667
126 510.1480 0.0000333333
127 514.2259 0.0000000000
128 518.3038 0.0000000000
129 522.3858 0.0000000000
130 526.4643 0.0000166667
131 530.5459 0.0000166667
132 534.6307 0.0000166667
133 538.7110 0.0000000000
134 542.7946 0.0000000000
135 546.8747 0.0000000000
136 550.9551 0.0000166667
137 555.0378 0.0000000000
138 559.1214 0.0000000000
139 563.2001 0.0000000000
140 567.2774 0.0000166667
141 571.3534 0.0000500000
142 575.4314 0.0000000000
143 579.5103 0.0000166667
144 583.5870 0.0000000000
145 587.6629 0.0000000000
146 591.7403 0.0000000000
147 595.8174 0.0000166667
148 599.8985 0.0000000000
149 603.9807 0.0000166667
150 608.0620 0.0000166667
151 612.1447 0.0000166667
152 616.2250 0.0000166667
153 620.3057 0.0000500000
154 624.3861 0.0000166667
155 628.4654 0.0000333333
156 632.5480 0.0000000000
157 636.6284 0.0000000000
158 640.7093 0.0000000000
159 644.7879 0.0000166667
160 648.8746 0.0000000000
161 652.9561 0.0000000000
162 657.0356 0.0000000000
163 661.1140 0.0000000000
164 665.1940 0.0000166667
165 669.2718 0.0000000000
166 673.3521 0.0000000000
167 677.4303 0.0000166667
168 681.5106 0.0000166667
169 685.5890 0.0000166667
170 689.6667 0.0000000000
171 693.7454 0.0000000000
172 697.8265 0.0000000000
173 701.9104 0.0000000000
174 705.9903 0.0000000000
175 710.0670 0.0000000000
176 714.1484 0.0000000000
177 718.2504 0.0000000000
178 722.3307 0.0000000000
179 726.4089 0.0000000000
180 730.4944 0.0000000000
181 734.5763 0.0000166667
182 738.6566 0.0000166667
183 742.7360 0.0000000000
184 746.8154 0.0000000000
185 750.8947 0.0000000000
186 754.9742 0.0000000000
187 759.0526 0.0000166667
188 763.1324 0.0000166667
189 767.2120 0.0000000000
190 771.2910 0.0000000000
191 775.3690 0.0000166667
192 779.4493 0.0000000000
193 783.5325 0.0000000000
194 787.6189 0.0000000000
195 791.7250 0.0000000000
196 795.8157 0.0000166667
197 799.8937 0.0000000000
198 803.9726 0.0000000000
199 808.0516 0.0000000000
200 812.1312 0.0000000000
