1 0.0000 7.7900000000
2 1.9043 5.0100000000
3 3.8069 4.0300000000
4 5.7101 3.4400000000
5 7.6124 2.9700000000
6 9.5150 2.7600000000
7 11.4189 2.6200000000
8 13.3250 2.4800000000
9 15.2316 2.4700000000
10 17.1351 2.3500000000
11 19.0400 2.3800000000
12 20.9434 2.3200000000
13 22.8467 2.2500000000
14 24.7493 2.2200000000
15 26.6530 2.1900000000
16 28.5560 2.1500000000
17 30.4625 2.1500000000
18 32.3726 2.1200000000
19 34.2768 2.0800000000
20 36.1813 2.0700000000
21 38.0840 2.0600000000
22 39.9880 2.0900000000
23 41.8910 2.0600000000
24 43.7961 2.0500000000
25 45.6997 2.0200000000
26 47.6043 1.9800000000
27 49.5064 1.9400000000
28 51.4085 1.9300000000
29 53.3129 1.9100000000
30 55.2227 1.9000000000
31 57.1265 1.8900000000
32 59.0313 1.8400000000
33 60.9601 1.8100000000
34 62.8753 1.8000000000
35 64.7792 1.8200000000
36 66.6832 1.8200000000
37 68.5880 1.8100000000
38 70.4946 1.8100000000
39 72.4003 1.8100000000
40 74.3046 1.8300000000
41 76.2081 1.8300000000
42 78.1119 1.8100000000
43 80.0151 1.7800000000
44 81.9194 1.7600000000
45 83.8240 1.7600000000
46 85.7286 1.7600000000
47 87.6315 1.7700000000
48 89.5354 1.7700000000
49 91.4390 1.7700000000
50 93.3453 1.7700000000
51 95.2551 1.7700000000
52 97.1587 1.7700000000
53 99.0618 1.7800000000
54 100.9673 1.7800000000
55 102.8701 1.7800000000
56 104.7738 1.7900000000
57 106.6761 1.7800000000
58 108.5799 1.7800000000
59 110.4826 1.7800000000
60 112.3869 1.7800000000
61 114.2939 1.7800000000
62 116.2047 1.7800000000
63 118.1074 1.7600000000
64 120.0109 1.7500000000
65 121.9137 1.7500000000
66 123.8180 1.7600000000
67 125.7213 1.7500000000
68 127.6251 1.7500000000
69 129.5277 1.7500000000
70 131.4334 1.7400000000
71 133.3375 1.7300000000
72 135.2419 1.7200000000
73 137.1447 1.7100000000
74 139.0504 1.7100000000
75 140.9532 1.7000000000
76 142.8558 1.6900000000
77 144.7578 1.6900000000
78 146.6616 1.6900000000
79 148.5639 1.6900000000
80 150.4676 1.6900000000
81 152.3706 1.6900000000
82 154.2761 1.6900000000
83 156.1829 1.6800000000
84 158.0870 1.6800000000
85 159.9910 1.6800000000
86 161.8951 1.6700000000
87 163.7969 1.6800000000
88 165.7012 1.6800000000
89 167.6041 1.6800000000
90 169.5108 1.6900000000
91 171.4164 1.6900000000
92 173.3217 1.6900000000
93 175.2247 1.6900000000
94 177.1275 1.7000000000
95 179.0304 1.7000000000
96 180.9332 1.7000000000
97 182.8356 1.7100000000
98 184.7385 1.7100000000
99 186.6409 1.7000000000
100 188.5449 1.6900000000
101 190.4475 1.6900000000
102 192.3484 1.6900000000
103 194.2531 1.6900000000
104 196.1627 1.6900000000
105 198.0667 1.6900000000
106 199.9700 1.6900000000
107 201.8733 1.6900000000
108 203.7766 1.6900000000
109 205.6777 1.6900000000
110 207.5802 1.7000000000
111 209.4821 1.7000000000
112 211.3884 1.7000000000
113 213.2973 1.7000000000
114 215.2023 1.7000000000
115 217.1048 1.7100000000
116 219.0088 1.7200000000
117 220.9125 1.7200000000
118 222.8150 1.7200000000
119 224.7175 1.7200000000
120 226.6213 1.7200000000
121 228.5260 1.7200000000
122 230.4350 1.7200000000
123 232.3385 1.7200000000
124 234.2425 1.7200000000
125 236.1466 1.7200000000
126 238.0512 1.7200000000
127 239.9536 1.7300000000
128 241.8578 1.7300000000
129 243.7603 1.7300000000
130 245.6631 1.7300000000
131 247.5672 1.7300000000
132 249.4715 1.7300000000
133 251.3767 1.7300000000
134 253.2842 1.7300000000
135 255.1874 1.7300000000
136 257.0922 1.7400000000
137 258.9961 1.7400000000
138 260.8995 1.7400000000
139 262.8029 1.7400000000
140 264.7061 1.7400000000
141 266.6087 1.7400000000
142 268.5123 1.7400000000
143 270.4149 1.7400000000
144 272.3178 1.7400000000
145 274.2199 1.7400000000
146 276.1227 1.7400000000
147 278.0260 1.7400000000
148 279.9295 1.7400000000
149 281.8332 1.7300000000
150 283.7365 1.7300000000
151 285.6395 1.7300000000
152 287.5439 1.7300000000
153 289.4458 1.7300000000
154 291.3526 1.7400000000
155 293.2634 1.7400000000
156 295.1694 1.7400000000
157 297.0731 1.7400000000
158 298.9768 1.7400000000
159 300.8790 1.7400000000
160 302.7811 1.7400000000
161 304.6843 1.7400000000
162 306.5873 1.7400000000
163 308.4933 1.7300000000
164 310.4042 1.7300000000
165 312.3080 1.7200000000
166 314.2121 1.7200000000
167 316.1146 1.7200000000
168 318.0182 1.7200000000
169 319.9216 1.7200000000
170 321.8245 1.7200000000
171 323.7272 1.7200000000
172 325.6303 1.7200000000
173 327.5325 1.7200000000
174 329.4344 1.7200000000
175 331.3541 1.7300000000
176 333.2634 1.7300000000
177 335.1698 1.7300000000
178 337.0743 1.7300000000
179 338.9767 1.7300000000
180 340.8802 1.7300000000
181 342.7910 1.7300000000
182 344.7027 1.7300000000
183 346.6048 1.7300000000
184 348.5089 1.7300000000
185 350.4131 1.7300000000
186 352.3165 1.7300000000
187 354.2213 1.7300000000
188 356.1331 1.7300000000
189 358.0369 1.7300000000
190 359.9410 1.7300000000
191 361.8448 1.7300000000
192 363.7486 1.7300000000
193 365.6515 1.7200000000
194 367.5552 1.7200000000
195 369.4576 1.7200000000
196 371.3641 1.7000000000
197 373.2770 1.7000000000
198 375.1812 1.7000000000
199 377.0851 1.7000000000
200 378.9892 1.7000000000
