1 0.0000 4.6300000000
2 1.9266 3.2800000000
3 3.8394 2.8900000000
4 5.7534 2.6400000000
5 7.6664 2.4500000000
6 9.5806 2.2700000000
7 11.4986 2.2100000000
8 13.4143 2.1800000000
9 15.3404 2.2200000000
10 17.2555 2.1800000000
11 19.1702 2.1700000000
12 21.0852 2.1800000000
13 22.9994 2.1600000000
14 24.9133 2.1300000000
15 26.8261 2.1100000000
16 28.7408 2.1200000000
17 30.6547 2.0500000000
18 32.5705 2.0700000000
19 34.4876 2.0200000000
20 36.4014 2.0100000000
21 38.3146 2.0100000000
22 40.2266 1.9800000000
23 42.1387 1.9800000000
24 44.0518 1.9700000000
25 45.9664 1.9600000000
26 47.8804 1.9400000000
27 49.7922 1.9600000000
28 51.7185 1.9100000000
29 53.6298 1.9300000000
30 55.5427 1.9100000000
31 57.4540 1.9100000000
32 59.3655 1.9000000000
33 61.2768 1.8800000000
34 63.1885 1.9000000000
35 65.0990 1.9000000000
36 67.0114 1.8600000000
37 68.9229 1.8800000000
38 70.8347 1.8600000000
39 72.7465 1.8700000000
40 74.6574 1.8400000000
41 76.5683 1.8600000000
42 78.4846 1.8600000000
43 80.4017 1.8700000000
44 82.3168 1.8300000000
45 84.2323 1.8700000000
46 86.1582 1.8200000000
47 88.0707 1.8000000000
48 89.9859 1.7800000000
49 91.8977 1.7800000000
50 93.8112 1.7900000000
51 95.7246 1.7900000000
52 97.6387 1.7900000000
53 99.5511 1.7600000000
54 101.4672 1.7700000000
55 103.3845 1.7800000000
56 105.2990 1.7800000000
57 107.2129 1.7600000000
58 109.1289 1.7500000000
59 111.0417 1.7800000000
60 112.9551 1.7500000000
61 114.8677 1.7700000000
62 116.7808 1.7700000000
63 118.6938 1.7500000000
64 120.6066 1.7700000000
65 122.5197 1.7600000000
66 124.4367 1.7600000000
67 126.3520 1.7700000000
68 128.2655 1.7600000000
69 130.1784 1.7700000000
70 132.0918 1.7700000000
71 134.0043 1.7500000000
72 135.9176 1.7700000000
73 137.8292 1.7700000000
74 139.7416 1.7400000000
75 141.6539 1.7200000000
76 143.5692 1.7200000000
77 145.4819 1.7200000000
78 147.3975 1.7400000000
79 149.3168 1.7400000000
80 151.2316 1.7300000000
81 153.1453 1.7600000000
82 155.0592 1.7500000000
83 156.9719 1.7400000000
84 158.8859 1.7600000000
85 160.8108 1.7500000000
86 162.7254 1.7500000000
87 164.6376 1.7600000000
88 166.5516 1.7600000000
89 168.4645 1.7700000000
90 170.3805 1.7500000000
91 172.2972 1.7600000000
92 174.2125 1.7700000000
93 176.1267 1.7600000000
94 178.0410 1.7600000000
95 179.9527 1.7700000000
96 181.8662 1.7400000000
97 183.7797 1.7500000000
98 185.6944 1.7600000000
99 187.6113 1.7500000000
100 189.5286 1.7500000000
101 191.4412 1.7600000000
102 193.3572 1.7400000000
103 195.2766 1.7500000000
104 197.1908 1.7500000000
105 199.1064 1.7600000000
106 201.0190 1.7600000000
107 202.9329 1.7500000000
108 204.8459 1.7500000000
109 206.7589 1.7500000000
110 208.6722 1.7500000000
111 210.5853 1.7600000000
112 212.4989 1.7500000000
113 214.4123 1.7600000000
114 216.3253 1.7700000000
115 218.2385 1.7500000000
116 220.1512 1.7600000000
117 222.0639 1.7600000000
118 223.9781 1.7600000000
119 225.8906 1.7500000000
120 227.8045 1.7500000000
121 229.7163 1.7600000000
122 231.6349 1.7500000000
123 233.5507 1.7600000000
124 235.4680 1.7600000000
125 237.3813 1.7500000000
126 239.2964 1.7400000000
127 241.2111 1.7500000000
128 243.1253 1.7600000000
129 245.0382 1.7500000000
130 246.9519 1.7600000000
131 248.8641 1.7700000000
132 250.7769 1.7500000000
133 252.6897 1.7500000000
134 254.6037 1.7500000000
135 256.5184 1.7500000000
136 258.4346 1.7500000000
137 260.3484 1.7500000000
138 262.2619 1.7300000000
139 264.1737 1.7300000000
140 266.0857 1.7400000000
141 267.9977 1.7300000000
142 269.9087 1.7300000000
143 271.8210 1.7200000000
144 273.7339 1.7300000000
145 275.6451 1.7400000000
146 277.5565 1.7200000000
147 279.4716 1.7200000000
148 281.3899 1.7100000000
149 283.3042 1.7200000000
150 285.2185 1.7300000000
151 287.1328 1.7200000000
152 289.0459 1.7300000000
153 290.9598 1.7200000000
154 292.8734 1.7000000000
155 294.7873 1.7400000000
156 296.7018 1.7200000000
157 298.6148 1.7100000000
158 300.5331 1.7300000000
159 302.4470 1.7300000000
160 304.3609 1.7300000000
161 306.2741 1.7100000000
162 308.1862 1.7400000000
163 310.0985 1.7200000000
164 312.0122 1.7200000000
165 313.9247 1.7300000000
166 315.8373 1.7300000000
167 317.7504 1.7200000000
168 319.6648 1.7400000000
169 321.5778 1.7300000000
170 323.4913 1.7100000000
171 325.4070 1.7400000000
172 327.3261 1.7200000000
173 329.2400 1.7200000000
174 331.1541 1.7200000000
175 333.0683 1.7300000000
176 334.9833 1.7200000000
177 336.8986 1.7000000000
178 338.8135 1.7300000000
179 340.7274 1.7300000000
180 342.6406 1.7300000000
181 344.5526 1.7200000000
182 346.4657 1.7300000000
183 348.3821 1.7100000000
184 350.2972 1.7100000000
185 352.2097 1.7200000000
186 354.1228 1.7000000000
187 356.0343 1.7200000000
188 357.9477 1.7000000000
189 359.8605 1.6900000000
190 361.7740 1.7100000000
191 363.6858 1.6900000000
192 365.5979 1.7000000000
193 367.5097 1.7000000000
194 369.4229 1.7100000000
195 371.3373 1.7000000000
196 373.2530 1.7100000000
197 375.1678 1.7000000000
198 377.0768 1.7100000000
199 378.9810 1.7000000000
200 380.8867 1.6900000000
