1 0.0000 0.0715333333
2 1.9266 0.0326166667
3 3.8394 0.0216833333
4 5.7534 0.0163500000
5 7.6664 0.0128000000
6 9.5806 0.0095166667
7 11.4986 0.0071666667
8 13.4143 0.0053833333
9 15.3404 0.0037166667
10 17.2555 0.0027166667
11 19.1702 0.0020833333
12 21.0852 0.0014666667
13 22.9994 0.0011833333
14 24.9133 0.0009500000
15 26.8261 0.0007833333
16 28.7408 0.0006166667
17 30.6547 0.0005666667
18 32.5705 0.0004000000
19 34.4876 0.0003500000
20 36.4014 0.0003000000
21 38.3146 0.0002833333
22 40.2266 0.0002500000
23 42.1387 0.0001500000
24 44.0518 0.0001500000
25 45.9664 0.0001166667
26 47.8804 0.0001166667
27 49.7922 0.0001166667
28 51.7185 0.0001000000
29 53.6298 0.0001000000
30 55.5427 0.0000666667
31 57.4540 0.0000500000
32 59.3655 0.0000500000
33 61.2768 0.0000500000
34 63.1885 0.0000500000
35 65.0990 0.0000333333
36 67.0114 0.0000333333
37 68.9229 0.0000333333
38 70.8347 0.0000333333
39 72.7465 0.0000333333
40 74.6574 0.0000333333
41 76.5683 0.0000333333
42 78.4846 0.0000333333
43 80.4017 0.0000333333
44 82.3168 0.0000333333
45 84.2323 0.0000333333
46 86.1582 0.0000333333
47 88.0707 0.0000166667
48 89.9859 0.0000333333
49 91.8977 0.0000333333
50 93.8112 0.0000166667
51 95.7246 0.0000333333
52 97.6387 0.0000333333
53 99.5511 0.0000166667
54 101.4672 0.0000166667
55 103.3845 0.0000166667
56 105.2990 0.0000166667
57 107.2129 0.0000166667
58 109.1289 0.0000166667
59 111.0417 0.0000166667
60 112.9551 0.0000166667
61 114.8677 0.0000166667
62 116.7808 0.0000166667
63 118.6938 0.0000166667
64 120.6066 0.0000166667
65 122.5197 0.0000166667
66 124.4367 0.0000166667
67 126.3520 0.0000166667
68 128.2655 0.0000166667
69 130.1784 0.0000166667
70 132.0918 0.0000166667
71 134.0043 0.0000166667
72 135.9176 0.0000166667
73 137.8292 0.0000166667
74 139.7416 0.0000166667
75 141.6539 0.0000166667
76 143.5692 0.0000166667
77 145.4819 0.0000166667
78 147.3975 0.0000166667
79 149.3168 0.0000166667
80 151.2316 0.0000166667
81 153.1453 0.0000166667
82 155.0592 0.0000166667
83 156.9719 0.0000166667
84 158.8859 0.0000166667
85 160.8108 0.0000166667
86 162.7254 0.0000166667
87 164.6376 0.0000166667
88 166.5516 0.0000166667
89 168.4645 0.0000166667
90 170.3805 0.0000166667
91 172.2972 0.0000166667
92 174.2125 0.0000166667
93 176.1267 0.0000166667
94 178.0410 0.0000166667
95 179.9527 0.0000166667
96 181.8662 0.0000166667
97 183.7797 0.0000166667
98 185.6944 0.0000166667
99 187.6113 0.0000166667
100 189.5286 0.0000166667
101 191.4412 0.0000166667
102 193.3572 0.0000166667
103 195.2766 0.0000166667
104 197.1908 0.0000166667
105 199.1064 0.0000166667
106 201.0190 0.0000166667
107 202.9329 0.0000166667
108 204.8459 0.0000166667
109 206.7589 0.0000166667
110 208.6722 0.0000166667
111 210.5853 0.0000166667
112 212.4989 0.0000166667
113 214.4123 0.0000166667
114 216.3253 0.0000166667
115 218.2385 0.0000166667
116 220.1512 0.0000166667
117 222.0639 0.0000166667
118 223.9781 0.0000166667
119 225.8906 0.0000166667
120 227.8045 0.0000166667
121 229.7163 0.0000166667
122 231.6349 0.0000166667
123 233.5507 0.0000166667
124 235.4680 0.0000166667
125 237.3813 0.0000166667
126 239.2964 0.0000166667
127 241.2111 0.0000166667
128 243.1253 0.0000166667
129 245.0382 0.0000166667
130 246.9519 0.0000166667
131 248.8641 0.0000166667
132 250.7769 0.0000166667
133 252.6897 0.0000166667
134 254.6037 0.0000166667
135 256.5184 0.0000166667
136 258.4346 0.0000166667
137 260.3484 0.0000166667
138 262.2619 0.0000166667
139 264.1737 0.0000166667
140 266.0857 0.0000166667
141 267.9977 0.0000166667
142 269.9087 0.0000166667
143 271.8210 0.0000166667
144 273.7339 0.0000166667
145 275.6451 0.0000166667
146 277.5565 0.0000166667
147 279.4716 0.0000166667
148 281.3899 0.0000166667
149 283.3042 0.0000166667
150 285.2185 0.0000166667
151 287.1328 0.0000166667
152 289.0459 0.0000166667
153 290.9598 0.0000166667
154 292.8734 0.0000166667
155 294.7873 0.0000166667
156 296.7018 0.0000166667
157 298.6148 0.0000166667
158 300.5331 0.0000166667
159 302.4470 0.0000166667
160 304.3609 0.0000166667
161 306.2741 0.0000166667
162 308.1862 0.0000166667
163 310.0985 0.0000166667
164 312.0122 0.0000166667
165 313.9247 0.0000166667
166 315.8373 0.0000166667
167 317.7504 0.0000166667
168 319.6648 0.0000166667
169 321.5778 0.0000166667
170 323.4913 0.0000166667
171 325.4070 0.0000166667
172 327.3261 0.0000166667
173 329.2400 0.0000166667
174 331.1541 0.0000166667
175 333.0683 0.0000166667
176 334.9833 0.0000166667
177 336.8986 0.0000166667
178 338.8135 0.0000166667
179 340.7274 0.0000166667
180 342.6406 0.0000166667
181 344.5526 0.0000166667
182 346.4657 0.0000166667
183 348.3821 0.0000166667
184 350.2972 0.0000166667
185 352.2097 0.0000166667
186 354.1228 0.0000166667
187 356.0343 0.0000166667
188 357.9477 0.0000166667
189 359.8605 0.0000166667
190 361.7740 0.0000166667
191 363.6858 0.0000166667
192 365.5979 0.0000166667
193 367.5097 0.0000166667
194 369.4229 0.0000166667
195 371.3373 0.0000166667
196 373.2530 0.0000166667
197 375.1678 0.0000166667
198 377.0768 0.0000166667
199 378.9810 0.0000166667
200 380.8867 0.0000166667
