1 0.0000 7.7100000000
2 1.9247 5.0700000000
3 3.8505 3.9300000000
4 5.7675 3.2900000000
5 7.6841 3.0000000000
6 9.6002 2.7900000000
7 11.5172 2.6700000000
8 13.4353 2.5600000000
9 15.3617 2.4700000000
10 17.2825 2.4100000000
11 19.2019 2.3600000000
12 21.1213 2.3200000000
13 23.0403 2.2900000000
14 24.9602 2.2600000000
15 26.9079 2.2400000000
16 28.8258 2.2300000000
17 30.7461 2.2000000000
18 32.6652 2.1200000000
19 34.5835 2.1300000000
20 36.5027 2.1400000000
21 38.4201 2.1000000000
22 40.3376 2.0500000000
23 42.2547 2.0700000000
24 44.1746 2.0300000000
25 46.0932 1.9700000000
26 48.0123 1.9700000000
27 49.9305 1.9400000000
28 51.8495 1.9200000000
29 53.7672 1.9100000000
30 55.6859 1.9100000000
31 57.6029 1.9000000000
32 59.5246 1.8900000000
33 61.4430 1.8700000000
34 63.3610 1.8700000000
35 65.2763 1.8600000000
36 67.1919 1.8600000000
37 69.1082 1.8500000000
38 71.0249 1.8400000000
39 72.9405 1.8500000000
40 74.8570 1.8600000000
41 76.7738 1.8500000000
42 78.6891 1.8400000000
43 80.6046 1.8300000000
44 82.5221 1.8300000000
45 84.4383 1.8300000000
46 86.3545 1.8400000000
47 88.2707 1.8400000000
48 90.1940 1.8400000000
49 92.1097 1.8400000000
50 94.0252 1.8400000000
51 95.9416 1.8200000000
52 97.8590 1.8200000000
53 99.7756 1.8100000000
54 101.6926 1.8100000000
55 103.6089 1.8100000000
56 105.5237 1.8100000000
57 107.4379 1.8100000000
58 109.3531 1.8100000000
59 111.2689 1.8100000000
60 113.1849 1.8100000000
61 115.1003 1.8100000000
62 117.0169 1.8100000000
63 118.9320 1.8000000000
64 120.8473 1.8000000000
65 122.7632 1.7900000000
66 124.6787 1.8000000000
67 126.5943 1.8000000000
68 128.5117 1.8000000000
69 130.4271 1.7900000000
70 132.3437 1.7900000000
71 134.2624 1.7900000000
72 136.1850 1.7900000000
73 138.1021 1.7900000000
74 140.0197 1.7900000000
75 141.9350 1.7900000000
76 143.8507 1.7900000000
77 145.7659 1.7800000000
78 147.6810 1.7800000000
79 149.5973 1.7700000000
80 151.5170 1.7700000000
81 153.4342 1.7700000000
82 155.3509 1.7700000000
83 157.2698 1.7500000000
84 159.1896 1.7600000000
85 161.1049 1.7600000000
86 163.0215 1.7400000000
87 164.9363 1.7400000000
88 166.8537 1.7400000000
89 168.7701 1.7500000000
90 170.6864 1.7500000000
91 172.6018 1.7400000000
92 174.5173 1.7400000000
93 176.4339 1.7400000000
94 178.3492 1.7400000000
95 180.2673 1.7400000000
96 182.1916 1.7400000000
97 184.1089 1.7300000000
98 186.0244 1.7300000000
99 187.9415 1.7300000000
100 189.8569 1.7300000000
101 191.7723 1.7200000000
102 193.6881 1.7300000000
103 195.6036 1.7400000000
104 197.5198 1.7400000000
105 199.4360 1.7400000000
106 201.3519 1.7400000000
107 203.2706 1.7400000000
108 205.1975 1.7400000000
109 207.1167 1.7400000000
110 209.0369 1.7400000000
111 210.9573 1.7400000000
112 212.8746 1.7400000000
113 214.7924 1.7400000000
114 216.7122 1.7400000000
115 218.6302 1.7400000000
116 220.5477 1.7400000000
117 222.4675 1.7400000000
118 224.3877 1.7400000000
119 226.3092 1.7400000000
120 228.2301 1.7400000000
121 230.1449 1.7400000000
122 232.0618 1.7400000000
123 233.9762 1.7400000000
124 235.8920 1.7500000000
125 237.8082 1.7500000000
126 239.7249 1.7500000000
127 241.6413 1.7500000000
128 243.5569 1.7500000000
129 245.4722 1.7500000000
130 247.3889 1.7600000000
131 249.3073 1.7600000000
132 251.2258 1.7600000000
133 253.1422 1.7600000000
134 255.0602 1.7500000000
135 256.9743 1.7500000000
136 258.8892 1.7500000000
137 260.8032 1.7500000000
138 262.7189 1.7500000000
139 264.6353 1.7400000000
140 266.5502 1.7400000000
141 268.4656 1.7400000000
142 270.3822 1.7400000000
143 272.3000 1.7400000000
144 274.2290 1.7400000000
145 276.1474 1.7400000000
146 278.0667 1.7400000000
147 279.9827 1.7400000000
148 281.8995 1.7400000000
149 283.8156 1.7300000000
150 285.7320 1.7300000000
151 287.6486 1.7300000000
152 289.5667 1.7300000000
153 291.4850 1.7400000000
154 293.4010 1.7400000000
155 295.3199 1.7400000000
156 297.2406 1.7400000000
157 299.1579 1.7400000000
158 301.0759 1.7400000000
159 302.9921 1.7400000000
160 304.9084 1.7400000000
161 306.8232 1.7400000000
162 308.7394 1.7400000000
163 310.6549 1.7400000000
164 312.5705 1.7400000000
165 314.4850 1.7400000000
166 316.4006 1.7400000000
167 318.3168 1.7400000000
168 320.2335 1.7400000000
169 322.1500 1.7400000000
170 324.0659 1.7400000000
171 325.9827 1.7400000000
172 327.9001 1.7400000000
173 329.8145 1.7300000000
174 331.7288 1.7300000000
175 333.6438 1.7200000000
176 335.5590 1.7200000000
177 337.4741 1.7200000000
178 339.3896 1.7200000000
179 341.3080 1.7200000000
180 343.2316 1.7200000000
181 345.1492 1.7200000000
182 347.0673 1.7200000000
183 348.9708 1.7200000000
184 350.8749 1.7200000000
185 352.7786 1.7200000000
186 354.6824 1.7200000000
187 356.5843 1.7100000000
188 358.4884 1.7100000000
189 360.3956 1.7100000000
190 362.2986 1.7100000000
191 364.2040 1.7100000000
192 366.1141 1.7100000000
193 368.0172 1.7100000000
194 369.9213 1.7100000000
195 371.8249 1.7100000000
196 373.7286 1.7100000000
197 375.6314 1.7100000000
198 377.5339 1.7100000000
199 379.4362 1.7100000000
200 381.3412 1.7100000000
