1 0.0000 7.8200000000
2 1.9113 4.9000000000
3 3.8203 3.8800000000
4 5.7298 3.5100000000
5 7.6391 3.1100000000
6 9.5493 2.8000000000
7 11.4601 2.7200000000
8 13.3722 2.5600000000
9 15.2826 2.5300000000
10 17.1936 2.4200000000
11 19.1039 2.3400000000
12 21.0167 2.2900000000
13 22.9276 2.2400000000
14 24.8388 2.2300000000
15 26.7489 2.2000000000
16 28.6586 2.1800000000
17 30.5713 2.1200000000
18 32.4818 2.0700000000
19 34.3920 2.1100000000
20 36.3040 2.1100000000
21 38.2162 2.0800000000
22 40.1272 2.0900000000
23 42.0377 2.0600000000
24 43.9479 2.0400000000
25 45.8583 2.0500000000
26 47.7682 1.9700000000
27 49.6795 1.9400000000
28 51.5902 1.9300000000
29 53.5011 1.9200000000
30 55.4125 1.8900000000
31 57.3226 1.9000000000
32 59.2327 1.8900000000
33 61.1430 1.8800000000
34 63.0549 1.8900000000
35 64.9650 1.9000000000
36 66.9029 1.9000000000
37 68.8133 1.8900000000
38 70.7229 1.8800000000
39 72.6356 1.8800000000
40 74.5462 1.8700000000
41 76.4568 1.8500000000
42 78.3681 1.8400000000
43 80.2780 1.8400000000
44 82.1873 1.8400000000
45 84.0979 1.8400000000
46 86.0086 1.8200000000
47 87.9193 1.8200000000
48 89.8321 1.8000000000
49 91.7427 1.7900000000
50 93.6527 1.7800000000
51 95.5633 1.7900000000
52 97.4734 1.7900000000
53 99.3835 1.7800000000
54 101.2935 1.7800000000
55 103.2032 1.7800000000
56 105.1140 1.7700000000
57 107.0246 1.7600000000
58 108.9353 1.7600000000
59 110.8458 1.7600000000
60 112.7571 1.7700000000
61 114.6661 1.7600000000
62 116.5777 1.7600000000
63 118.4883 1.7600000000
64 120.3986 1.7500000000
65 122.3091 1.7600000000
66 124.2194 1.7600000000
67 126.1291 1.7500000000
68 128.0394 1.7500000000
69 129.9495 1.7500000000
70 131.8606 1.7600000000
71 133.7702 1.7600000000
72 135.6897 1.7600000000
73 137.6011 1.7500000000
74 139.5122 1.7500000000
75 141.4224 1.7500000000
76 143.3333 1.7500000000
77 145.2440 1.7500000000
78 147.1558 1.7500000000
79 149.0668 1.7500000000
80 150.9761 1.7600000000
81 152.8857 1.7600000000
82 154.7967 1.7500000000
83 156.7057 1.7500000000
84 158.6170 1.7500000000
85 160.5279 1.7500000000
86 162.4390 1.7400000000
87 164.3494 1.7300000000
88 166.2601 1.7300000000
89 168.1698 1.7300000000
90 170.0815 1.7300000000
91 171.9931 1.7200000000
92 173.9046 1.7200000000
93 175.8143 1.7200000000
94 177.7254 1.7200000000
95 179.6350 1.7200000000
96 181.5456 1.7200000000
97 183.4557 1.7100000000
98 185.3678 1.7100000000
99 187.2777 1.7200000000
100 189.1892 1.7200000000
101 191.0997 1.7300000000
102 193.0109 1.7400000000
103 194.9212 1.7400000000
104 196.8320 1.7400000000
105 198.7426 1.7400000000
106 200.6534 1.7400000000
107 202.5625 1.7400000000
108 204.4760 1.7400000000
109 206.3878 1.7400000000
110 208.2992 1.7300000000
111 210.2099 1.7300000000
112 212.1209 1.7300000000
113 214.0312 1.7300000000
114 215.9420 1.7300000000
115 217.8541 1.7300000000
116 219.7653 1.7300000000
117 221.6783 1.7300000000
118 223.5891 1.7300000000
119 225.4984 1.7400000000
120 227.4091 1.7400000000
121 229.3197 1.7400000000
122 231.2298 1.7400000000
123 233.1419 1.7400000000
124 235.0519 1.7400000000
125 236.9607 1.7500000000
126 238.8709 1.7600000000
127 240.7821 1.7600000000
128 242.6934 1.7700000000
129 244.6034 1.7700000000
130 246.5147 1.7700000000
131 248.4256 1.7700000000
132 250.3364 1.7700000000
133 252.2478 1.7700000000
134 254.1580 1.7700000000
135 256.0685 1.7700000000
136 257.9798 1.7700000000
137 259.8903 1.7700000000
138 261.7999 1.7700000000
139 263.7087 1.7700000000
140 265.6208 1.7700000000
141 267.5314 1.7700000000
142 269.4423 1.7700000000
143 271.3523 1.7700000000
144 273.2629 1.7700000000
145 275.1728 1.7700000000
146 277.0832 1.7700000000
147 278.9939 1.7700000000
148 280.9050 1.7700000000
149 282.8158 1.7700000000
150 284.7268 1.7700000000
151 286.6379 1.7700000000
152 288.5497 1.7700000000
153 290.4591 1.7700000000
154 292.3691 1.7700000000
155 294.2799 1.7700000000
156 296.1896 1.7700000000
157 298.1007 1.7700000000
158 300.0127 1.7700000000
159 301.9247 1.7700000000
160 303.8351 1.7700000000
161 305.7453 1.7700000000
162 307.6552 1.7700000000
163 309.5668 1.7700000000
164 311.4789 1.7700000000
165 313.3903 1.7700000000
166 315.3019 1.7700000000
167 317.2123 1.7700000000
168 319.1227 1.7700000000
169 321.0335 1.7700000000
170 322.9443 1.7700000000
171 324.8549 1.7800000000
172 326.7664 1.7800000000
173 328.6770 1.7800000000
174 330.5882 1.7800000000
175 332.4970 1.7800000000
176 334.4082 1.7800000000
177 336.3192 1.7800000000
178 338.2297 1.7700000000
179 340.1400 1.7700000000
180 342.0503 1.7700000000
181 343.9599 1.7700000000
182 345.8717 1.7600000000
183 347.7825 1.7600000000
184 349.6925 1.7600000000
185 351.6035 1.7600000000
186 353.5150 1.7600000000
187 355.4262 1.7600000000
188 357.3371 1.7600000000
189 359.2484 1.7600000000
190 361.1683 1.7600000000
191 363.0783 1.7600000000
192 364.9900 1.7500000000
193 366.9011 1.7500000000
194 368.8125 1.7500000000
195 370.7225 1.7500000000
196 372.6330 1.7500000000
197 374.5426 1.7500000000
198 376.4529 1.7500000000
199 378.3644 1.7500000000
200 380.2749 1.7500000000
