1 0.0000 4.6300000000
2 1.9269 3.3500000000
3 3.8490 2.8200000000
4 5.7708 2.5500000000
5 7.6937 2.3700000000
6 9.6153 2.3600000000
7 11.5364 2.2900000000
8 13.4574 2.2500000000
9 15.3782 2.2400000000
10 17.2998 2.1700000000
11 19.2219 2.1800000000
12 21.1437 2.1300000000
13 23.0643 2.0500000000
14 24.9855 2.0200000000
15 26.9060 2.0200000000
16 28.8295 2.0000000000
17 30.7567 1.9700000000
18 32.6790 1.9500000000
19 34.5993 1.9200000000
20 36.5221 1.8800000000
21 38.4564 1.8600000000
22 40.3795 1.8600000000
23 42.3010 1.8300000000
24 44.2217 1.8400000000
25 46.1430 1.8300000000
26 48.0634 1.8400000000
27 49.9857 1.8400000000
28 51.9075 1.8500000000
29 53.8273 1.8500000000
30 55.7486 1.8400000000
31 57.6697 1.8500000000
32 59.5910 1.8300000000
33 61.5123 1.8300000000
34 63.4337 1.8100000000
35 65.3540 1.8000000000
36 67.2754 1.7900000000
37 69.1964 1.7800000000
38 71.1180 1.7800000000
39 73.0387 1.7800000000
40 74.9597 1.7800000000
41 76.8792 1.7700000000
42 78.8001 1.7700000000
43 80.7215 1.7700000000
44 82.6430 1.7700000000
45 84.5637 1.7700000000
46 86.4847 1.7600000000
47 88.4054 1.7600000000
48 90.3270 1.7600000000
49 92.2484 1.7500000000
50 94.1688 1.7300000000
51 96.0884 1.7300000000
52 98.0094 1.7300000000
53 99.9304 1.7300000000
54 101.8514 1.7200000000
55 103.7722 1.7100000000
56 105.6941 1.7100000000
57 107.6226 1.7100000000
58 109.5444 1.7000000000
59 111.4663 1.7000000000
60 113.3884 1.7200000000
61 115.3103 1.7100000000
62 117.2313 1.7100000000
63 119.1520 1.7100000000
64 121.0754 1.7100000000
65 122.9964 1.7100000000
66 124.9213 1.7100000000
67 126.8435 1.7100000000
68 128.7648 1.7000000000
69 130.6860 1.7100000000
70 132.6087 1.7000000000
71 134.5298 1.7200000000
72 136.4510 1.7100000000
73 138.3731 1.7200000000
74 140.2948 1.7100000000
75 142.2157 1.7100000000
76 144.1371 1.7100000000
77 146.0580 1.7000000000
78 147.9791 1.6900000000
79 149.9001 1.7100000000
80 151.8230 1.7100000000
81 153.7447 1.7100000000
82 155.6687 1.7000000000
83 157.5963 1.7100000000
84 159.5191 1.7100000000
85 161.4406 1.7100000000
86 163.3628 1.7100000000
87 165.2849 1.7000000000
88 167.2081 1.7000000000
89 169.1291 1.7100000000
90 171.0530 1.7000000000
91 172.9743 1.7100000000
92 174.8959 1.7100000000
93 176.8158 1.7100000000
94 178.7412 1.7100000000
95 180.6606 1.7000000000
96 182.5820 1.7000000000
97 184.5022 1.6900000000
98 186.4244 1.6900000000
99 188.3464 1.6900000000
100 190.2687 1.6900000000
101 192.1897 1.6800000000
102 194.1110 1.6800000000
103 196.0330 1.6800000000
104 197.9544 1.6800000000
105 199.8768 1.6800000000
106 201.7990 1.6800000000
107 203.7206 1.6800000000
108 205.6425 1.6800000000
109 207.5636 1.6800000000
110 209.4846 1.6800000000
111 211.4070 1.6800000000
112 213.3297 1.6700000000
113 215.2506 1.6700000000
114 217.1732 1.6700000000
115 219.0993 1.6700000000
116 221.0214 1.6700000000
117 222.9423 1.6700000000
118 224.8644 1.6700000000
119 226.7859 1.6700000000
120 228.7073 1.6700000000
121 230.6319 1.6700000000
122 232.5601 1.6700000000
123 234.4826 1.6700000000
124 236.4054 1.6800000000
125 238.3281 1.6800000000
126 240.2503 1.6700000000
127 242.1724 1.6700000000
128 244.0949 1.6700000000
129 246.0164 1.6700000000
130 247.9407 1.6700000000
131 249.8648 1.6700000000
132 251.7872 1.6800000000
133 253.7084 1.6800000000
134 255.6317 1.6800000000
135 257.5541 1.6800000000
136 259.4764 1.6700000000
137 261.3977 1.6800000000
138 263.3200 1.6800000000
139 265.2425 1.6800000000
140 267.1648 1.6800000000
141 269.0866 1.6700000000
142 271.0124 1.6700000000
143 272.9384 1.6800000000
144 274.8638 1.6800000000
145 276.7844 1.6800000000
146 278.7081 1.6800000000
147 280.6298 1.6800000000
148 282.5525 1.6800000000
149 284.4761 1.6800000000
150 286.3991 1.6800000000
151 288.3349 1.6800000000
152 290.2574 1.6800000000
153 292.1790 1.6800000000
154 294.1021 1.6800000000
155 296.0254 1.6800000000
156 297.9481 1.6800000000
157 299.8698 1.6800000000
158 301.7928 1.6800000000
159 303.7147 1.6800000000
160 305.6404 1.6800000000
161 307.5713 1.6800000000
162 309.4944 1.6800000000
163 311.4171 1.6800000000
164 313.3397 1.6800000000
165 315.2630 1.6800000000
166 317.1873 1.6800000000
167 319.1094 1.6800000000
168 321.0318 1.6800000000
169 322.9555 1.6800000000
170 324.8790 1.6800000000
171 326.7999 1.6800000000
172 328.7226 1.6800000000
173 330.6460 1.6800000000
174 332.5680 1.6800000000
175 334.4902 1.6800000000
176 336.4123 1.6800000000
177 338.3357 1.6800000000
178 340.2585 1.6800000000
179 342.1808 1.6800000000
180 344.1046 1.6800000000
181 346.0275 1.6800000000
182 347.9510 1.6800000000
183 349.8731 1.6800000000
184 351.7964 1.6800000000
185 353.7193 1.6800000000
186 355.6417 1.6800000000
187 357.5641 1.6800000000
188 359.4884 1.6800000000
189 361.4111 1.6800000000
190 363.3333 1.6800000000
191 365.2565 1.6800000000
192 367.1794 1.6800000000
193 369.1014 1.6800000000
194 371.0247 1.6800000000
195 372.9473 1.6800000000
196 374.8702 1.6800000000
197 376.7935 1.6800000000
198 378.7167 1.6800000000
199 380.6388 1.6800000000
200 382.5617 1.6800000000
