1 0.0000 4.6400000000
2 1.9166 3.2600000000
3 3.8258 2.8900000000
4 5.7363 2.6100000000
5 7.6468 2.3700000000
6 9.5560 2.2600000000
7 11.4653 2.1900000000
8 13.3753 2.1500000000
9 15.2838 2.0900000000
10 17.1938 2.0500000000
11 19.1026 2.0200000000
12 21.0125 2.0300000000
13 22.9223 2.0200000000
14 24.8313 2.0100000000
15 26.7398 2.0200000000
16 28.6489 2.0000000000
17 30.5610 1.9500000000
18 32.4749 1.9400000000
19 34.3853 1.9200000000
20 36.2970 1.8900000000
21 38.2075 1.8500000000
22 40.1191 1.8400000000
23 42.0303 1.8100000000
24 43.9400 1.7900000000
25 45.8500 1.7700000000
26 47.7625 1.7500000000
27 49.6718 1.7400000000
28 51.5832 1.7600000000
29 53.4931 1.7400000000
30 55.4031 1.7300000000
31 57.3132 1.7200000000
32 59.2235 1.7300000000
33 61.1346 1.7700000000
34 63.0454 1.7400000000
35 64.9558 1.7600000000
36 66.8666 1.7400000000
37 68.7770 1.7700000000
38 70.6880 1.7300000000
39 72.5992 1.7500000000
40 74.5089 1.7400000000
41 76.4198 1.7300000000
42 78.3307 1.7500000000
43 80.2422 1.7300000000
44 82.1530 1.7400000000
45 84.0642 1.7400000000
46 85.9749 1.7500000000
47 87.8858 1.7400000000
48 89.7960 1.7500000000
49 91.7060 1.7400000000
50 93.6191 1.7400000000
51 95.5375 1.7600000000
52 97.4480 1.7300000000
53 99.3604 1.7300000000
54 101.2722 1.7400000000
55 103.1845 1.7300000000
56 105.0953 1.7400000000
57 107.0061 1.7500000000
58 108.9182 1.7200000000
59 110.8296 1.7300000000
60 112.7410 1.7100000000
61 114.6512 1.7300000000
62 116.5622 1.7400000000
63 118.4724 1.7200000000
64 120.3817 1.7400000000
65 122.2925 1.7100000000
66 124.2021 1.7300000000
67 126.1130 1.7200000000
68 128.0242 1.7500000000
69 129.9346 1.7200000000
70 131.8456 1.7400000000
71 133.7557 1.7300000000
72 135.6653 1.7300000000
73 137.5748 1.7400000000
74 139.4860 1.7400000000
75 141.3952 1.7200000000
76 143.3049 1.7300000000
77 145.2146 1.7400000000
78 147.1246 1.7200000000
79 149.0350 1.7300000000
80 150.9457 1.7300000000
81 152.8562 1.7300000000
82 154.7662 1.7200000000
83 156.6764 1.7300000000
84 158.5867 1.7400000000
85 160.4963 1.7300000000
86 162.4061 1.7100000000
87 164.3154 1.7400000000
88 166.2254 1.7300000000
89 168.1364 1.7400000000
90 170.0470 1.7400000000
91 171.9579 1.7300000000
92 173.8681 1.7400000000
93 175.7804 1.7200000000
94 177.7122 1.7200000000
95 179.6236 1.7200000000
96 181.5348 1.7400000000
97 183.4457 1.7200000000
98 185.3559 1.7200000000
99 187.2664 1.7200000000
100 189.1765 1.7300000000
101 191.0888 1.7400000000
102 193.0001 1.7200000000
103 194.9105 1.7400000000
104 196.8218 1.7200000000
105 198.7324 1.7200000000
106 200.6432 1.7300000000
107 202.5533 1.7200000000
108 204.4638 1.7200000000
109 206.3735 1.7300000000
110 208.2872 1.7200000000
111 210.1986 1.7100000000
112 212.1100 1.7400000000
113 214.0208 1.7100000000
114 215.9312 1.7200000000
115 217.8414 1.7100000000
116 219.7528 1.7200000000
117 221.6623 1.7100000000
118 223.5714 1.7300000000
119 225.4822 1.7400000000
120 227.3938 1.7200000000
121 229.3041 1.7300000000
122 231.2147 1.7400000000
123 233.1239 1.7200000000
124 235.0329 1.7200000000
125 236.9422 1.7200000000
126 238.8512 1.7300000000
127 240.7604 1.7400000000
128 242.6704 1.7200000000
129 244.5808 1.7400000000
130 246.4933 1.7100000000
131 248.4035 1.7400000000
132 250.3132 1.7300000000
133 252.2234 1.7200000000
134 254.1343 1.7200000000
135 256.0449 1.7200000000
136 257.9558 1.7300000000
137 259.8657 1.7300000000
138 261.7766 1.7100000000
139 263.6869 1.7200000000
140 265.5978 1.7200000000
141 267.5076 1.7200000000
142 269.4179 1.7200000000
143 271.3281 1.7200000000
144 273.2408 1.7100000000
145 275.1510 1.7200000000
146 277.0619 1.7200000000
147 278.9731 1.7300000000
148 280.8838 1.7200000000
149 282.7940 1.7200000000
150 284.7032 1.7200000000
151 286.6138 1.7100000000
152 288.5292 1.7400000000
153 290.4412 1.7200000000
154 292.3529 1.7300000000
155 294.2629 1.7300000000
156 296.1731 1.7200000000
157 298.0826 1.7300000000
158 299.9941 1.7300000000
159 301.9046 1.7100000000
160 303.8155 1.7100000000
161 305.7272 1.7300000000
162 307.6384 1.7300000000
163 309.5484 1.7200000000
164 311.4597 1.7200000000
165 313.3712 1.7300000000
166 315.2816 1.7300000000
167 317.1952 1.7200000000
168 319.1054 1.7100000000
169 321.0171 1.7400000000
170 322.9269 1.7300000000
171 324.8367 1.7200000000
172 326.7461 1.7300000000
173 328.6574 1.7300000000
174 330.5669 1.7200000000
175 332.4773 1.7300000000
176 334.3866 1.7200000000
177 336.2971 1.7400000000
178 338.2078 1.7200000000
179 340.1163 1.7200000000
180 342.0259 1.7200000000
181 343.9357 1.7100000000
182 345.8459 1.7300000000
183 347.7563 1.7200000000
184 349.6652 1.7100000000
185 351.5764 1.7300000000
186 353.4870 1.7000000000
187 355.3966 1.7300000000
188 357.3069 1.7200000000
189 359.2167 1.7200000000
190 361.1292 1.7300000000
191 363.0405 1.7100000000
192 364.9519 1.7200000000
193 366.8614 1.7200000000
194 368.7722 1.7100000000
195 370.6814 1.7100000000
196 372.5926 1.7200000000
197 374.5040 1.7100000000
198 376.4128 1.7200000000
199 378.3232 1.7000000000
200 380.2338 1.7200000000
