1 0.0000 0.0712833333
2 1.9166 0.0319666667
3 3.8258 0.0215833333
4 5.7363 0.0161500000
5 7.6468 0.0123000000
6 9.5560 0.0094000000
7 11.4653 0.0068500000
8 13.3753 0.0051500000
9 15.2838 0.0039000000
10 17.1938 0.0028833333
11 19.1026 0.0020666667
12 21.0125 0.0017000000
13 22.9223 0.0013166667
14 24.8313 0.0010833333
15 26.7398 0.0009000000
16 28.6489 0.0007333333
17 30.5610 0.0005333333
18 32.4749 0.0004333333
19 34.3853 0.0003666667
20 36.2970 0.0002666667
21 38.2075 0.0002500000
22 40.1191 0.0002500000
23 42.0303 0.0001833333
24 43.9400 0.0001333333
25 45.8500 0.0001333333
26 47.7625 0.0001166667
27 49.6718 0.0001166667
28 51.5832 0.0001166667
29 53.4931 0.0001166667
30 55.4031 0.0001166667
31 57.3132 0.0001166667
32 59.2235 0.0001000000
33 61.1346 0.0001000000
34 63.0454 0.0000500000
35 64.9558 0.0000500000
36 66.8666 0.0000500000
37 68.7770 0.0000500000
38 70.6880 0.0000500000
39 72.5992 0.0000500000
40 74.5089 0.0000500000
41 76.4198 0.0000500000
42 78.3307 0.0000500000
43 80.2422 0.0000333333
44 82.1530 0.0000333333
45 84.0642 0.0000333333
46 85.9749 0.0000333333
47 87.8858 0.0000333333
48 89.7960 0.0000333333
49 91.7060 0.0000333333
50 93.6191 0.0000333333
51 95.5375 0.0000333333
52 97.4480 0.0000333333
53 99.3604 0.0000333333
54 101.2722 0.0000333333
55 103.1845 0.0000333333
56 105.0953 0.0000333333
57 107.0061 0.0000333333
58 108.9182 0.0000333333
59 110.8296 0.0000333333
60 112.7410 0.0000333333
61 114.6512 0.0000333333
62 116.5622 0.0000333333
63 118.4724 0.0000333333
64 120.3817 0.0000333333
65 122.2925 0.0000333333
66 124.2021 0.0000333333
67 126.1130 0.0000333333
68 128.0242 0.0000333333
69 129.9346 0.0000333333
70 131.8456 0.0000333333
71 133.7557 0.0000333333
72 135.6653 0.0000333333
73 137.5748 0.0000333333
74 139.4860 0.0000333333
75 141.3952 0.0000333333
76 143.3049 0.0000333333
77 145.2146 0.0000333333
78 147.1246 0.0000333333
79 149.0350 0.0000333333
80 150.9457 0.0000333333
81 152.8562 0.0000333333
82 154.7662 0.0000333333
83 156.6764 0.0000333333
84 158.5867 0.0000333333
85 160.4963 0.0000333333
86 162.4061 0.0000333333
87 164.3154 0.0000333333
88 166.2254 0.0000333333
89 168.1364 0.0000166667
90 170.0470 0.0000333333
91 171.9579 0.0000333333
92 173.8681 0.0000333333
93 175.7804 0.0000333333
94 177.7122 0.0000333333
95 179.6236 0.0000333333
96 181.5348 0.0000333333
97 183.4457 0.0000333333
98 185.3559 0.0000166667
99 187.2664 0.0000333333
100 189.1765 0.0000333333
101 191.0888 0.0000333333
102 193.0001 0.0000333333
103 194.9105 0.0000333333
104 196.8218 0.0000333333
105 198.7324 0.0000166667
106 200.6432 0.0000333333
107 202.5533 0.0000166667
108 204.4638 0.0000333333
109 206.3735 0.0000166667
110 208.2872 0.0000333333
111 210.1986 0.0000333333
112 212.1100 0.0000333333
113 214.0208 0.0000166667
114 215.9312 0.0000333333
115 217.8414 0.0000333333
116 219.7528 0.0000166667
117 221.6623 0.0000166667
118 223.5714 0.0000166667
119 225.4822 0.0000333333
120 227.3938 0.0000333333
121 229.3041 0.0000166667
122 231.2147 0.0000166667
123 233.1239 0.0000333333
124 235.0329 0.0000333333
125 236.9422 0.0000166667
126 238.8512 0.0000166667
127 240.7604 0.0000166667
128 242.6704 0.0000333333
129 244.5808 0.0000166667
130 246.4933 0.0000333333
131 248.4035 0.0000333333
132 250.3132 0.0000166667
133 252.2234 0.0000166667
134 254.1343 0.0000166667
135 256.0449 0.0000166667
136 257.9558 0.0000166667
137 259.8657 0.0000166667
138 261.7766 0.0000166667
139 263.6869 0.0000333333
140 265.5978 0.0000166667
141 267.5076 0.0000166667
142 269.4179 0.0000166667
143 271.3281 0.0000166667
144 273.2408 0.0000166667
145 275.1510 0.0000333333
146 277.0619 0.0000166667
147 278.9731 0.0000166667
148 280.8838 0.0000166667
149 282.7940 0.0000166667
150 284.7032 0.0000333333
151 286.6138 0.0000166667
152 288.5292 0.0000166667
153 290.4412 0.0000166667
154 292.3529 0.0000166667
155 294.2629 0.0000166667
156 296.1731 0.0000166667
157 298.0826 0.0000166667
158 299.9941 0.0000166667
159 301.9046 0.0000333333
160 303.8155 0.0000166667
161 305.7272 0.0000166667
162 307.6384 0.0000166667
163 309.5484 0.0000166667
164 311.4597 0.0000166667
165 313.3712 0.0000166667
166 315.2816 0.0000166667
167 317.1952 0.0000166667
168 319.1054 0.0000166667
169 321.0171 0.0000166667
170 322.9269 0.0000166667
171 324.8367 0.0000166667
172 326.7461 0.0000166667
173 328.6574 0.0000166667
174 330.5669 0.0000166667
175 332.4773 0.0000166667
176 334.3866 0.0000166667
177 336.2971 0.0000333333
178 338.2078 0.0000166667
179 340.1163 0.0000166667
180 342.0259 0.0000166667
181 343.9357 0.0000166667
182 345.8459 0.0000166667
183 347.7563 0.0000166667
184 349.6652 0.0000166667
185 351.5764 0.0000166667
186 353.4870 0.0000166667
187 355.3966 0.0000166667
188 357.3069 0.0000166667
189 359.2167 0.0000166667
190 361.1292 0.0000166667
191 363.0405 0.0000166667
192 364.9519 0.0000166667
193 366.8614 0.0000166667
194 368.7722 0.0000166667
195 370.6814 0.0000166667
196 372.5926 0.0000166667
197 374.5040 0.0000166667
198 376.4128 0.0000166667
199 378.3232 0.0000166667
200 380.2338 0.0000166667
