1 0.0000 7.9400000000
2 1.9257 5.2900000000
3 3.8703 4.1500000000
4 5.7935 3.4700000000
5 7.7190 3.0100000000
6 9.6432 2.8000000000
7 11.5654 2.6900000000
8 13.4880 2.5500000000
9 15.4116 2.4800000000
10 17.3349 2.4400000000
11 19.2572 2.4000000000
12 21.1796 2.3600000000
13 23.1027 2.3100000000
14 25.0260 2.2800000000
15 26.9486 2.2000000000
16 28.8720 2.1800000000
17 30.7965 2.1500000000
18 32.7229 2.1300000000
19 34.6458 2.1400000000
20 36.5691 2.1500000000
21 38.4909 2.1400000000
22 40.4150 2.1200000000
23 42.3384 2.1000000000
24 44.2609 2.0900000000
25 46.1834 2.0500000000
26 48.1062 2.0200000000
27 50.0274 2.0100000000
28 51.9494 1.9600000000
29 53.8741 1.9600000000
30 55.8040 1.9800000000
31 57.7274 1.9400000000
32 59.6515 1.9200000000
33 61.5746 1.9400000000
34 63.4986 1.9300000000
35 65.4227 1.9200000000
36 67.3457 1.9200000000
37 69.2688 1.9100000000
38 71.1908 1.9000000000
39 73.1141 1.9000000000
40 75.0381 1.8900000000
41 76.9640 1.8700000000
42 78.8940 1.8700000000
43 80.8177 1.8500000000
44 82.7405 1.8300000000
45 84.6633 1.8400000000
46 86.5868 1.8400000000
47 88.5090 1.8300000000
48 90.4317 1.8200000000
49 92.3555 1.8200000000
50 94.2786 1.8200000000
51 96.2001 1.8100000000
52 98.1241 1.8100000000
53 100.0459 1.8000000000
54 101.9678 1.7900000000
55 103.8905 1.7900000000
56 105.8172 1.7800000000
57 107.7427 1.8000000000
58 109.6660 1.8000000000
59 111.5899 1.8000000000
60 113.5158 1.8000000000
61 115.4397 1.8000000000
62 117.3642 1.8000000000
63 119.2867 1.8000000000
64 121.2077 1.8000000000
65 123.1304 1.7900000000
66 125.0531 1.7800000000
67 126.9732 1.7800000000
68 128.9000 1.7700000000
69 130.8373 1.7600000000
70 132.7586 1.7600000000
71 134.6810 1.7600000000
72 136.6035 1.7700000000
73 138.5253 1.7700000000
74 140.4471 1.7700000000
75 142.3688 1.7600000000
76 144.2908 1.7600000000
77 146.2124 1.7600000000
78 148.1333 1.7600000000
79 150.0710 1.7600000000
80 151.9947 1.7600000000
81 153.9189 1.7700000000
82 155.8411 1.7700000000
83 157.7661 1.7700000000
84 159.6913 1.7800000000
85 161.6144 1.7700000000
86 163.5394 1.7700000000
87 165.4631 1.7600000000
88 167.3864 1.7600000000
89 169.3095 1.7600000000
90 171.2329 1.7600000000
91 173.1550 1.7600000000
92 175.0777 1.7600000000
93 177.0016 1.7700000000
94 178.9258 1.7500000000
95 180.8511 1.7500000000
96 182.7802 1.7500000000
97 184.7060 1.7500000000
98 186.6302 1.7600000000
99 188.5534 1.7600000000
100 190.4770 1.7600000000
101 192.3999 1.7600000000
102 194.3237 1.7600000000
103 196.2465 1.7600000000
104 198.1701 1.7600000000
105 200.0930 1.7600000000
106 202.0168 1.7600000000
107 203.9418 1.7600000000
108 205.8759 1.7500000000
109 207.8016 1.7500000000
110 209.7280 1.7600000000
111 211.6552 1.7600000000
112 213.5804 1.7600000000
113 215.5058 1.7600000000
114 217.4305 1.7500000000
115 219.3545 1.7500000000
116 221.2795 1.7500000000
117 223.2052 1.7500000000
118 225.1297 1.7500000000
119 227.0544 1.7500000000
120 228.9794 1.7500000000
121 230.9053 1.7400000000
122 232.8337 1.7500000000
123 234.7625 1.7500000000
124 236.6876 1.7500000000
125 238.6097 1.7500000000
126 240.5344 1.7500000000
127 242.4587 1.7500000000
128 244.3826 1.7500000000
129 246.3059 1.7500000000
130 248.2304 1.7500000000
131 250.1530 1.7500000000
132 252.0764 1.7500000000
133 254.0004 1.7500000000
134 255.9271 1.7500000000
135 257.8549 1.7500000000
136 259.7806 1.7500000000
137 261.7065 1.7600000000
138 263.6320 1.7600000000
139 265.5567 1.7600000000
140 267.4823 1.7600000000
141 269.4058 1.7600000000
142 271.3314 1.7600000000
143 273.2571 1.7600000000
144 275.1822 1.7600000000
145 277.1061 1.7600000000
146 279.0304 1.7600000000
147 280.9554 1.7600000000
148 282.8803 1.7600000000
149 284.8075 1.7600000000
150 286.7341 1.7600000000
151 288.6579 1.7600000000
152 290.5823 1.7600000000
153 292.5047 1.7600000000
154 294.4284 1.7600000000
155 296.3565 1.7600000000
156 298.2800 1.7600000000
157 300.2027 1.7600000000
158 302.1253 1.7600000000
159 304.0465 1.7600000000
160 305.9689 1.7600000000
161 307.8945 1.7600000000
162 309.8247 1.7500000000
163 311.7516 1.7500000000
164 313.6767 1.7500000000
165 315.6027 1.7500000000
166 317.5276 1.7500000000
167 319.4564 1.7500000000
168 321.3794 1.7500000000
169 323.3010 1.7500000000
170 325.2237 1.7500000000
171 327.1454 1.7600000000
172 329.0698 1.7600000000
173 330.9921 1.7600000000
174 332.9143 1.7600000000
175 334.8362 1.7600000000
176 336.7604 1.7600000000
177 338.6873 1.7600000000
178 340.6148 1.7600000000
179 342.5411 1.7600000000
180 344.4686 1.7600000000
181 346.3900 1.7600000000
182 348.3107 1.7600000000
183 350.2310 1.7600000000
184 352.1510 1.7600000000
185 354.0705 1.7600000000
186 355.9913 1.7600000000
187 357.9117 1.7600000000
188 359.8351 1.7600000000
189 361.7551 1.7600000000
190 363.6743 1.7600000000
191 365.5924 1.7600000000
192 367.5099 1.7600000000
193 369.4287 1.7600000000
194 371.3552 1.7600000000
195 373.2736 1.7600000000
196 375.1930 1.7600000000
197 377.1104 1.7600000000
198 379.0290 1.7600000000
199 380.9466 1.7600000000
200 382.8673 1.7600000000
