1 0.0000 0.0934666667
2 1.9257 0.0568833333
3 3.8703 0.0399166667
4 5.7935 0.0292500000
5 7.7190 0.0227666667
6 9.6432 0.0181166667
7 11.5654 0.0149666667
8 13.4880 0.0121500000
9 15.4116 0.0098833333
10 17.3349 0.0076500000
11 19.2572 0.0061333333
12 21.1796 0.0047500000
13 23.1027 0.0034666667
14 25.0260 0.0026333333
15 26.9486 0.0019000000
16 28.8720 0.0014500000
17 30.7965 0.0010833333
18 32.7229 0.0008166667
19 34.6458 0.0006166667
20 36.5691 0.0004500000
21 38.4909 0.0003666667
22 40.4150 0.0002666667
23 42.3384 0.0002000000
24 44.2609 0.0001333333
25 46.1834 0.0001166667
26 48.1062 0.0000833333
27 50.0274 0.0000666667
28 51.9494 0.0000333333
29 53.8741 0.0000166667
30 55.8040 0.0000166667
31 57.7274 0.0000166667
32 59.6515 0.0000166667
33 61.5746 0.0000166667
34 63.4986 0.0000166667
35 65.4227 0.0000000000
36 67.3457 0.0000000000
37 69.2688 0.0000000000
38 71.1908 0.0000000000
39 73.1141 0.0000000000
40 75.0381 0.0000000000
41 76.9640 0.0000000000
42 78.8940 0.0000000000
43 80.8177 0.0000000000
44 82.7405 0.0000000000
45 84.6633 0.0000000000
46 86.5868 0.0000000000
47 88.5090 0.0000000000
48 90.4317 0.0000000000
49 92.3555 0.0000000000
50 94.2786 0.0000000000
51 96.2001 0.0000000000
52 98.1241 0.0000000000
53 100.0459 0.0000000000
54 101.9678 0.0000000000
55 103.8905 0.0000000000
56 105.8172 0.0000000000
57 107.7427 0.0000000000
58 109.6660 0.0000000000
59 111.5899 0.0000000000
60 113.5158 0.0000000000
61 115.4397 0.0000000000
62 117.3642 0.0000000000
63 119.2867 0.0000000000
64 121.2077 0.0000000000
65 123.1304 0.0000000000
66 125.0531 0.0000000000
67 126.9732 0.0000000000
68 128.9000 0.0000000000
69 130.8373 0.0000000000
70 132.7586 0.0000000000
71 134.6810 0.0000000000
72 136.6035 0.0000000000
73 138.5253 0.0000000000
74 140.4471 0.0000000000
75 142.3688 0.0000000000
76 144.2908 0.0000000000
77 146.2124 0.0000000000
78 148.1333 0.0000000000
79 150.0710 0.0000000000
80 151.9947 0.0000000000
81 153.9189 0.0000000000
82 155.8411 0.0000000000
83 157.7661 0.0000000000
84 159.6913 0.0000000000
85 161.6144 0.0000000000
86 163.5394 0.0000000000
87 165.4631 0.0000000000
88 167.3864 0.0000000000
89 169.3095 0.0000000000
90 171.2329 0.0000000000
91 173.1550 0.0000000000
92 175.0777 0.0000000000
93 177.0016 0.0000000000
94 178.9258 0.0000000000
95 180.8511 0.0000000000
96 182.7802 0.0000000000
97 184.7060 0.0000000000
98 186.6302 0.0000000000
99 188.5534 0.0000000000
100 190.4770 0.0000000000
101 192.3999 0.0000000000
102 194.3237 0.0000000000
103 196.2465 0.0000000000
104 198.1701 0.0000000000
105 200.0930 0.0000000000
106 202.0168 0.0000000000
107 203.9418 0.0000000000
108 205.8759 0.0000000000
109 207.8016 0.0000000000
110 209.7280 0.0000000000
111 211.6552 0.0000000000
112 213.5804 0.0000000000
113 215.5058 0.0000000000
114 217.4305 0.0000000000
115 219.3545 0.0000000000
116 221.2795 0.0000000000
117 223.2052 0.0000000000
118 225.1297 0.0000000000
119 227.0544 0.0000000000
120 228.9794 0.0000000000
121 230.9053 0.0000000000
122 232.8337 0.0000000000
123 234.7625 0.0000000000
124 236.6876 0.0000000000
125 238.6097 0.0000000000
126 240.5344 0.0000000000
127 242.4587 0.0000000000
128 244.3826 0.0000000000
129 246.3059 0.0000000000
130 248.2304 0.0000000000
131 250.1530 0.0000000000
132 252.0764 0.0000000000
133 254.0004 0.0000000000
134 255.9271 0.0000000000
135 257.8549 0.0000000000
136 259.7806 0.0000000000
137 261.7065 0.0000000000
138 263.6320 0.0000000000
139 265.5567 0.0000000000
140 267.4823 0.0000000000
141 269.4058 0.0000000000
142 271.3314 0.0000000000
143 273.2571 0.0000000000
144 275.1822 0.0000000000
145 277.1061 0.0000000000
146 279.0304 0.0000000000
147 280.9554 0.0000000000
148 282.8803 0.0000000000
149 284.8075 0.0000000000
150 286.7341 0.0000000000
151 288.6579 0.0000000000
152 290.5823 0.0000000000
153 292.5047 0.0000000000
154 294.4284 0.0000000000
155 296.3565 0.0000000000
156 298.2800 0.0000000000
157 300.2027 0.0000000000
158 302.1253 0.0000000000
159 304.0465 0.0000000000
160 305.9689 0.0000000000
161 307.8945 0.0000000000
162 309.8247 0.0000000000
163 311.7516 0.0000000000
164 313.6767 0.0000000000
165 315.6027 0.0000000000
166 317.5276 0.0000000000
167 319.4564 0.0000000000
168 321.3794 0.0000000000
169 323.3010 0.0000000000
170 325.2237 0.0000000000
171 327.1454 0.0000000000
172 329.0698 0.0000000000
173 330.9921 0.0000000000
174 332.9143 0.0000000000
175 334.8362 0.0000000000
176 336.7604 0.0000000000
177 338.6873 0.0000000000
178 340.6148 0.0000000000
179 342.5411 0.0000000000
180 344.4686 0.0000000000
181 346.3900 0.0000000000
182 348.3107 0.0000000000
183 350.2310 0.0000000000
184 352.1510 0.0000000000
185 354.0705 0.0000000000
186 355.9913 0.0000000000
187 357.9117 0.0000000000
188 359.8351 0.0000000000
189 361.7551 0.0000000000
190 363.6743 0.0000000000
191 365.5924 0.0000000000
192 367.5099 0.0000000000
193 369.4287 0.0000000000
194 371.3552 0.0000000000
195 373.2736 0.0000000000
196 375.1930 0.0000000000
197 377.1104 0.0000000000
198 379.0290 0.0000000000
199 380.9466 0.0000000000
200 382.8673 0.0000000000
