1 0.0000 4.3400000000
2 1.9375 3.2000000000
3 3.8665 2.7800000000
4 5.7966 2.5800000000
5 7.7272 2.3800000000
6 9.6568 2.2800000000
7 11.5876 2.2800000000
8 13.5182 2.2400000000
9 15.4507 2.2600000000
10 17.3856 2.2500000000
11 19.3168 2.1900000000
12 21.2475 2.1400000000
13 23.1782 2.1300000000
14 25.1089 2.1600000000
15 27.0386 2.1200000000
16 28.9677 2.1300000000
17 30.8973 2.1100000000
18 32.8279 2.1000000000
19 34.7583 2.0800000000
20 36.6892 2.0700000000
21 38.6202 2.0700000000
22 40.5492 2.0500000000
23 42.4796 1.9900000000
24 44.4130 2.0400000000
25 46.3496 1.9800000000
26 48.2801 2.0400000000
27 50.2113 1.9900000000
28 52.1415 1.9900000000
29 54.0757 2.0100000000
30 56.0101 1.9500000000
31 57.9426 1.9900000000
32 59.8782 1.9800000000
33 61.8102 1.9700000000
34 63.7415 1.9500000000
35 65.6758 1.9600000000
36 67.6078 1.9400000000
37 69.5400 1.9500000000
38 71.4743 1.9200000000
39 73.4052 1.8900000000
40 75.3403 1.9100000000
41 77.2729 1.8800000000
42 79.2036 1.9600000000
43 81.1340 1.8600000000
44 83.0657 1.9300000000
45 84.9945 1.8700000000
46 86.9236 1.8900000000
47 88.8519 1.8800000000
48 90.7818 1.8700000000
49 92.7102 1.8300000000
50 94.6399 1.8800000000
51 96.5680 1.8700000000
52 98.4982 1.8900000000
53 100.4273 1.8300000000
54 102.3604 1.8300000000
55 104.2967 1.8300000000
56 106.2282 1.8800000000
57 108.1604 1.8100000000
58 110.0900 1.8400000000
59 112.0212 1.8400000000
60 113.9511 1.8200000000
61 115.8817 1.8500000000
62 117.8123 1.8300000000
63 119.7420 1.8700000000
64 121.6732 1.8300000000
65 123.6036 1.8200000000
66 125.5341 1.8300000000
67 127.4646 1.8500000000
68 129.3959 1.8300000000
69 131.3277 1.8600000000
70 133.2580 1.8500000000
71 135.1879 1.8500000000
72 137.1204 1.8600000000
73 139.0498 1.8400000000
74 140.9808 1.8400000000
75 142.9113 1.8500000000
76 144.8409 1.8000000000
77 146.7697 1.8400000000
78 148.6994 1.8600000000
79 150.6290 1.8400000000
80 152.5596 1.8600000000
81 154.4892 1.8300000000
82 156.4226 1.8400000000
83 158.3514 1.8500000000
84 160.2811 1.8400000000
85 162.2102 1.8300000000
86 164.1396 1.8500000000
87 166.0692 1.8100000000
88 167.9990 1.8200000000
89 169.9281 1.8400000000
90 171.8605 1.7900000000
91 173.7898 1.8200000000
92 175.7202 1.8100000000
93 177.6488 1.8000000000
94 179.5769 1.8100000000
95 181.5061 1.8400000000
96 183.4378 1.8000000000
97 185.3667 1.8000000000
98 187.2971 1.7900000000
99 189.2268 1.8100000000
100 191.1570 1.8300000000
101 193.0867 1.7800000000
102 195.0163 1.8200000000
103 196.9456 1.8000000000
104 198.8759 1.8000000000
105 200.8057 1.8000000000
106 202.7354 1.8000000000
107 204.6647 1.8000000000
108 206.5955 1.8300000000
109 208.5249 1.8000000000
110 210.4546 1.7800000000
111 212.3834 1.7800000000
112 214.3123 1.8000000000
113 216.2422 1.8000000000
114 218.1716 1.7800000000
115 220.1007 1.8100000000
116 222.0307 1.7700000000
117 223.9598 1.8000000000
118 225.8899 1.7900000000
119 227.8188 1.8200000000
120 229.7487 1.7900000000
121 231.6776 1.7800000000
122 233.6063 1.7900000000
123 235.5387 1.8000000000
124 237.4752 1.7800000000
125 239.4063 1.8200000000
126 241.3378 1.8300000000
127 243.2682 1.8000000000
128 245.1997 1.8100000000
129 247.1299 1.7800000000
130 249.0624 1.8100000000
131 250.9980 1.8200000000
132 252.9342 1.8200000000
133 254.8650 1.8000000000
134 256.7962 1.8000000000
135 258.7267 1.8300000000
136 260.6588 1.7700000000
137 262.5886 1.8000000000
138 264.5189 1.8300000000
139 266.4494 1.7900000000
140 268.3809 1.8300000000
141 270.3107 1.8000000000
142 272.2422 1.8000000000
143 274.1717 1.7800000000
144 276.1033 1.7700000000
145 278.0326 1.7700000000
146 279.9639 1.8100000000
147 281.8932 1.7700000000
148 283.8222 1.8000000000
149 285.7511 1.7800000000
150 287.6817 1.7900000000
151 289.6120 1.7900000000
152 291.5467 1.8000000000
153 293.4849 1.7700000000
154 295.4274 1.8300000000
155 297.3625 1.7700000000
156 299.3005 1.8000000000
157 301.2370 1.7900000000
158 303.1736 1.7800000000
159 305.1077 1.7700000000
160 307.0453 1.7900000000
161 308.9812 1.8100000000
162 310.9180 1.7700000000
163 312.8535 1.8000000000
164 314.7898 1.7500000000
165 316.7258 1.7800000000
166 318.6611 1.7600000000
167 320.5992 1.7700000000
168 322.5376 1.8100000000
169 324.4776 1.7600000000
170 326.4153 1.8000000000
171 328.3512 1.7700000000
172 330.2864 1.7900000000
173 332.2255 1.7800000000
174 334.1616 1.7900000000
175 336.0975 1.7800000000
176 338.0336 1.7800000000
177 339.9682 1.7800000000
178 341.9054 1.7700000000
179 343.8447 1.7700000000
180 345.7815 1.7800000000
181 347.7186 1.7700000000
182 349.6544 1.7900000000
183 351.5899 1.7500000000
184 353.5280 1.7700000000
185 355.4650 1.7800000000
186 357.4022 1.7500000000
187 359.3384 1.7500000000
188 361.2735 1.8000000000
189 363.2095 1.7800000000
190 365.1467 1.7700000000
191 367.0816 1.7600000000
192 369.0185 1.7600000000
193 370.9516 1.7800000000
194 372.8871 1.7700000000
195 374.8225 1.7700000000
196 376.7604 1.7700000000
197 378.6965 1.7700000000
198 380.6321 1.7600000000
199 382.5664 1.7800000000
200 384.5041 1.7900000000
