1 0.0000 0.0714833333
2 1.9375 0.0317333333
3 3.8665 0.0223833333
4 5.7966 0.0165833333
5 7.7272 0.0130833333
6 9.6568 0.0104500000
7 11.5876 0.0085333333
8 13.5182 0.0066833333
9 15.4507 0.0051333333
10 17.3856 0.0039333333
11 19.3168 0.0032833333
12 21.2475 0.0028166667
13 23.1782 0.0023833333
14 25.1089 0.0020500000
15 27.0386 0.0018000000
16 28.9677 0.0015500000
17 30.8973 0.0013666667
18 32.8279 0.0012000000
19 34.7583 0.0011166667
20 36.6892 0.0010833333
21 38.6202 0.0009500000
22 40.5492 0.0010166667
23 42.4796 0.0009000000
24 44.4130 0.0008500000
25 46.3496 0.0008166667
26 48.2801 0.0007833333
27 50.2113 0.0008000000
28 52.1415 0.0007666667
29 54.0757 0.0007500000
30 56.0101 0.0007333333
31 57.9426 0.0007166667
32 59.8782 0.0007166667
33 61.8102 0.0007000000
34 63.7415 0.0006833333
35 65.6758 0.0006333333
36 67.6078 0.0006666667
37 69.5400 0.0006500000
38 71.4743 0.0006333333
39 73.4052 0.0005833333
40 75.3403 0.0006166667
41 77.2729 0.0005666667
42 79.2036 0.0005666667
43 81.1340 0.0005833333
44 83.0657 0.0005333333
45 84.9945 0.0005333333
46 86.9236 0.0005500000
47 88.8519 0.0005333333
48 90.7818 0.0005333333
49 92.7102 0.0005333333
50 94.6399 0.0005166667
51 96.5680 0.0005333333
52 98.4982 0.0004833333
53 100.4273 0.0004833333
54 102.3604 0.0005000000
55 104.2967 0.0005000000
56 106.2282 0.0004666667
57 108.1604 0.0004833333
58 110.0900 0.0004833333
59 112.0212 0.0004333333
60 113.9511 0.0004666667
61 115.8817 0.0004666667
62 117.8123 0.0004833333
63 119.7420 0.0004500000
64 121.6732 0.0004833333
65 123.6036 0.0004666667
66 125.5341 0.0004333333
67 127.4646 0.0004500000
68 129.3959 0.0004500000
69 131.3277 0.0004333333
70 133.2580 0.0004500000
71 135.1879 0.0004500000
72 137.1204 0.0004500000
73 139.0498 0.0004333333
74 140.9808 0.0004333333
75 142.9113 0.0004333333
76 144.8409 0.0004500000
77 146.7697 0.0003833333
78 148.6994 0.0004166667
79 150.6290 0.0004333333
80 152.5596 0.0004166667
81 154.4892 0.0004333333
82 156.4226 0.0004166667
83 158.3514 0.0004000000
84 160.2811 0.0004166667
85 162.2102 0.0004166667
86 164.1396 0.0003833333
87 166.0692 0.0003833333
88 167.9990 0.0003833333
89 169.9281 0.0004000000
90 171.8605 0.0003833333
91 173.7898 0.0003666667
92 175.7202 0.0003666667
93 177.6488 0.0004000000
94 179.5769 0.0003666667
95 181.5061 0.0003666667
96 183.4378 0.0004000000
97 185.3667 0.0003666667
98 187.2971 0.0004000000
99 189.2268 0.0003666667
100 191.1570 0.0003833333
101 193.0867 0.0004000000
102 195.0163 0.0004000000
103 196.9456 0.0003500000
104 198.8759 0.0003500000
105 200.8057 0.0003833333
106 202.7354 0.0003500000
107 204.6647 0.0003833333
108 206.5955 0.0003333333
109 208.5249 0.0003500000
110 210.4546 0.0003500000
111 212.3834 0.0003500000
112 214.3123 0.0003666667
113 216.2422 0.0003166667
114 218.1716 0.0003500000
115 220.1007 0.0003666667
116 222.0307 0.0003666667
117 223.9598 0.0003666667
118 225.8899 0.0003500000
119 227.8188 0.0003500000
120 229.7487 0.0003500000
121 231.6776 0.0003666667
122 233.6063 0.0003333333
123 235.5387 0.0003333333
124 237.4752 0.0003500000
125 239.4063 0.0003666667
126 241.3378 0.0003500000
127 243.2682 0.0003500000
128 245.1997 0.0003500000
129 247.1299 0.0003666667
130 249.0624 0.0003666667
131 250.9980 0.0003333333
132 252.9342 0.0003666667
133 254.8650 0.0003333333
134 256.7962 0.0003500000
135 258.7267 0.0003666667
136 260.6588 0.0003333333
137 262.5886 0.0003833333
138 264.5189 0.0003333333
139 266.4494 0.0003333333
140 268.3809 0.0003500000
141 270.3107 0.0003500000
142 272.2422 0.0003500000
143 274.1717 0.0003333333
144 276.1033 0.0003333333
145 278.0326 0.0003500000
146 279.9639 0.0003500000
147 281.8932 0.0003333333
148 283.8222 0.0003333333
149 285.7511 0.0003333333
150 287.6817 0.0003166667
151 289.6120 0.0003500000
152 291.5467 0.0003333333
153 293.4849 0.0003500000
154 295.4274 0.0003166667
155 297.3625 0.0003333333
156 299.3005 0.0003333333
157 301.2370 0.0003333333
158 303.1736 0.0003500000
159 305.1077 0.0003666667
160 307.0453 0.0003333333
161 308.9812 0.0003500000
162 310.9180 0.0003333333
163 312.8535 0.0003333333
164 314.7898 0.0003333333
165 316.7258 0.0003333333
166 318.6611 0.0003166667
167 320.5992 0.0003500000
168 322.5376 0.0003500000
169 324.4776 0.0003333333
170 326.4153 0.0003333333
171 328.3512 0.0003333333
172 330.2864 0.0003333333
173 332.2255 0.0003166667
174 334.1616 0.0003166667
175 336.0975 0.0003500000
176 338.0336 0.0003166667
177 339.9682 0.0003333333
178 341.9054 0.0003500000
179 343.8447 0.0003333333
180 345.7815 0.0003500000
181 347.7186 0.0003333333
182 349.6544 0.0003333333
183 351.5899 0.0003166667
184 353.5280 0.0003500000
185 355.4650 0.0003166667
186 357.4022 0.0003500000
187 359.3384 0.0003333333
188 361.2735 0.0003166667
189 363.2095 0.0003333333
190 365.1467 0.0003333333
191 367.0816 0.0003166667
192 369.0185 0.0003500000
193 370.9516 0.0003166667
194 372.8871 0.0003166667
195 374.8225 0.0003166667
196 376.7604 0.0003333333
197 378.6965 0.0003333333
198 380.6321 0.0003333333
199 382.5664 0.0003166667
200 384.5041 0.0003333333
