1 0.0000 4.9500000000
2 1.9219 3.8400000000
3 3.8342 3.3300000000
4 5.7467 3.2300000000
5 7.6586 3.0800000000
6 9.5711 2.9800000000
7 11.4831 2.9100000000
8 13.3951 2.8600000000
9 15.3066 2.8700000000
10 17.2180 2.8300000000
11 19.1284 2.8000000000
12 21.0480 2.7800000000
13 22.9609 2.7300000000
14 24.8795 2.7200000000
15 26.7899 2.8000000000
16 28.7037 2.7500000000
17 30.6193 2.7500000000
18 32.5308 2.7400000000
19 34.4414 2.7100000000
20 36.3535 2.7100000000
21 38.2644 2.7000000000
22 40.1747 2.7200000000
23 42.0856 2.7100000000
24 43.9956 2.6900000000
25 45.9066 2.6900000000
26 47.8184 2.6700000000
27 49.7287 2.6800000000
28 51.6396 2.7100000000
29 53.5502 2.6600000000
30 55.4662 2.6800000000
31 57.3810 2.6900000000
32 59.2924 2.6800000000
33 61.2028 2.6500000000
34 63.1138 2.6600000000
35 65.0247 2.6600000000
36 66.9344 2.6500000000
37 68.8435 2.6300000000
38 70.7534 2.6300000000
39 72.6651 2.6100000000
40 74.5809 2.6200000000
41 76.4911 2.6100000000
42 78.4046 2.6100000000
43 80.3175 2.5800000000
44 82.2291 2.5800000000
45 84.1383 2.5900000000
46 86.0493 2.5500000000
47 87.9583 2.5600000000
48 89.8693 2.5900000000
49 91.7794 2.5600000000
50 93.6902 2.6100000000
51 95.5996 2.5900000000
52 97.5103 2.5900000000
53 99.4223 2.6000000000
54 101.3316 2.5500000000
55 103.2410 2.5800000000
56 105.1513 2.5700000000
57 107.0608 2.5600000000
58 108.9725 2.6000000000
59 110.8814 2.5700000000
60 112.7916 2.5600000000
61 114.7017 2.5600000000
62 116.6122 2.5700000000
63 118.5215 2.5800000000
64 120.4308 2.5800000000
65 122.3414 2.5600000000
66 124.2505 2.5800000000
67 126.1609 2.5700000000
68 128.0712 2.5700000000
69 129.9809 2.5900000000
70 131.8900 2.5700000000
71 133.8032 2.6000000000
72 135.7137 2.5700000000
73 137.6263 2.5600000000
74 139.5380 2.5900000000
75 141.4501 2.5600000000
76 143.3614 2.5900000000
77 145.2716 2.5600000000
78 147.1819 2.5500000000
79 149.0903 2.5800000000
80 150.9996 2.5600000000
81 152.9113 2.5600000000
82 154.8224 2.5400000000
83 156.7323 2.5400000000
84 158.6417 2.5400000000
85 160.5513 2.5300000000
86 162.4615 2.5400000000
87 164.3719 2.5700000000
88 166.2825 2.5400000000
89 168.1935 2.5700000000
90 170.1037 2.5400000000
91 172.0123 2.5300000000
92 173.9248 2.5200000000
93 175.8464 2.5400000000
94 177.7580 2.5700000000
95 179.6713 2.5500000000
96 181.5854 2.5400000000
97 183.4992 2.5600000000
98 185.4095 2.5600000000
99 187.3195 2.5500000000
100 189.2300 2.5400000000
101 191.1396 2.5500000000
102 193.0491 2.5600000000
103 194.9590 2.5600000000
104 196.8707 2.5400000000
105 198.7807 2.5500000000
106 200.6936 2.5600000000
107 202.6055 2.5600000000
108 204.5167 2.5500000000
109 206.4287 2.5700000000
110 208.3390 2.5200000000
111 210.2496 2.5600000000
112 212.1596 2.5500000000
113 214.0705 2.5400000000
114 215.9804 2.5800000000
115 217.8903 2.5400000000
116 219.8029 2.5000000000
117 221.7204 2.5600000000
118 223.6317 2.5700000000
119 225.5424 2.5600000000
120 227.4543 2.5200000000
121 229.3654 2.5500000000
122 231.2764 2.5400000000
123 233.1858 2.5500000000
124 235.0998 2.5600000000
125 237.0392 2.5400000000
126 238.9484 2.5600000000
127 240.8574 2.5400000000
128 242.7709 2.5400000000
129 244.6859 2.5500000000
130 246.5975 2.5500000000
131 248.5088 2.5500000000
132 250.4213 2.5100000000
133 252.3332 2.5400000000
134 254.2448 2.5600000000
135 256.1544 2.5400000000
136 258.0649 2.5600000000
137 259.9763 2.5400000000
138 261.8876 2.5400000000
139 263.7983 2.5400000000
140 265.7097 2.5800000000
141 267.6198 2.5300000000
142 269.5302 2.5600000000
143 271.4404 2.5700000000
144 273.3534 2.5400000000
145 275.2627 2.5700000000
146 277.1730 2.5600000000
147 279.0827 2.5700000000
148 280.9924 2.5500000000
149 282.9029 2.5300000000
150 284.8131 2.5400000000
151 286.7229 2.5600000000
152 288.6329 2.5400000000
153 290.5435 2.5600000000
154 292.4527 2.5200000000
155 294.3630 2.5300000000
156 296.2734 2.5400000000
157 298.1846 2.5700000000
158 300.0949 2.5400000000
159 302.0053 2.5500000000
160 303.9152 2.5400000000
161 305.8283 2.5500000000
162 307.7416 2.5400000000
163 309.6530 2.5600000000
164 311.5650 2.5300000000
165 313.4764 2.5400000000
166 315.3884 2.5100000000
167 317.2990 2.5300000000
168 319.2093 2.5400000000
169 321.1181 2.5300000000
170 323.0277 2.5600000000
171 324.9377 2.5100000000
172 326.8498 2.5300000000
173 328.7636 2.5600000000
174 330.6850 2.5200000000
175 332.5951 2.5400000000
176 334.5058 2.5300000000
177 336.4160 2.5300000000
178 338.3277 2.5300000000
179 340.2408 2.5300000000
180 342.1514 2.5200000000
181 344.0621 2.5500000000
182 345.9762 2.5300000000
183 347.8903 2.5600000000
184 349.8030 2.5200000000
185 351.7171 2.5300000000
186 353.6304 2.5600000000
187 355.5424 2.5300000000
188 357.4537 2.5400000000
189 359.3646 2.5200000000
190 361.2754 2.5100000000
191 363.1862 2.4800000000
192 365.0967 2.5400000000
193 367.0079 2.5200000000
194 368.9207 2.5100000000
195 370.8310 2.5200000000
196 372.7421 2.5400000000
197 374.6522 2.5200000000
198 376.5623 2.5600000000
199 378.4759 2.5000000000
200 380.3929 2.5200000000
