1 0.0000 0.0724666667
2 1.9219 0.0358000000
3 3.8342 0.0272833333
4 5.7467 0.0229833333
5 7.6586 0.0205666667
6 9.5711 0.0192333333
7 11.4831 0.0180500000
8 13.3951 0.0173166667
9 15.3066 0.0169166667
10 17.2180 0.0166000000
11 19.1284 0.0161000000
12 21.0480 0.0159166667
13 22.9609 0.0157833333
14 24.8795 0.0155666667
15 26.7899 0.0154833333
16 28.7037 0.0153833333
17 30.6193 0.0151666667
18 32.5308 0.0150833333
19 34.4414 0.0151166667
20 36.3535 0.0150500000
21 38.2644 0.0149000000
22 40.1747 0.0147833333
23 42.0856 0.0147333333
24 43.9956 0.0146500000
25 45.9066 0.0146500000
26 47.8184 0.0145500000
27 49.7287 0.0143666667
28 51.6396 0.0145000000
29 53.5502 0.0143666667
30 55.4662 0.0143333333
31 57.3810 0.0142000000
32 59.2924 0.0142166667
33 61.2028 0.0141833333
34 63.1138 0.0142166667
35 65.0247 0.0142333333
36 66.9344 0.0142333333
37 68.8435 0.0140333333
38 70.7534 0.0142166667
39 72.6651 0.0141666667
40 74.5809 0.0141333333
41 76.4911 0.0141333333
42 78.4046 0.0141000000
43 80.3175 0.0141166667
44 82.2291 0.0141000000
45 84.1383 0.0140833333
46 86.0493 0.0140833333
47 87.9583 0.0140000000
48 89.8693 0.0141500000
49 91.7794 0.0139166667
50 93.6902 0.0140000000
51 95.5996 0.0141000000
52 97.5103 0.0140166667
53 99.4223 0.0140500000
54 101.3316 0.0139666667
55 103.2410 0.0140000000
56 105.1513 0.0139500000
57 107.0608 0.0139333333
58 108.9725 0.0140333333
59 110.8814 0.0138333333
60 112.7916 0.0139000000
61 114.7017 0.0138333333
62 116.6122 0.0137000000
63 118.5215 0.0139166667
64 120.4308 0.0137666667
65 122.3414 0.0138166667
66 124.2505 0.0137000000
67 126.1609 0.0137000000
68 128.0712 0.0137000000
69 129.9809 0.0138333333
70 131.8900 0.0137500000
71 133.8032 0.0137166667
72 135.7137 0.0137166667
73 137.6263 0.0137333333
74 139.5380 0.0138333333
75 141.4501 0.0137333333
76 143.3614 0.0136833333
77 145.2716 0.0137333333
78 147.1819 0.0136333333
79 149.0903 0.0137166667
80 150.9996 0.0136166667
81 152.9113 0.0137500000
82 154.8224 0.0137166667
83 156.7323 0.0136500000
84 158.6417 0.0135166667
85 160.5513 0.0136500000
86 162.4615 0.0136000000
87 164.3719 0.0136500000
88 166.2825 0.0136500000
89 168.1935 0.0135833333
90 170.1037 0.0137000000
91 172.0123 0.0135166667
92 173.9248 0.0136666667
93 175.8464 0.0136500000
94 177.7580 0.0137000000
95 179.6713 0.0136166667
96 181.5854 0.0136500000
97 183.4992 0.0136166667
98 185.4095 0.0135333333
99 187.3195 0.0135833333
100 189.2300 0.0135333333
101 191.1396 0.0136000000
102 193.0491 0.0135166667
103 194.9590 0.0135833333
104 196.8707 0.0136000000
105 198.7807 0.0135333333
106 200.6936 0.0136000000
107 202.6055 0.0136000000
108 204.5167 0.0135666667
109 206.4287 0.0134833333
110 208.3390 0.0136166667
111 210.2496 0.0136166667
112 212.1596 0.0134500000
113 214.0705 0.0136166667
114 215.9804 0.0136000000
115 217.8903 0.0134833333
116 219.8029 0.0135833333
117 221.7204 0.0135833333
118 223.6317 0.0135166667
119 225.5424 0.0135833333
120 227.4543 0.0136333333
121 229.3654 0.0135333333
122 231.2764 0.0134500000
123 233.1858 0.0136333333
124 235.0998 0.0136166667
125 237.0392 0.0136666667
126 238.9484 0.0135333333
127 240.8574 0.0135500000
128 242.7709 0.0135833333
129 244.6859 0.0135333333
130 246.5975 0.0135500000
131 248.5088 0.0135666667
132 250.4213 0.0135666667
133 252.3332 0.0135166667
134 254.2448 0.0135333333
135 256.1544 0.0135666667
136 258.0649 0.0136000000
137 259.9763 0.0135666667
138 261.8876 0.0134666667
139 263.7983 0.0134500000
140 265.7097 0.0134666667
141 267.6198 0.0135500000
142 269.5302 0.0135166667
143 271.4404 0.0135333333
144 273.3534 0.0134166667
145 275.2627 0.0134333333
146 277.1730 0.0134166667
147 279.0827 0.0135000000
148 280.9924 0.0135833333
149 282.9029 0.0135000000
150 284.8131 0.0134666667
151 286.7229 0.0135166667
152 288.6329 0.0134166667
153 290.5435 0.0134666667
154 292.4527 0.0135500000
155 294.3630 0.0134666667
156 296.2734 0.0135333333
157 298.1846 0.0134833333
158 300.0949 0.0135333333
159 302.0053 0.0135500000
160 303.9152 0.0134666667
161 305.8283 0.0135000000
162 307.7416 0.0135500000
163 309.6530 0.0135333333
164 311.5650 0.0134833333
165 313.4764 0.0134666667
166 315.3884 0.0134333333
167 317.2990 0.0134666667
168 319.2093 0.0135000000
169 321.1181 0.0134166667
170 323.0277 0.0134333333
171 324.9377 0.0135666667
172 326.8498 0.0135333333
173 328.7636 0.0134000000
174 330.6850 0.0135333333
175 332.5951 0.0134500000
176 334.5058 0.0134500000
177 336.4160 0.0134166667
178 338.3277 0.0134333333
179 340.2408 0.0133833333
180 342.1514 0.0134833333
181 344.0621 0.0134833333
182 345.9762 0.0134333333
183 347.8903 0.0134333333
184 349.8030 0.0135000000
185 351.7171 0.0134833333
186 353.6304 0.0135166667
187 355.5424 0.0134166667
188 357.4537 0.0134000000
189 359.3646 0.0135333333
190 361.2754 0.0134000000
191 363.1862 0.0134166667
192 365.0967 0.0135333333
193 367.0079 0.0134666667
194 368.9207 0.0135000000
195 370.8310 0.0133833333
196 372.7421 0.0134333333
197 374.6522 0.0134166667
198 376.5623 0.0133833333
199 378.4759 0.0134500000
200 380.3929 0.0133500000
