1 0.0000 4.7500000000
2 1.9211 3.5600000000
3 3.8385 3.0100000000
4 5.7567 2.6600000000
5 7.6760 2.4200000000
6 9.5959 2.3200000000
7 11.5134 2.2200000000
8 13.4331 2.2300000000
9 15.3495 2.2000000000
10 17.2697 2.1700000000
11 19.1878 2.1300000000
12 21.1072 2.0900000000
13 23.0258 2.0800000000
14 24.9480 2.0500000000
15 26.8857 2.0600000000
16 28.8053 2.0400000000
17 30.7230 2.0200000000
18 32.6420 1.9600000000
19 34.5602 1.9400000000
20 36.4776 1.9100000000
21 38.3955 1.9100000000
22 40.3141 1.8800000000
23 42.2313 1.8500000000
24 44.1480 1.8500000000
25 46.0667 1.8300000000
26 47.9838 1.8400000000
27 49.9014 1.8300000000
28 51.8190 1.8400000000
29 53.7357 1.8400000000
30 55.6549 1.8500000000
31 57.5724 1.8400000000
32 59.4906 1.8500000000
33 61.4105 1.8600000000
34 63.3265 1.8500000000
35 65.2446 1.8600000000
36 67.1632 1.8600000000
37 69.0811 1.8700000000
38 70.9982 1.8600000000
39 72.9154 1.8600000000
40 74.8337 1.8600000000
41 76.7507 1.8500000000
42 78.6676 1.8500000000
43 80.5843 1.8300000000
44 82.5018 1.8300000000
45 84.4181 1.8300000000
46 86.3365 1.8300000000
47 88.2557 1.8200000000
48 90.1738 1.8200000000
49 92.0910 1.8300000000
50 94.0094 1.8100000000
51 95.9258 1.8100000000
52 97.8436 1.8100000000
53 99.7596 1.8100000000
54 101.6774 1.8100000000
55 103.5945 1.8100000000
56 105.5128 1.8100000000
57 107.4292 1.8100000000
58 109.3460 1.8100000000
59 111.2630 1.8100000000
60 113.1790 1.8200000000
61 115.0963 1.8300000000
62 117.0144 1.8200000000
63 118.9309 1.8300000000
64 120.8487 1.8300000000
65 122.7657 1.8200000000
66 124.6848 1.8200000000
67 126.6007 1.8100000000
68 128.5187 1.8100000000
69 130.4345 1.8100000000
70 132.3534 1.8000000000
71 134.2716 1.8100000000
72 136.1901 1.8100000000
73 138.1104 1.8200000000
74 140.0284 1.8200000000
75 141.9457 1.8200000000
76 143.8633 1.8100000000
77 145.7809 1.8100000000
78 147.6987 1.8200000000
79 149.6158 1.8200000000
80 151.5334 1.8200000000
81 153.4505 1.8200000000
82 155.3692 1.8100000000
83 157.2873 1.8200000000
84 159.2057 1.8100000000
85 161.1228 1.8100000000
86 163.0411 1.8100000000
87 164.9579 1.8100000000
88 166.8753 1.8100000000
89 168.7912 1.8100000000
90 170.7107 1.8100000000
91 172.6287 1.8100000000
92 174.5471 1.8100000000
93 176.4650 1.8100000000
94 178.3833 1.8000000000
95 180.2997 1.8000000000
96 182.2179 1.8000000000
97 184.1354 1.8000000000
98 186.0542 1.8000000000
99 187.9696 1.8000000000
100 189.8870 1.8000000000
101 191.8040 1.8000000000
102 193.7220 1.8000000000
103 195.6379 1.8000000000
104 197.5553 1.7900000000
105 199.4728 1.7900000000
106 201.3920 1.8100000000
107 203.3091 1.8000000000
108 205.2267 1.8100000000
109 207.1452 1.8100000000
110 209.0637 1.8100000000
111 210.9810 1.8100000000
112 212.8982 1.8100000000
113 214.8165 1.8100000000
114 216.7348 1.8100000000
115 218.6527 1.8100000000
116 220.5717 1.8100000000
117 222.4887 1.8100000000
118 224.4051 1.8100000000
119 226.3223 1.8100000000
120 228.2403 1.8100000000
121 230.1580 1.8100000000
122 232.0754 1.8100000000
123 233.9930 1.8100000000
124 235.9118 1.8100000000
125 237.8297 1.8100000000
126 239.7477 1.8100000000
127 241.6649 1.8100000000
128 243.5833 1.8100000000
129 245.5002 1.8100000000
130 247.4171 1.8100000000
131 249.3343 1.8100000000
132 251.2522 1.8100000000
133 253.1716 1.8100000000
134 255.0897 1.8100000000
135 257.0075 1.8100000000
136 258.9250 1.8100000000
137 260.8429 1.8100000000
138 262.7606 1.8100000000
139 264.6790 1.8100000000
140 266.5981 1.8100000000
141 268.5174 1.8100000000
142 270.4362 1.8100000000
143 272.3550 1.8100000000
144 274.2750 1.8100000000
145 276.1924 1.8100000000
146 278.1118 1.8100000000
147 280.0304 1.8100000000
148 281.9494 1.8100000000
149 283.8674 1.8100000000
150 285.7864 1.8100000000
151 287.7043 1.8000000000
152 289.6231 1.8000000000
153 291.5410 1.8000000000
154 293.4615 1.8000000000
155 295.3794 1.8000000000
156 297.2991 1.8000000000
157 299.2178 1.8000000000
158 301.1359 1.8000000000
159 303.0546 1.8000000000
160 304.9716 1.8000000000
161 306.8906 1.8000000000
162 308.8098 1.8000000000
163 310.7276 1.8000000000
164 312.6537 1.8000000000
165 314.5723 1.8000000000
166 316.4906 1.8000000000
167 318.4092 1.8000000000
168 320.3268 1.8000000000
169 322.2454 1.8000000000
170 324.1664 1.8000000000
171 326.0837 1.8000000000
172 328.0032 1.8000000000
173 329.9209 1.8000000000
174 331.8403 1.8000000000
175 333.7580 1.8000000000
176 335.6773 1.8000000000
177 337.5967 1.8000000000
178 339.5153 1.8000000000
179 341.4331 1.8000000000
180 343.3532 1.8000000000
181 345.2713 1.8000000000
182 347.1912 1.8000000000
183 349.1090 1.8000000000
184 351.0280 1.8000000000
185 352.9472 1.8000000000
186 354.8666 1.8000000000
187 356.7846 1.7900000000
188 358.7034 1.8000000000
189 360.6217 1.7900000000
190 362.5415 1.7900000000
191 364.4605 1.7800000000
192 366.3808 1.7800000000
193 368.2991 1.7800000000
194 370.2187 1.7800000000
195 372.1371 1.7800000000
196 374.0560 1.7800000000
197 375.9752 1.7800000000
198 377.8960 1.7900000000
199 379.8146 1.7900000000
200 381.7360 1.7900000000
