1 0.0000 0.0722833333
2 1.9211 0.0318666667
3 3.8385 0.0217833333
4 5.7567 0.0158500000
5 7.6760 0.0116166667
6 9.5959 0.0085666667
7 11.5134 0.0059333333
8 13.4331 0.0038333333
9 15.3495 0.0027000000
10 17.2697 0.0017500000
11 19.1878 0.0012500000
12 21.1072 0.0008000000
13 23.0258 0.0005500000
14 24.9480 0.0004166667
15 26.8857 0.0002666667
16 28.8053 0.0001666667
17 30.7230 0.0001000000
18 32.6420 0.0000500000
19 34.5602 0.0000166667
20 36.4776 0.0000166667
21 38.3955 0.0000166667
22 40.3141 0.0000166667
23 42.2313 0.0000166667
24 44.1480 0.0000166667
25 46.0667 0.0000000000
26 47.9838 0.0000000000
27 49.9014 0.0000000000
28 51.8190 0.0000000000
29 53.7357 0.0000000000
30 55.6549 0.0000000000
31 57.5724 0.0000000000
32 59.4906 0.0000000000
33 61.4105 0.0000000000
34 63.3265 0.0000000000
35 65.2446 0.0000000000
36 67.1632 0.0000000000
37 69.0811 0.0000000000
38 70.9982 0.0000000000
39 72.9154 0.0000000000
40 74.8337 0.0000000000
41 76.7507 0.0000000000
42 78.6676 0.0000000000
43 80.5843 0.0000000000
44 82.5018 0.0000000000
45 84.4181 0.0000000000
46 86.3365 0.0000000000
47 88.2557 0.0000000000
48 90.1738 0.0000000000
49 92.0910 0.0000000000
50 94.0094 0.0000000000
51 95.9258 0.0000000000
52 97.8436 0.0000000000
53 99.7596 0.0000000000
54 101.6774 0.0000000000
55 103.5945 0.0000000000
56 105.5128 0.0000000000
57 107.4292 0.0000000000
58 109.3460 0.0000000000
59 111.2630 0.0000000000
60 113.1790 0.0000000000
61 115.0963 0.0000000000
62 117.0144 0.0000000000
63 118.9309 0.0000000000
64 120.8487 0.0000000000
65 122.7657 0.0000000000
66 124.6848 0.0000000000
67 126.6007 0.0000000000
68 128.5187 0.0000000000
69 130.4345 0.0000000000
70 132.3534 0.0000000000
71 134.2716 0.0000000000
72 136.1901 0.0000000000
73 138.1104 0.0000000000
74 140.0284 0.0000000000
75 141.9457 0.0000000000
76 143.8633 0.0000000000
77 145.7809 0.0000000000
78 147.6987 0.0000000000
79 149.6158 0.0000000000
80 151.5334 0.0000000000
81 153.4505 0.0000000000
82 155.3692 0.0000000000
83 157.2873 0.0000000000
84 159.2057 0.0000000000
85 161.1228 0.0000000000
86 163.0411 0.0000000000
87 164.9579 0.0000000000
88 166.8753 0.0000000000
89 168.7912 0.0000000000
90 170.7107 0.0000000000
91 172.6287 0.0000000000
92 174.5471 0.0000000000
93 176.4650 0.0000000000
94 178.3833 0.0000000000
95 180.2997 0.0000000000
96 182.2179 0.0000000000
97 184.1354 0.0000000000
98 186.0542 0.0000000000
99 187.9696 0.0000000000
100 189.8870 0.0000000000
101 191.8040 0.0000000000
102 193.7220 0.0000000000
103 195.6379 0.0000000000
104 197.5553 0.0000000000
105 199.4728 0.0000000000
106 201.3920 0.0000000000
107 203.3091 0.0000000000
108 205.2267 0.0000000000
109 207.1452 0.0000000000
110 209.0637 0.0000000000
111 210.9810 0.0000000000
112 212.8982 0.0000000000
113 214.8165 0.0000000000
114 216.7348 0.0000000000
115 218.6527 0.0000000000
116 220.5717 0.0000000000
117 222.4887 0.0000000000
118 224.4051 0.0000000000
119 226.3223 0.0000000000
120 228.2403 0.0000000000
121 230.1580 0.0000000000
122 232.0754 0.0000000000
123 233.9930 0.0000000000
124 235.9118 0.0000000000
125 237.8297 0.0000000000
126 239.7477 0.0000000000
127 241.6649 0.0000000000
128 243.5833 0.0000000000
129 245.5002 0.0000000000
130 247.4171 0.0000000000
131 249.3343 0.0000000000
132 251.2522 0.0000000000
133 253.1716 0.0000000000
134 255.0897 0.0000000000
135 257.0075 0.0000000000
136 258.9250 0.0000000000
137 260.8429 0.0000000000
138 262.7606 0.0000000000
139 264.6790 0.0000000000
140 266.5981 0.0000000000
141 268.5174 0.0000000000
142 270.4362 0.0000000000
143 272.3550 0.0000000000
144 274.2750 0.0000000000
145 276.1924 0.0000000000
146 278.1118 0.0000000000
147 280.0304 0.0000000000
148 281.9494 0.0000000000
149 283.8674 0.0000000000
150 285.7864 0.0000000000
151 287.7043 0.0000000000
152 289.6231 0.0000000000
153 291.5410 0.0000000000
154 293.4615 0.0000000000
155 295.3794 0.0000000000
156 297.2991 0.0000000000
157 299.2178 0.0000000000
158 301.1359 0.0000000000
159 303.0546 0.0000000000
160 304.9716 0.0000000000
161 306.8906 0.0000000000
162 308.8098 0.0000000000
163 310.7276 0.0000000000
164 312.6537 0.0000000000
165 314.5723 0.0000000000
166 316.4906 0.0000000000
167 318.4092 0.0000000000
168 320.3268 0.0000000000
169 322.2454 0.0000000000
170 324.1664 0.0000000000
171 326.0837 0.0000000000
172 328.0032 0.0000000000
173 329.9209 0.0000000000
174 331.8403 0.0000000000
175 333.7580 0.0000000000
176 335.6773 0.0000000000
177 337.5967 0.0000000000
178 339.5153 0.0000000000
179 341.4331 0.0000000000
180 343.3532 0.0000000000
181 345.2713 0.0000000000
182 347.1912 0.0000000000
183 349.1090 0.0000000000
184 351.0280 0.0000000000
185 352.9472 0.0000000000
186 354.8666 0.0000000000
187 356.7846 0.0000000000
188 358.7034 0.0000000000
189 360.6217 0.0000000000
190 362.5415 0.0000000000
191 364.4605 0.0000000000
192 366.3808 0.0000000000
193 368.2991 0.0000000000
194 370.2187 0.0000000000
195 372.1371 0.0000000000
196 374.0560 0.0000000000
197 375.9752 0.0000000000
198 377.8960 0.0000000000
199 379.8146 0.0000000000
200 381.7360 0.0000000000
