1 0.0000 4.5700000000
2 1.9116 3.3800000000
3 3.8206 2.8500000000
4 5.7274 2.5500000000
5 7.6380 2.4500000000
6 9.5491 2.3900000000
7 11.4573 2.3900000000
8 13.3635 2.2700000000
9 15.2704 2.2700000000
10 17.1789 2.2200000000
11 19.0838 2.2000000000
12 20.9914 2.2100000000
13 22.8975 2.1400000000
14 24.8066 2.1200000000
15 26.7120 2.0900000000
16 28.6190 2.0700000000
17 30.5278 2.0500000000
18 32.4431 2.0500000000
19 34.3506 2.0000000000
20 36.2594 1.9800000000
21 38.1660 1.9700000000
22 40.0739 1.9500000000
23 41.9818 1.8900000000
24 43.8890 1.9000000000
25 45.7957 1.8500000000
26 47.7056 1.8000000000
27 49.6150 1.8300000000
28 51.5250 1.8100000000
29 53.4311 1.8100000000
30 55.3383 1.8000000000
31 57.2447 1.8000000000
32 59.1524 1.7800000000
33 61.0588 1.7500000000
34 62.9680 1.7900000000
35 64.8749 1.7500000000
36 66.7814 1.7700000000
37 68.6884 1.7600000000
38 70.5980 1.7700000000
39 72.5097 1.7500000000
40 74.4170 1.7700000000
41 76.3244 1.7400000000
42 78.2333 1.7300000000
43 80.1390 1.7200000000
44 82.0466 1.7400000000
45 83.9533 1.7300000000
46 85.8609 1.7400000000
47 87.7663 1.7300000000
48 89.6723 1.7300000000
49 91.5789 1.7300000000
50 93.4858 1.7300000000
51 95.3926 1.7300000000
52 97.3088 1.7100000000
53 99.2164 1.7300000000
54 101.1233 1.7100000000
55 103.0504 1.7000000000
56 104.9835 1.7300000000
57 106.9213 1.7000000000
58 108.8723 1.7100000000
59 110.8016 1.7100000000
60 112.7085 1.7000000000
61 114.6167 1.7200000000
62 116.5304 1.7100000000
63 118.4373 1.7300000000
64 120.3453 1.7100000000
65 122.2808 1.7100000000
66 124.2110 1.7100000000
67 126.1395 1.7000000000
68 128.0698 1.7100000000
69 129.9999 1.7300000000
70 131.9340 1.7100000000
71 133.8631 1.7200000000
72 135.7998 1.7400000000
73 137.7284 1.7300000000
74 139.6567 1.6900000000
75 141.5845 1.7300000000
76 143.5121 1.7100000000
77 145.4358 1.7000000000
78 147.3697 1.7200000000
79 149.2983 1.7100000000
80 151.2211 1.7300000000
81 153.1379 1.7100000000
82 155.0659 1.7200000000
83 156.9919 1.7000000000
84 158.9211 1.7200000000
85 160.8471 1.7200000000
86 162.7733 1.7200000000
87 164.6917 1.7000000000
88 166.6121 1.7400000000
89 168.5304 1.7200000000
90 170.4556 1.7100000000
91 172.3863 1.7100000000
92 174.3222 1.6900000000
93 176.2548 1.6800000000
94 178.1845 1.7000000000
95 180.1187 1.7100000000
96 182.0535 1.7200000000
97 183.9912 1.6900000000
98 185.9259 1.7000000000
99 187.8476 1.6900000000
100 189.7696 1.6800000000
101 191.6901 1.6700000000
102 193.6222 1.7000000000
103 195.5552 1.6900000000
104 197.4848 1.6800000000
105 199.4119 1.6800000000
106 201.3315 1.6900000000
107 203.2653 1.7000000000
108 205.2006 1.6700000000
109 207.1258 1.6700000000
110 209.0476 1.6800000000
111 210.9690 1.6800000000
112 212.8912 1.6700000000
113 214.8123 1.7000000000
114 216.7444 1.6700000000
115 218.6727 1.6600000000
116 220.6054 1.6600000000
117 222.5345 1.6700000000
118 224.4727 1.6600000000
119 226.4021 1.6700000000
120 228.3376 1.6500000000
121 230.2857 1.6500000000
122 232.2280 1.6900000000
123 234.1649 1.6700000000
124 236.0972 1.6900000000
125 238.0267 1.6700000000
126 239.9580 1.6600000000
127 241.8804 1.6700000000
128 243.8079 1.6700000000
129 245.7369 1.7000000000
130 247.6604 1.6700000000
131 249.5878 1.6700000000
132 251.5087 1.6700000000
133 253.4301 1.6900000000
134 255.3514 1.6700000000
135 257.2818 1.6700000000
136 259.2051 1.6900000000
137 261.1309 1.6800000000
138 263.0552 1.7000000000
139 264.9765 1.6900000000
140 266.9021 1.7000000000
141 268.8234 1.6700000000
142 270.7488 1.6800000000
143 272.6731 1.6900000000
144 274.5940 1.6800000000
145 276.5233 1.7000000000
146 278.4507 1.6900000000
147 280.3694 1.6700000000
148 282.2860 1.6800000000
149 284.2099 1.6700000000
150 286.1383 1.6700000000
151 288.0567 1.6900000000
152 289.9782 1.6800000000
153 291.8931 1.6800000000
154 293.8128 1.6500000000
155 295.7282 1.6800000000
156 297.6455 1.6700000000
157 299.5615 1.6600000000
158 301.4900 1.6600000000
159 303.4096 1.6700000000
160 305.3331 1.6600000000
161 307.2527 1.6300000000
162 309.1764 1.6600000000
163 311.1059 1.6300000000
164 313.0443 1.6600000000
165 314.9857 1.6300000000
166 316.9218 1.6500000000
167 318.8586 1.6600000000
168 320.7888 1.6200000000
169 322.7253 1.6400000000
170 324.6617 1.6500000000
171 326.5967 1.6500000000
172 328.5336 1.6400000000
173 330.4635 1.6200000000
174 332.3941 1.6600000000
175 334.3274 1.6400000000
176 336.2611 1.6300000000
177 338.1952 1.6500000000
178 340.1294 1.6300000000
179 342.0477 1.6300000000
180 343.9741 1.6600000000
181 345.8998 1.6400000000
182 347.8268 1.6300000000
183 349.7533 1.6300000000
184 351.6762 1.6200000000
185 353.5997 1.6200000000
186 355.5265 1.6300000000
187 357.4531 1.6300000000
188 359.3803 1.6200000000
189 361.3062 1.6000000000
190 363.2268 1.6400000000
191 365.1532 1.6300000000
192 367.0796 1.6300000000
193 369.0051 1.6400000000
194 370.9243 1.6200000000
195 372.8431 1.6200000000
196 374.7500 1.6200000000
197 376.6556 1.6200000000
198 378.5609 1.6100000000
199 380.4667 1.6100000000
200 382.3783 1.6400000000
