1 0.0000 0.0715333333
2 1.9116 0.0318500000
3 3.8206 0.0216833333
4 5.7274 0.0164833333
5 7.6380 0.0121333333
6 9.5491 0.0092166667
7 11.4573 0.0070166667
8 13.3635 0.0052666667
9 15.2704 0.0038166667
10 17.1789 0.0028000000
11 19.0838 0.0020000000
12 20.9914 0.0015833333
13 22.8975 0.0012000000
14 24.8066 0.0009333333
15 26.7120 0.0008333333
16 28.6190 0.0007000000
17 30.5278 0.0006500000
18 32.4431 0.0005333333
19 34.3506 0.0004166667
20 36.2594 0.0002833333
21 38.1660 0.0002833333
22 40.0739 0.0002333333
23 41.9818 0.0002000000
24 43.8890 0.0001666667
25 45.7957 0.0001333333
26 47.7056 0.0001166667
27 49.6150 0.0001166667
28 51.5250 0.0001000000
29 53.4311 0.0001000000
30 55.3383 0.0001000000
31 57.2447 0.0001000000
32 59.1524 0.0001000000
33 61.0588 0.0000833333
34 62.9680 0.0000666667
35 64.8749 0.0000833333
36 66.7814 0.0000666667
37 68.6884 0.0000666667
38 70.5980 0.0000500000
39 72.5097 0.0000500000
40 74.4170 0.0000166667
41 76.3244 0.0000500000
42 78.2333 0.0000166667
43 80.1390 0.0000166667
44 82.0466 0.0000166667
45 83.9533 0.0000166667
46 85.8609 0.0000166667
47 87.7663 0.0000166667
48 89.6723 0.0000166667
49 91.5789 0.0000166667
50 93.4858 0.0000166667
51 95.3926 0.0000166667
52 97.3088 0.0000166667
53 99.2164 0.0000166667
54 101.1233 0.0000166667
55 103.0504 0.0000166667
56 104.9835 0.0000166667
57 106.9213 0.0000166667
58 108.8723 0.0000166667
59 110.8016 0.0000166667
60 112.7085 0.0000166667
61 114.6167 0.0000166667
62 116.5304 0.0000166667
63 118.4373 0.0000166667
64 120.3453 0.0000166667
65 122.2808 0.0000166667
66 124.2110 0.0000166667
67 126.1395 0.0000166667
68 128.0698 0.0000166667
69 129.9999 0.0000166667
70 131.9340 0.0000166667
71 133.8631 0.0000166667
72 135.7998 0.0000166667
73 137.7284 0.0000166667
74 139.6567 0.0000166667
75 141.5845 0.0000166667
76 143.5121 0.0000166667
77 145.4358 0.0000166667
78 147.3697 0.0000166667
79 149.2983 0.0000166667
80 151.2211 0.0000166667
81 153.1379 0.0000166667
82 155.0659 0.0000166667
83 156.9919 0.0000166667
84 158.9211 0.0000166667
85 160.8471 0.0000166667
86 162.7733 0.0000166667
87 164.6917 0.0000166667
88 166.6121 0.0000166667
89 168.5304 0.0000166667
90 170.4556 0.0000166667
91 172.3863 0.0000166667
92 174.3222 0.0000166667
93 176.2548 0.0000166667
94 178.1845 0.0000166667
95 180.1187 0.0000166667
96 182.0535 0.0000166667
97 183.9912 0.0000166667
98 185.9259 0.0000166667
99 187.8476 0.0000166667
100 189.7696 0.0000166667
101 191.6901 0.0000166667
102 193.6222 0.0000166667
103 195.5552 0.0000166667
104 197.4848 0.0000166667
105 199.4119 0.0000166667
106 201.3315 0.0000166667
107 203.2653 0.0000166667
108 205.2006 0.0000166667
109 207.1258 0.0000166667
110 209.0476 0.0000166667
111 210.9690 0.0000166667
112 212.8912 0.0000166667
113 214.8123 0.0000166667
114 216.7444 0.0000166667
115 218.6727 0.0000166667
116 220.6054 0.0000166667
117 222.5345 0.0000166667
118 224.4727 0.0000166667
119 226.4021 0.0000166667
120 228.3376 0.0000166667
121 230.2857 0.0000166667
122 232.2280 0.0000166667
123 234.1649 0.0000166667
124 236.0972 0.0000166667
125 238.0267 0.0000166667
126 239.9580 0.0000166667
127 241.8804 0.0000166667
128 243.8079 0.0000166667
129 245.7369 0.0000166667
130 247.6604 0.0000166667
131 249.5878 0.0000166667
132 251.5087 0.0000166667
133 253.4301 0.0000166667
134 255.3514 0.0000166667
135 257.2818 0.0000166667
136 259.2051 0.0000166667
137 261.1309 0.0000166667
138 263.0552 0.0000166667
139 264.9765 0.0000166667
140 266.9021 0.0000166667
141 268.8234 0.0000166667
142 270.7488 0.0000166667
143 272.6731 0.0000166667
144 274.5940 0.0000166667
145 276.5233 0.0000166667
146 278.4507 0.0000166667
147 280.3694 0.0000166667
148 282.2860 0.0000166667
149 284.2099 0.0000166667
150 286.1383 0.0000166667
151 288.0567 0.0000166667
152 289.9782 0.0000166667
153 291.8931 0.0000166667
154 293.8128 0.0000166667
155 295.7282 0.0000166667
156 297.6455 0.0000166667
157 299.5615 0.0000166667
158 301.4900 0.0000166667
159 303.4096 0.0000166667
160 305.3331 0.0000166667
161 307.2527 0.0000166667
162 309.1764 0.0000166667
163 311.1059 0.0000166667
164 313.0443 0.0000166667
165 314.9857 0.0000166667
166 316.9218 0.0000166667
167 318.8586 0.0000166667
168 320.7888 0.0000166667
169 322.7253 0.0000166667
170 324.6617 0.0000166667
171 326.5967 0.0000166667
172 328.5336 0.0000166667
173 330.4635 0.0000166667
174 332.3941 0.0000166667
175 334.3274 0.0000166667
176 336.2611 0.0000166667
177 338.1952 0.0000166667
178 340.1294 0.0000166667
179 342.0477 0.0000166667
180 343.9741 0.0000166667
181 345.8998 0.0000166667
182 347.8268 0.0000166667
183 349.7533 0.0000166667
184 351.6762 0.0000166667
185 353.5997 0.0000166667
186 355.5265 0.0000166667
187 357.4531 0.0000166667
188 359.3803 0.0000166667
189 361.3062 0.0000166667
190 363.2268 0.0000166667
191 365.1532 0.0000166667
192 367.0796 0.0000166667
193 369.0051 0.0000166667
194 370.9243 0.0000166667
195 372.8431 0.0000166667
196 374.7500 0.0000166667
197 376.6556 0.0000166667
198 378.5609 0.0000166667
199 380.4667 0.0000166667
200 382.3783 0.0000166667
