1 0.0000 4.6400000000
2 1.9387 3.4100000000
3 3.8640 2.9300000000
4 5.7886 2.5700000000
5 7.7149 2.4200000000
6 9.6447 2.3300000000
7 11.5702 2.2100000000
8 13.4959 2.1500000000
9 15.4199 2.1200000000
10 17.3440 2.1100000000
11 19.2685 2.1200000000
12 21.1929 2.0900000000
13 23.1165 2.0800000000
14 25.0409 2.0600000000
15 26.9645 2.0400000000
16 28.8892 1.9500000000
17 30.8132 1.9400000000
18 32.7389 1.9600000000
19 34.6641 1.9500000000
20 36.6058 1.9600000000
21 38.5312 1.9900000000
22 40.4582 1.9400000000
23 42.3826 1.9500000000
24 44.3081 1.9000000000
25 46.2318 1.9100000000
26 48.1559 1.8600000000
27 50.0798 1.9000000000
28 52.0056 1.9000000000
29 53.9292 1.8800000000
30 55.8536 1.9100000000
31 57.7806 1.8500000000
32 59.7143 1.8600000000
33 61.6403 1.8900000000
34 63.5646 1.8700000000
35 65.4889 1.8500000000
36 67.4145 1.8600000000
37 69.3386 1.8300000000
38 71.2792 1.8300000000
39 73.2029 1.8400000000
40 75.1288 1.8400000000
41 77.0541 1.8600000000
42 78.9783 1.8400000000
43 80.9009 1.8300000000
44 82.8279 1.8000000000
45 84.7521 1.8200000000
46 86.6770 1.8600000000
47 88.6016 1.8200000000
48 90.5252 1.8500000000
49 92.4482 1.8700000000
50 94.3720 1.8400000000
51 96.2963 1.8700000000
52 98.2215 1.8700000000
53 100.1472 1.8600000000
54 102.0709 1.8500000000
55 103.9947 1.8600000000
56 105.9199 1.8700000000
57 107.8428 1.8200000000
58 109.7680 1.8600000000
59 111.6913 1.8100000000
60 113.6162 1.8700000000
61 115.5400 1.8600000000
62 117.4638 1.8600000000
63 119.3883 1.8500000000
64 121.3122 1.8700000000
65 123.2348 1.8400000000
66 125.1576 1.8400000000
67 127.0805 1.8400000000
68 129.0045 1.8900000000
69 130.9292 1.8400000000
70 132.8531 1.8400000000
71 134.7761 1.8300000000
72 136.6992 1.8300000000
73 138.6248 1.8600000000
74 140.5602 1.8300000000
75 142.4852 1.8600000000
76 144.4118 1.8400000000
77 146.3368 1.8500000000
78 148.2636 1.8500000000
79 150.1879 1.8500000000
80 152.1131 1.8100000000
81 154.0365 1.8300000000
82 155.9605 1.8600000000
83 157.8839 1.8600000000
84 159.8092 1.8400000000
85 161.7328 1.8300000000
86 163.6582 1.8200000000
87 165.5824 1.8200000000
88 167.5064 1.8100000000
89 169.4309 1.8100000000
90 171.3565 1.8500000000
91 173.2798 1.8000000000
92 175.2043 1.8200000000
93 177.1345 1.8100000000
94 179.0594 1.8200000000
95 180.9831 1.8000000000
96 182.9089 1.8100000000
97 184.8326 1.8400000000
98 186.7566 1.8000000000
99 188.6788 1.8300000000
100 190.6019 1.8100000000
101 192.5261 1.8100000000
102 194.4498 1.8200000000
103 196.3754 1.8400000000
104 198.2999 1.8300000000
105 200.2231 1.8000000000
106 202.1478 1.8200000000
107 204.0715 1.8300000000
108 205.9982 1.8400000000
109 207.9222 1.8300000000
110 209.8471 1.8000000000
111 211.7704 1.8200000000
112 213.6945 1.8200000000
113 215.6181 1.8200000000
114 217.5415 1.8100000000
115 219.4655 1.8200000000
116 221.3907 1.8000000000
117 223.3139 1.8100000000
118 225.2392 1.7900000000
119 227.1636 1.8100000000
120 229.0879 1.8100000000
121 231.0123 1.8000000000
122 232.9359 1.8000000000
123 234.8578 1.7900000000
124 236.7816 1.8100000000
125 238.7054 1.8100000000
126 240.6289 1.8100000000
127 242.5520 1.7900000000
128 244.4770 1.8000000000
129 246.4009 1.7800000000
130 248.3245 1.7800000000
131 250.2480 1.7900000000
132 252.1720 1.7600000000
133 254.0945 1.8000000000
134 256.0191 1.7700000000
135 257.9426 1.8000000000
136 259.8672 1.8000000000
137 261.7915 1.7900000000
138 263.7149 1.8000000000
139 265.6377 1.8100000000
140 267.5615 1.7900000000
141 269.4841 1.8100000000
142 271.4083 1.8100000000
143 273.3316 1.7900000000
144 275.2553 1.8100000000
145 277.1778 1.8000000000
146 279.1006 1.8100000000
147 281.0249 1.8100000000
148 282.9485 1.8000000000
149 284.8718 1.7800000000
150 286.7959 1.8100000000
151 288.7216 1.7700000000
152 290.6502 1.8100000000
153 292.5751 1.8000000000
154 294.5018 1.8000000000
155 296.4268 1.7900000000
156 298.3518 1.7700000000
157 300.2763 1.8100000000
158 302.2006 1.7800000000
159 304.1245 1.8200000000
160 306.0508 1.7900000000
161 307.9744 1.7800000000
162 309.8973 1.7900000000
163 311.8208 1.8100000000
164 313.7461 1.7900000000
165 315.6720 1.8300000000
166 317.5974 1.7800000000
167 319.5217 1.8000000000
168 321.4476 1.7800000000
169 323.3704 1.7800000000
170 325.2969 1.7900000000
171 327.2210 1.7600000000
172 329.1465 1.7800000000
173 331.0691 1.7600000000
174 332.9928 1.7600000000
175 334.9171 1.7800000000
176 336.8419 1.7600000000
177 338.7668 1.7900000000
178 340.6908 1.7700000000
179 342.6145 1.7800000000
180 344.5392 1.7500000000
181 346.4644 1.7900000000
182 348.3886 1.7900000000
183 350.3154 1.7800000000
184 352.2583 1.8000000000
185 354.1834 1.7700000000
186 356.1085 1.7600000000
187 358.0316 1.8000000000
188 359.9561 1.7800000000
189 361.8805 1.8100000000
190 363.8061 1.7800000000
191 365.7308 1.7500000000
192 367.6580 1.8000000000
193 369.5889 1.7700000000
194 371.5155 1.7900000000
195 373.4398 1.8100000000
196 375.3656 1.7800000000
197 377.2898 1.8000000000
198 379.2155 1.8000000000
199 381.1406 1.8000000000
200 383.0662 1.7700000000
