1 0.0000 0.0709666667
2 1.9387 0.0317500000
3 3.8640 0.0224000000
4 5.7886 0.0170000000
5 7.7149 0.0130000000
6 9.6447 0.0103666667
7 11.5702 0.0086333333
8 13.4959 0.0069500000
9 15.4199 0.0055500000
10 17.3440 0.0041833333
11 19.2685 0.0035166667
12 21.1929 0.0029333333
13 23.1165 0.0024333333
14 25.0409 0.0020666667
15 26.9645 0.0018000000
16 28.8892 0.0015333333
17 30.8132 0.0013833333
18 32.7389 0.0012833333
19 34.6641 0.0011333333
20 36.6058 0.0011166667
21 38.5312 0.0010500000
22 40.4582 0.0009833333
23 42.3826 0.0009333333
24 44.3081 0.0009000000
25 46.2318 0.0008500000
26 48.1559 0.0008333333
27 50.0798 0.0008333333
28 52.0056 0.0008000000
29 53.9292 0.0007666667
30 55.8536 0.0007166667
31 57.7806 0.0007333333
32 59.7143 0.0006833333
33 61.6403 0.0007166667
34 63.5646 0.0006833333
35 65.4889 0.0006666667
36 67.4145 0.0006666667
37 69.3386 0.0006666667
38 71.2792 0.0006500000
39 73.2029 0.0006333333
40 75.1288 0.0006500000
41 77.0541 0.0005833333
42 78.9783 0.0006500000
43 80.9009 0.0006166667
44 82.8279 0.0006000000
45 84.7521 0.0006000000
46 86.6770 0.0005666667
47 88.6016 0.0005666667
48 90.5252 0.0005333333
49 92.4482 0.0005166667
50 94.3720 0.0005500000
51 96.2963 0.0005500000
52 98.2215 0.0005333333
53 100.1472 0.0005333333
54 102.0709 0.0005166667
55 103.9947 0.0005333333
56 105.9199 0.0005166667
57 107.8428 0.0004666667
58 109.7680 0.0005333333
59 111.6913 0.0005333333
60 113.6162 0.0005000000
61 115.5400 0.0005000000
62 117.4638 0.0005000000
63 119.3883 0.0005000000
64 121.3122 0.0004666667
65 123.2348 0.0004666667
66 125.1576 0.0004833333
67 127.0805 0.0004500000
68 129.0045 0.0004333333
69 130.9292 0.0004500000
70 132.8531 0.0004500000
71 134.7761 0.0004500000
72 136.6992 0.0004166667
73 138.6248 0.0004333333
74 140.5602 0.0004166667
75 142.4852 0.0004166667
76 144.4118 0.0003833333
77 146.3368 0.0004000000
78 148.2636 0.0004166667
79 150.1879 0.0004166667
80 152.1131 0.0004000000
81 154.0365 0.0004000000
82 155.9605 0.0004166667
83 157.8839 0.0004000000
84 159.8092 0.0004000000
85 161.7328 0.0003833333
86 163.6582 0.0003833333
87 165.5824 0.0003833333
88 167.5064 0.0003500000
89 169.4309 0.0003666667
90 171.3565 0.0003666667
91 173.2798 0.0003500000
92 175.2043 0.0003500000
93 177.1345 0.0003666667
94 179.0594 0.0003666667
95 180.9831 0.0003666667
96 182.9089 0.0003500000
97 184.8326 0.0003666667
98 186.7566 0.0003500000
99 188.6788 0.0003500000
100 190.6019 0.0003500000
101 192.5261 0.0003666667
102 194.4498 0.0003333333
103 196.3754 0.0003666667
104 198.2999 0.0003500000
105 200.2231 0.0003500000
106 202.1478 0.0003500000
107 204.0715 0.0003500000
108 205.9982 0.0003666667
109 207.9222 0.0003500000
110 209.8471 0.0003666667
111 211.7704 0.0003666667
112 213.6945 0.0003500000
113 215.6181 0.0003500000
114 217.5415 0.0003333333
115 219.4655 0.0003500000
116 221.3907 0.0003333333
117 223.3139 0.0003500000
118 225.2392 0.0003500000
119 227.1636 0.0003500000
120 229.0879 0.0003500000
121 231.0123 0.0003500000
122 232.9359 0.0003333333
123 234.8578 0.0003500000
124 236.7816 0.0003333333
125 238.7054 0.0003333333
126 240.6289 0.0003333333
127 242.5520 0.0003500000
128 244.4770 0.0003333333
129 246.4009 0.0003333333
130 248.3245 0.0003333333
131 250.2480 0.0003500000
132 252.1720 0.0003333333
133 254.0945 0.0003333333
134 256.0191 0.0003333333
135 257.9426 0.0003500000
136 259.8672 0.0003333333
137 261.7915 0.0003333333
138 263.7149 0.0003500000
139 265.6377 0.0003333333
140 267.5615 0.0003333333
141 269.4841 0.0003333333
142 271.4083 0.0003333333
143 273.3316 0.0003333333
144 275.2553 0.0003333333
145 277.1778 0.0003333333
146 279.1006 0.0003166667
147 281.0249 0.0003333333
148 282.9485 0.0003333333
149 284.8718 0.0003333333
150 286.7959 0.0003333333
151 288.7216 0.0003333333
152 290.6502 0.0003333333
153 292.5751 0.0003333333
154 294.5018 0.0003333333
155 296.4268 0.0003333333
156 298.3518 0.0003333333
157 300.2763 0.0003333333
158 302.2006 0.0003333333
159 304.1245 0.0003333333
160 306.0508 0.0003333333
161 307.9744 0.0003333333
162 309.8973 0.0003333333
163 311.8208 0.0003333333
164 313.7461 0.0003333333
165 315.6720 0.0003333333
166 317.5974 0.0003333333
167 319.5217 0.0003333333
168 321.4476 0.0003333333
169 323.3704 0.0003333333
170 325.2969 0.0003333333
171 327.2210 0.0003333333
172 329.1465 0.0003333333
173 331.0691 0.0003333333
174 332.9928 0.0003333333
175 334.9171 0.0003333333
176 336.8419 0.0003333333
177 338.7668 0.0003333333
178 340.6908 0.0003333333
179 342.6145 0.0003333333
180 344.5392 0.0003333333
181 346.4644 0.0003333333
182 348.3886 0.0003333333
183 350.3154 0.0003333333
184 352.2583 0.0003333333
185 354.1834 0.0003500000
186 356.1085 0.0003333333
187 358.0316 0.0003333333
188 359.9561 0.0003333333
189 361.8805 0.0003333333
190 363.8061 0.0003333333
191 365.7308 0.0003333333
192 367.6580 0.0003333333
193 369.5889 0.0003500000
194 371.5155 0.0003333333
195 373.4398 0.0003333333
196 375.3656 0.0003333333
197 377.2898 0.0003333333
198 379.2155 0.0003333333
199 381.1406 0.0003333333
200 383.0662 0.0003333333
