1 0.0000 4.6300000000
2 4.2828 3.2500000000
3 8.3435 2.6700000000
4 12.4024 2.4700000000
5 16.4616 2.4900000000
6 20.5228 2.3500000000
7 24.5831 2.1800000000
8 28.6411 2.0100000000
9 32.6988 1.8300000000
10 36.7585 1.9800000000
11 40.8298 2.0600000000
12 44.8885 1.7300000000
13 48.9475 1.6200000000
14 53.0060 1.5300000000
15 57.0644 1.7400000000
16 61.1235 1.6200000000
17 65.1815 1.5200000000
18 69.2414 1.5500000000
19 73.3007 1.5300000000
20 77.3589 1.4900000000
21 81.4160 1.4700000000
22 85.4779 1.5500000000
23 89.5390 1.5000000000
24 93.5972 1.4700000000
25 97.6553 1.4200000000
26 101.7137 1.6500000000
27 105.7728 1.4700000000
28 109.8307 1.5600000000
29 113.8884 1.4900000000
30 117.9468 1.3900000000
31 122.0044 1.4400000000
32 126.0624 1.3100000000
33 130.1229 1.3500000000
34 134.1811 1.3900000000
35 138.2385 1.3900000000
36 142.2968 1.4900000000
37 146.3544 1.3700000000
38 150.4342 1.4200000000
39 154.4927 1.3700000000
40 158.5543 1.4400000000
41 162.6117 1.3500000000
42 166.6688 1.3300000000
43 170.7294 1.3300000000
44 174.7955 1.2800000000
45 178.8570 1.3400000000
46 182.9185 1.3000000000
47 186.9808 1.3400000000
48 191.0438 1.3300000000
49 195.1070 1.3300000000
50 199.1709 1.3700000000
51 203.2331 1.3000000000
52 207.2959 1.3100000000
53 211.3573 1.3000000000
54 215.4208 1.1700000000
55 219.4851 1.3300000000
56 223.5482 1.2900000000
57 227.6102 1.2700000000
58 231.6736 1.2000000000
59 235.7378 1.2300000000
60 239.8036 1.2300000000
61 243.8667 1.3000000000
62 247.9291 1.2200000000
63 251.9954 1.3300000000
64 256.0632 1.2500000000
65 260.1266 1.2800000000
66 264.1923 1.2500000000
67 268.2560 1.3100000000
68 272.3188 1.2400000000
69 276.3807 1.2900000000
70 280.4528 1.2900000000
71 284.5182 1.2700000000
72 288.5874 1.2200000000
73 292.6534 1.2100000000
74 296.7166 1.2000000000
75 300.7775 1.2600000000
76 304.8410 1.3600000000
77 308.9068 1.3000000000
78 312.9711 1.2300000000
79 317.0371 1.2400000000
80 321.1028 1.2200000000
81 325.1853 1.2600000000
82 329.2495 1.2700000000
83 333.3141 1.2600000000
84 337.3799 1.3400000000
85 341.4438 1.4300000000
86 345.5115 1.3200000000
87 349.5737 1.1900000000
88 353.6368 1.2400000000
89 357.6991 1.2200000000
90 361.7618 1.1500000000
91 365.8226 1.2300000000
92 369.8848 1.2700000000
93 373.9468 1.2700000000
94 378.0119 1.2300000000
95 382.0749 1.1900000000
96 386.1374 1.3400000000
97 390.2008 1.3700000000
98 394.2641 1.2900000000
99 398.3255 1.2200000000
100 402.4029 1.2200000000
101 406.4710 1.2400000000
102 410.5345 1.3200000000
103 414.5964 1.2500000000
104 418.6645 1.3200000000
105 422.7311 1.3200000000
106 426.7924 1.2300000000
107 430.8554 1.2900000000
108 434.9188 1.2400000000
109 438.9814 1.3400000000
110 443.0428 1.3200000000
111 447.1048 1.2800000000
112 451.1658 1.2100000000
113 455.2260 1.2300000000
114 459.2896 1.2400000000
115 463.3520 1.2300000000
116 467.4127 1.2500000000
117 471.5141 1.2400000000
118 475.5751 1.0700000000
119 479.6335 1.2400000000
120 483.6925 1.2100000000
121 487.7508 1.1900000000
122 491.8091 1.2500000000
123 495.8685 1.1900000000
124 499.9284 1.2200000000
125 503.9866 1.2200000000
126 508.0589 1.2900000000
127 512.1180 1.1900000000
128 516.1771 1.2300000000
129 520.2358 1.1900000000
130 524.2965 1.2800000000
131 528.3554 1.2000000000
132 532.4158 1.2500000000
133 536.4743 1.2800000000
134 540.5336 1.2300000000
135 544.5924 1.2200000000
136 548.6514 1.2300000000
137 552.7101 1.1500000000
138 556.7701 1.2600000000
139 560.8337 1.2100000000
140 564.9024 1.2000000000
141 568.9679 1.2300000000
142 573.0336 1.2100000000
143 577.0984 1.1700000000
144 581.1615 1.1300000000
145 585.2264 1.2200000000
146 589.2915 1.1500000000
147 593.3541 1.1400000000
148 597.4174 1.2000000000
149 601.4815 1.1500000000
150 605.5451 1.1600000000
151 609.6084 1.1900000000
152 613.6719 1.2400000000
153 617.7355 1.1800000000
154 621.8005 1.3000000000
155 625.8636 1.2300000000
156 629.9287 1.1700000000
157 633.9915 1.2800000000
158 638.0569 1.1600000000
159 642.1216 1.2600000000
160 646.1864 1.1400000000
161 650.2494 1.1100000000
162 654.3132 1.2500000000
163 658.3764 1.2400000000
164 662.4413 1.1700000000
165 666.5071 1.2000000000
166 670.5724 1.1400000000
167 674.6370 1.2300000000
168 678.7017 1.2200000000
169 682.7698 1.1900000000
170 686.8352 1.1400000000
171 690.8992 1.2300000000
172 694.9635 1.1700000000
173 699.0290 1.2300000000
174 703.0811 1.2200000000
175 707.1328 1.2200000000
176 711.1844 1.2000000000
177 715.2357 1.2300000000
178 719.2872 1.1100000000
179 723.3400 1.1300000000
180 727.3917 1.1900000000
181 731.4534 1.2500000000
182 735.5074 1.1700000000
183 739.5601 1.2600000000
184 743.6171 1.2200000000
185 747.6668 1.3000000000
186 751.7163 1.2000000000
187 755.7711 1.1700000000
188 759.8192 1.2500000000
189 763.8682 1.2000000000
190 767.9178 1.1800000000
191 771.9657 1.1800000000
192 776.0141 1.1200000000
193 780.0638 1.2400000000
194 784.1129 1.1800000000
195 788.1606 1.2200000000
196 792.2092 1.1800000000
197 796.2581 1.1400000000
198 800.3072 1.1600000000
199 804.3544 1.0800000000
200 808.4014 1.0500000000
