1 0.0000 0.0730666667
2 4.2828 0.0335166667
3 8.3435 0.0246666667
4 12.4024 0.0199500000
5 16.4616 0.0163666667
6 20.5228 0.0142000000
7 24.5831 0.0122333333
8 28.6411 0.0104833333
9 32.6988 0.0089666667
10 36.7585 0.0081500000
11 40.8298 0.0074500000
12 44.8885 0.0062166667
13 48.9475 0.0059333333
14 53.0060 0.0052500000
15 57.0644 0.0045000000
16 61.1235 0.0040166667
17 65.1815 0.0038333333
18 69.2414 0.0034000000
19 73.3007 0.0034833333
20 77.3589 0.0028666667
21 81.4160 0.0026333333
22 85.4779 0.0022000000
23 89.5390 0.0022833333
24 93.5972 0.0022166667
25 97.6553 0.0020666667
26 101.7137 0.0020833333
27 105.7728 0.0016500000
28 109.8307 0.0014000000
29 113.8884 0.0015000000
30 117.9468 0.0010666667
31 122.0044 0.0011666667
32 126.0624 0.0010666667
33 130.1229 0.0008833333
34 134.1811 0.0009833333
35 138.2385 0.0010500000
36 142.2968 0.0009000000
37 146.3544 0.0008000000
38 150.4342 0.0007833333
39 154.4927 0.0007166667
40 158.5543 0.0006833333
41 162.6117 0.0006333333
42 166.6688 0.0006000000
43 170.7294 0.0004833333
44 174.7955 0.0004500000
45 178.8570 0.0005833333
46 182.9185 0.0005166667
47 186.9808 0.0005166667
48 191.0438 0.0004166667
49 195.1070 0.0005000000
50 199.1709 0.0003833333
51 203.2331 0.0004500000
52 207.2959 0.0003333333
53 211.3573 0.0003166667
54 215.4208 0.0002500000
55 219.4851 0.0003333333
56 223.5482 0.0003333333
57 227.6102 0.0002000000
58 231.6736 0.0001833333
59 235.7378 0.0001833333
60 239.8036 0.0001000000
61 243.8667 0.0002166667
62 247.9291 0.0001833333
63 251.9954 0.0002833333
64 256.0632 0.0002666667
65 260.1266 0.0001500000
66 264.1923 0.0002166667
67 268.2560 0.0001500000
68 272.3188 0.0001000000
69 276.3807 0.0001333333
70 280.4528 0.0001500000
71 284.5182 0.0001500000
72 288.5874 0.0001000000
73 292.6534 0.0001166667
74 296.7166 0.0001666667
75 300.7775 0.0001000000
76 304.8410 0.0000500000
77 308.9068 0.0000833333
78 312.9711 0.0001000000
79 317.0371 0.0001000000
80 321.1028 0.0000500000
81 325.1853 0.0000500000
82 329.2495 0.0000500000
83 333.3141 0.0000333333
84 337.3799 0.0000666667
85 341.4438 0.0001000000
86 345.5115 0.0001166667
87 349.5737 0.0000666667
88 353.6368 0.0000666667
89 357.6991 0.0000166667
90 361.7618 0.0000500000
91 365.8226 0.0000500000
92 369.8848 0.0000500000
93 373.9468 0.0000166667
94 378.0119 0.0000166667
95 382.0749 0.0000166667
96 386.1374 0.0001166667
97 390.2008 0.0000333333
98 394.2641 0.0000666667
99 398.3255 0.0000500000
100 402.4029 0.0001000000
101 406.4710 0.0000333333
102 410.5345 0.0000333333
103 414.5964 0.0001000000
104 418.6645 0.0000666667
105 422.7311 0.0000333333
106 426.7924 0.0001000000
107 430.8554 0.0000333333
108 434.9188 0.0000333333
109 438.9814 0.0000500000
110 443.0428 0.0000166667
111 447.1048 0.0000500000
112 451.1658 0.0000166667
113 455.2260 0.0000333333
114 459.2896 0.0000666667
115 463.3520 0.0000166667
116 467.4127 0.0000166667
117 471.5141 0.0000333333
118 475.5751 0.0000166667
119 479.6335 0.0000000000
120 483.6925 0.0000000000
121 487.7508 0.0000000000
122 491.8091 0.0000333333
123 495.8685 0.0000166667
124 499.9284 0.0000500000
125 503.9866 0.0000000000
126 508.0589 0.0000166667
127 512.1180 0.0000166667
128 516.1771 0.0000500000
129 520.2358 0.0000000000
130 524.2965 0.0000166667
131 528.3554 0.0000500000
132 532.4158 0.0000000000
133 536.4743 0.0000333333
134 540.5336 0.0000333333
135 544.5924 0.0000166667
136 548.6514 0.0000166667
137 552.7101 0.0000000000
138 556.7701 0.0000166667
139 560.8337 0.0000000000
140 564.9024 0.0000166667
141 568.9679 0.0000166667
142 573.0336 0.0000000000
143 577.0984 0.0000166667
144 581.1615 0.0000000000
145 585.2264 0.0000000000
146 589.2915 0.0000166667
147 593.3541 0.0000166667
148 597.4174 0.0000500000
149 601.4815 0.0000333333
150 605.5451 0.0000000000
151 609.6084 0.0000000000
152 613.6719 0.0000000000
153 617.7355 0.0000000000
154 621.8005 0.0000000000
155 625.8636 0.0000166667
156 629.9287 0.0000000000
157 633.9915 0.0000000000
158 638.0569 0.0000000000
159 642.1216 0.0000000000
160 646.1864 0.0000000000
161 650.2494 0.0000166667
162 654.3132 0.0000166667
163 658.3764 0.0000166667
164 662.4413 0.0000166667
165 666.5071 0.0000166667
166 670.5724 0.0000166667
167 674.6370 0.0000000000
168 678.7017 0.0000000000
169 682.7698 0.0000166667
170 686.8352 0.0000166667
171 690.8992 0.0000000000
172 694.9635 0.0000166667
173 699.0290 0.0000000000
174 703.0811 0.0000000000
175 707.1328 0.0000000000
176 711.1844 0.0000000000
177 715.2357 0.0000000000
178 719.2872 0.0000000000
179 723.3400 0.0000000000
180 727.3917 0.0000000000
181 731.4534 0.0000000000
182 735.5074 0.0000000000
183 739.5601 0.0000166667
184 743.6171 0.0000000000
185 747.6668 0.0000000000
186 751.7163 0.0000000000
187 755.7711 0.0000000000
188 759.8192 0.0000000000
189 763.8682 0.0000166667
190 767.9178 0.0000000000
191 771.9657 0.0000166667
192 776.0141 0.0000333333
193 780.0638 0.0000000000
194 784.1129 0.0000000000
195 788.1606 0.0000000000
196 792.2092 0.0000000000
197 796.2581 0.0000000000
198 800.3072 0.0000166667
199 804.3544 0.0000000000
200 808.4014 0.0000000000
