1 0.0000 5.0000000000
2 1.9260 3.4600000000
3 3.8421 2.8000000000
4 5.7536 2.4800000000
5 7.6647 2.3600000000
6 9.5761 2.2900000000
7 11.4878 2.2300000000
8 13.3984 2.1800000000
9 15.3095 2.1200000000
10 17.2213 2.0700000000
11 19.1320 2.0700000000
12 21.0674 2.0800000000
13 22.9882 2.0900000000
14 24.8996 2.0700000000
15 26.8108 2.1000000000
16 28.7218 2.0700000000
17 30.6328 2.0700000000
18 32.5438 2.0900000000
19 34.4554 2.0800000000
20 36.3667 2.0800000000
21 38.2829 2.1100000000
22 40.1929 2.0700000000
23 42.1032 2.0800000000
24 44.0138 2.0800000000
25 45.9235 2.0700000000
26 47.8357 2.0600000000
27 49.7472 2.0800000000
28 51.6593 2.0600000000
29 53.5692 2.0400000000
30 55.4802 2.0500000000
31 57.3900 2.0600000000
32 59.2999 2.0200000000
33 61.2089 2.0200000000
34 63.1199 2.0300000000
35 65.0301 2.0400000000
36 66.9430 2.0300000000
37 68.8585 2.0000000000
38 70.7699 2.0500000000
39 72.6893 2.0200000000
40 74.6022 1.9800000000
41 76.5137 2.0200000000
42 78.4248 2.0200000000
43 80.3362 2.0200000000
44 82.2465 2.0300000000
45 84.1567 1.9700000000
46 86.0674 2.0600000000
47 87.9795 1.9700000000
48 89.8941 1.9800000000
49 91.8112 2.0000000000
50 93.7236 2.0000000000
51 95.6349 1.9800000000
52 97.5465 2.0100000000
53 99.4571 1.9900000000
54 101.3679 2.0300000000
55 103.2783 2.0000000000
56 105.1893 2.0300000000
57 107.1035 2.0200000000
58 109.0218 2.0300000000
59 110.9330 2.0000000000
60 112.8467 2.0200000000
61 114.7593 2.0200000000
62 116.6699 2.0200000000
63 118.5809 1.9900000000
64 120.4922 1.9900000000
65 122.4021 2.0000000000
66 124.3124 2.0200000000
67 126.2220 1.9900000000
68 128.1331 1.9900000000
69 130.0427 2.0000000000
70 131.9545 1.9700000000
71 133.8633 1.9800000000
72 135.7756 1.9900000000
73 137.6858 2.0000000000
74 139.5957 2.0000000000
75 141.5064 1.9600000000
76 143.4167 1.9900000000
77 145.3263 1.9800000000
78 147.2385 1.9500000000
79 149.1764 1.9900000000
80 151.0860 2.0100000000
81 152.9964 1.9700000000
82 154.9062 1.9700000000
83 156.8164 1.9800000000
84 158.7250 2.0100000000
85 160.6348 2.0100000000
86 162.5463 1.9600000000
87 164.4589 1.9900000000
88 166.3688 1.9900000000
89 168.2773 2.0100000000
90 170.1865 1.9500000000
91 172.0966 1.9800000000
92 174.0157 2.0000000000
93 175.9274 1.9600000000
94 177.8459 1.9800000000
95 179.7569 1.9500000000
96 181.6693 1.9700000000
97 183.5912 1.9800000000
98 185.5022 1.9400000000
99 187.4132 1.9800000000
100 189.3238 1.9600000000
101 191.2342 1.9800000000
102 193.1442 1.9700000000
103 195.0541 1.9600000000
104 196.9646 1.9600000000
105 198.8739 1.9700000000
106 200.7829 1.9700000000
107 202.6931 1.9800000000
108 204.6032 1.9900000000
109 206.5135 1.9600000000
110 208.4229 1.9800000000
111 210.3331 1.9700000000
112 212.2427 1.9500000000
113 214.1536 1.9900000000
114 216.0669 1.9700000000
115 217.9972 1.9800000000
116 219.9098 1.9500000000
117 221.8231 1.9600000000
118 223.7399 1.9500000000
119 225.6510 1.9900000000
120 227.5643 1.9700000000
121 229.4748 1.9400000000
122 231.3872 1.9600000000
123 233.2980 1.9900000000
124 235.2091 2.0000000000
125 237.1188 1.9600000000
126 239.0299 1.9700000000
127 240.9399 1.9500000000
128 242.8519 1.9800000000
129 244.7632 2.0100000000
130 246.6740 1.9600000000
131 248.5849 2.0000000000
132 250.4954 1.9800000000
133 252.4043 1.9400000000
134 254.3145 1.9800000000
135 256.2245 1.9900000000
136 258.1351 1.9900000000
137 260.0476 2.0000000000
138 261.9632 2.0000000000
139 263.8755 1.9700000000
140 265.7881 2.0000000000
141 267.6989 1.9700000000
142 269.6099 1.9600000000
143 271.5202 1.9900000000
144 273.4309 1.9800000000
145 275.3413 1.9800000000
146 277.2513 1.9900000000
147 279.1631 1.9800000000
148 281.0749 2.0000000000
149 282.9850 1.9300000000
150 284.8947 1.9900000000
151 286.8060 1.9900000000
152 288.7172 1.9700000000
153 290.6272 1.9800000000
154 292.5382 1.9800000000
155 294.4484 1.9800000000
156 296.3592 2.0000000000
157 298.2702 1.9800000000
158 300.1806 1.9600000000
159 302.0908 2.0100000000
160 304.0029 1.9600000000
161 305.9138 1.9700000000
162 307.8232 1.9500000000
163 309.7331 1.9400000000
164 311.6438 1.9900000000
165 313.5539 1.9600000000
166 315.4644 1.9800000000
167 317.3735 1.9800000000
168 319.2828 1.9600000000
169 321.1920 1.9600000000
170 323.1028 1.9800000000
171 325.0123 2.0000000000
172 326.9257 1.9500000000
173 328.8446 1.9900000000
174 330.7563 1.9600000000
175 332.6677 1.9600000000
176 334.5787 1.9800000000
177 336.4898 2.0100000000
178 338.4013 2.0000000000
179 340.3142 1.9600000000
180 342.2181 2.0300000000
181 344.1221 1.9900000000
182 346.0249 1.9700000000
183 347.9277 1.9800000000
184 349.8308 1.9800000000
185 351.7330 1.9900000000
186 353.6352 1.9500000000
187 355.5382 2.0100000000
188 357.4417 1.9900000000
189 359.3447 1.9400000000
190 361.2490 2.0200000000
191 363.1515 1.9700000000
192 365.0549 2.0100000000
193 366.9595 1.9900000000
194 368.8659 2.0200000000
195 370.7697 2.0200000000
196 372.6759 1.9800000000
197 374.5824 1.9600000000
198 376.4861 2.0100000000
199 378.3889 1.9800000000
200 380.2942 1.9900000000
