1 0.0000 0.0727333333
2 1.9260 0.0326500000
3 3.8421 0.0223833333
4 5.7536 0.0171000000
5 7.6647 0.0130500000
6 9.5761 0.0104666667
7 11.4878 0.0083833333
8 13.3984 0.0066500000
9 15.3095 0.0054500000
10 17.2213 0.0043833333
11 19.1320 0.0036000000
12 21.0674 0.0029833333
13 22.9882 0.0026166667
14 24.8996 0.0021000000
15 26.8108 0.0018333333
16 28.7218 0.0016333333
17 30.6328 0.0014500000
18 32.5438 0.0012500000
19 34.4554 0.0011166667
20 36.3667 0.0010833333
21 38.2829 0.0010166667
22 40.1929 0.0009500000
23 42.1032 0.0009166667
24 44.0138 0.0008500000
25 45.9235 0.0008166667
26 47.8357 0.0008000000
27 49.7472 0.0007166667
28 51.6593 0.0007000000
29 53.5692 0.0006500000
30 55.4802 0.0006166667
31 57.3900 0.0006333333
32 59.2999 0.0005833333
33 61.2089 0.0005666667
34 63.1199 0.0005333333
35 65.0301 0.0005666667
36 66.9430 0.0005333333
37 68.8585 0.0005666667
38 70.7699 0.0005333333
39 72.6893 0.0005333333
40 74.6022 0.0005000000
41 76.5137 0.0005000000
42 78.4248 0.0005000000
43 80.3362 0.0005000000
44 82.2465 0.0004833333
45 84.1567 0.0005000000
46 86.0674 0.0004833333
47 87.9795 0.0005000000
48 89.8941 0.0005000000
49 91.8112 0.0004833333
50 93.7236 0.0004500000
51 95.6349 0.0004500000
52 97.5465 0.0005000000
53 99.4571 0.0005000000
54 101.3679 0.0004500000
55 103.2783 0.0004666667
56 105.1893 0.0004500000
57 107.1035 0.0004666667
58 109.0218 0.0004666667
59 110.9330 0.0004500000
60 112.8467 0.0004500000
61 114.7593 0.0004500000
62 116.6699 0.0004500000
63 118.5809 0.0004333333
64 120.4922 0.0004333333
65 122.4021 0.0004333333
66 124.3124 0.0004333333
67 126.2220 0.0004333333
68 128.1331 0.0004333333
69 130.0427 0.0004166667
70 131.9545 0.0004333333
71 133.8633 0.0004000000
72 135.7756 0.0004166667
73 137.6858 0.0004166667
74 139.5957 0.0004000000
75 141.5064 0.0004500000
76 143.4167 0.0004333333
77 145.3263 0.0004000000
78 147.2385 0.0004166667
79 149.1764 0.0004333333
80 151.0860 0.0004333333
81 152.9964 0.0004333333
82 154.9062 0.0003833333
83 156.8164 0.0004166667
84 158.7250 0.0004166667
85 160.6348 0.0004166667
86 162.5463 0.0004333333
87 164.4589 0.0004166667
88 166.3688 0.0004000000
89 168.2773 0.0004000000
90 170.1865 0.0004333333
91 172.0966 0.0004166667
92 174.0157 0.0004000000
93 175.9274 0.0004166667
94 177.8459 0.0004000000
95 179.7569 0.0004000000
96 181.6693 0.0004166667
97 183.5912 0.0004000000
98 185.5022 0.0004166667
99 187.4132 0.0004000000
100 189.3238 0.0003833333
101 191.2342 0.0003833333
102 193.1442 0.0004000000
103 195.0541 0.0004166667
104 196.9646 0.0004166667
105 198.8739 0.0003833333
106 200.7829 0.0004000000
107 202.6931 0.0004000000
108 204.6032 0.0003833333
109 206.5135 0.0004166667
110 208.4229 0.0004000000
111 210.3331 0.0003833333
112 212.2427 0.0004000000
113 214.1536 0.0004000000
114 216.0669 0.0003833333
115 217.9972 0.0004000000
116 219.9098 0.0003833333
117 221.8231 0.0004000000
118 223.7399 0.0003833333
119 225.6510 0.0003833333
120 227.5643 0.0003833333
121 229.4748 0.0004000000
122 231.3872 0.0003833333
123 233.2980 0.0003833333
124 235.2091 0.0004000000
125 237.1188 0.0003833333
126 239.0299 0.0003833333
127 240.9399 0.0004000000
128 242.8519 0.0003666667
129 244.7632 0.0004000000
130 246.6740 0.0003833333
131 248.5849 0.0003833333
132 250.4954 0.0003833333
133 252.4043 0.0003833333
134 254.3145 0.0003833333
135 256.2245 0.0003666667
136 258.1351 0.0003833333
137 260.0476 0.0003833333
138 261.9632 0.0003833333
139 263.8755 0.0003833333
140 265.7881 0.0003500000
141 267.6989 0.0003666667
142 269.6099 0.0003666667
143 271.5202 0.0004000000
144 273.4309 0.0003666667
145 275.3413 0.0003833333
146 277.2513 0.0003666667
147 279.1631 0.0003666667
148 281.0749 0.0003833333
149 282.9850 0.0003833333
150 284.8947 0.0003833333
151 286.8060 0.0003666667
152 288.7172 0.0003666667
153 290.6272 0.0003833333
154 292.5382 0.0003833333
155 294.4484 0.0003666667
156 296.3592 0.0004000000
157 298.2702 0.0003666667
158 300.1806 0.0003666667
159 302.0908 0.0003666667
160 304.0029 0.0004000000
161 305.9138 0.0003833333
162 307.8232 0.0003666667
163 309.7331 0.0004000000
164 311.6438 0.0003500000
165 313.5539 0.0003833333
166 315.4644 0.0003666667
167 317.3735 0.0003333333
168 319.2828 0.0003666667
169 321.1920 0.0003666667
170 323.1028 0.0003833333
171 325.0123 0.0003500000
172 326.9257 0.0003666667
173 328.8446 0.0003500000
174 330.7563 0.0003666667
175 332.6677 0.0003500000
176 334.5787 0.0003666667
177 336.4898 0.0003500000
178 338.4013 0.0003666667
179 340.3142 0.0003666667
180 342.2181 0.0003666667
181 344.1221 0.0003666667
182 346.0249 0.0003666667
183 347.9277 0.0003500000
184 349.8308 0.0003666667
185 351.7330 0.0003500000
186 353.6352 0.0003666667
187 355.5382 0.0003333333
188 357.4417 0.0003333333
189 359.3447 0.0003666667
190 361.2490 0.0003666667
191 363.1515 0.0003666667
192 365.0549 0.0003666667
193 366.9595 0.0003500000
194 368.8659 0.0003666667
195 370.7697 0.0003666667
196 372.6759 0.0003666667
197 374.5824 0.0003500000
198 376.4861 0.0003500000
199 378.3889 0.0003666667
200 380.2942 0.0003333333
