1 0.0000 5.4100000000
2 4.1901 4.3300000000
3 8.2662 3.7800000000
4 12.3402 3.3700000000
5 16.4122 3.2300000000
6 20.4863 2.9100000000
7 24.5604 2.9200000000
8 28.6329 2.8000000000
9 32.7077 2.7900000000
10 36.8067 2.8400000000
11 40.8807 2.7300000000
12 44.9523 2.4600000000
13 49.0224 2.5400000000
14 53.0943 2.5200000000
15 57.1943 2.4100000000
16 61.3102 2.4200000000
17 65.5023 2.4800000000
18 69.6493 2.2500000000
19 73.7538 2.4100000000
20 77.8832 2.5200000000
21 82.0535 2.3700000000
22 86.1951 2.5200000000
23 90.3425 2.3700000000
24 94.4389 2.3800000000
25 98.5323 2.3000000000
26 102.6276 2.3200000000
27 106.7280 2.2400000000
28 110.8239 2.3500000000
29 114.9189 2.3400000000
30 119.0172 2.3600000000
31 123.1249 2.1200000000
32 127.2255 2.1300000000
33 131.3203 2.2900000000
34 135.4230 2.1000000000
35 139.5189 2.0600000000
36 143.6211 2.2700000000
37 147.7214 2.2200000000
38 151.8132 2.2200000000
39 155.9052 2.2400000000
40 160.0023 2.1800000000
41 164.0972 2.2500000000
42 168.1924 2.3200000000
43 172.2919 2.1700000000
44 176.3983 2.1600000000
45 180.5056 2.2100000000
46 184.6054 2.2300000000
47 188.7092 2.1100000000
48 192.7994 2.3100000000
49 196.8863 2.1500000000
50 200.9827 2.1900000000
51 205.0889 2.1600000000
52 209.1927 2.1600000000
53 213.2908 2.1300000000
54 217.3826 2.0500000000
55 221.4736 2.1000000000
56 225.5641 2.1900000000
57 229.6526 2.2000000000
58 233.7418 2.2600000000
59 237.8319 2.2000000000
60 241.9212 2.3000000000
61 246.0142 2.2900000000
62 250.1053 2.0300000000
63 254.1946 2.0900000000
64 258.2817 2.1200000000
65 262.3730 2.0500000000
66 266.4570 2.0300000000
67 270.5472 2.0900000000
68 274.6399 2.1200000000
69 278.7285 2.1400000000
70 282.8182 2.0800000000
71 286.9088 2.0800000000
72 291.0021 2.1300000000
73 295.0997 2.0400000000
74 299.1882 2.1300000000
75 303.2752 2.2400000000
76 307.3625 2.0700000000
77 311.4500 2.2500000000
78 315.5354 2.2200000000
79 319.6245 2.1100000000
80 323.7117 2.1600000000
81 327.7925 2.0700000000
82 331.8821 2.0900000000
83 335.9691 2.2200000000
84 340.0563 2.0000000000
85 344.1310 2.0300000000
86 348.2063 1.8500000000
87 352.2819 2.0100000000
88 356.3570 1.9600000000
89 360.4298 1.9000000000
90 364.5007 2.0900000000
91 368.5715 2.0700000000
92 372.6426 2.1400000000
93 376.7095 2.1100000000
94 380.7866 2.0700000000
95 384.8578 1.9600000000
96 388.9344 1.8900000000
97 393.0055 2.0600000000
98 397.0714 2.0200000000
99 401.1450 2.1000000000
100 405.2173 2.0500000000
101 409.2907 2.0900000000
102 413.3620 2.1200000000
103 417.4318 1.9900000000
104 421.5059 2.0400000000
105 425.5791 2.1000000000
106 429.6512 2.0900000000
107 433.7393 1.9500000000
108 437.8186 1.9700000000
109 441.9121 1.9800000000
110 445.9962 2.0000000000
111 450.0807 1.9100000000
112 454.1677 1.9500000000
113 458.2550 2.0400000000
114 462.3410 1.7900000000
115 466.4279 2.0600000000
116 470.5144 1.9900000000
117 474.5986 1.8500000000
118 478.6837 2.2000000000
119 482.7729 2.0400000000
120 486.8668 1.9300000000
121 490.9551 2.0200000000
122 495.0452 2.2000000000
123 499.1315 1.9000000000
124 503.2147 1.9500000000
125 507.3020 1.9100000000
126 511.3895 2.0900000000
127 515.4746 2.0400000000
128 519.5586 2.0400000000
129 523.6462 1.9800000000
130 527.7304 2.0000000000
131 531.8160 1.9600000000
132 535.9033 2.0300000000
133 539.9884 1.8900000000
134 544.0768 2.1000000000
135 548.1636 2.0800000000
136 552.2422 1.9600000000
137 556.3242 1.9000000000
138 560.4077 1.8800000000
139 564.4933 1.8900000000
140 568.5811 1.9400000000
141 572.6691 2.0300000000
142 576.7532 1.9800000000
143 580.8359 2.0700000000
144 584.9234 2.1100000000
145 589.0099 1.9500000000
146 593.0946 1.9900000000
147 597.1819 1.9000000000
148 601.2688 2.0000000000
149 605.3565 2.0300000000
150 609.4421 2.1500000000
151 613.5239 1.9900000000
152 617.6076 1.8400000000
153 621.6931 2.0800000000
154 625.7748 1.9300000000
155 629.8596 1.8600000000
156 633.9408 1.9600000000
157 638.0242 2.1000000000
158 642.1037 1.9800000000
159 646.1895 1.9400000000
160 650.2709 2.1000000000
161 654.3535 1.9000000000
162 658.4376 1.9100000000
163 662.5220 1.7700000000
164 666.6047 1.8800000000
165 670.6892 1.9600000000
166 674.7728 1.8600000000
167 678.8608 2.0000000000
168 682.9489 2.0900000000
169 687.0354 1.7800000000
170 691.1280 2.0400000000
171 695.2047 2.0200000000
172 699.2915 1.9500000000
173 703.3767 1.9200000000
174 707.4541 2.0500000000
175 711.5291 2.0300000000
176 715.6079 2.0300000000
177 719.6909 1.8900000000
178 723.7746 1.9000000000
179 727.8643 2.0200000000
180 731.9438 2.0100000000
181 736.0149 1.9800000000
182 740.0875 1.9500000000
183 744.1646 1.9600000000
184 748.2379 1.7800000000
185 752.3109 1.9900000000
186 756.3801 1.9300000000
187 760.4565 1.7700000000
188 764.5277 1.9700000000
189 768.6030 1.9400000000
190 772.6775 1.8500000000
191 776.7574 1.7700000000
192 780.8355 1.8500000000
193 784.9125 2.0300000000
194 788.9932 1.9600000000
195 793.0768 1.9300000000
196 797.1690 2.0300000000
197 801.2516 1.8400000000
198 805.3409 1.8300000000
199 809.4329 1.9500000000
200 813.5217 1.7800000000
