1 0.0000 0.0840333333
2 4.1901 0.0455000000
3 8.2662 0.0378833333
4 12.3402 0.0322666667
5 16.4122 0.0295833333
6 20.4863 0.0278000000
7 24.5604 0.0256166667
8 28.6329 0.0251333333
9 32.7077 0.0231333333
10 36.8067 0.0225333333
11 40.8807 0.0217333333
12 44.9523 0.0209833333
13 49.0224 0.0203666667
14 53.0943 0.0196500000
15 57.1943 0.0193000000
16 61.3102 0.0192166667
17 65.5023 0.0183666667
18 69.6493 0.0181833333
19 73.7538 0.0172666667
20 77.8832 0.0168166667
21 82.0535 0.0172333333
22 86.1951 0.0168500000
23 90.3425 0.0161333333
24 94.4389 0.0163500000
25 98.5323 0.0163166667
26 102.6276 0.0160833333
27 106.7280 0.0159500000
28 110.8239 0.0155500000
29 114.9189 0.0153333333
30 119.0172 0.0151833333
31 123.1249 0.0148833333
32 127.2255 0.0147833333
33 131.3203 0.0142666667
34 135.4230 0.0142500000
35 139.5189 0.0141500000
36 143.6211 0.0134833333
37 147.7214 0.0140000000
38 151.8132 0.0138166667
39 155.9052 0.0135833333
40 160.0023 0.0130000000
41 164.0972 0.0130333333
42 168.1924 0.0130833333
43 172.2919 0.0128333333
44 176.3983 0.0127000000
45 180.5056 0.0124166667
46 184.6054 0.0125500000
47 188.7092 0.0124333333
48 192.7994 0.0122333333
49 196.8863 0.0117500000
50 200.9827 0.0119500000
51 205.0889 0.0118833333
52 209.1927 0.0114000000
53 213.2908 0.0118500000
54 217.3826 0.0116166667
55 221.4736 0.0115833333
56 225.5641 0.0113166667
57 229.6526 0.0107000000
58 233.7418 0.0106666667
59 237.8319 0.0110833333
60 241.9212 0.0108500000
61 246.0142 0.0111000000
62 250.1053 0.0106666667
63 254.1946 0.0099333333
64 258.2817 0.0105500000
65 262.3730 0.0100333333
66 266.4570 0.0101000000
67 270.5472 0.0101000000
68 274.6399 0.0099500000
69 278.7285 0.0104666667
70 282.8182 0.0099333333
71 286.9088 0.0098333333
72 291.0021 0.0099666667
73 295.0997 0.0102333333
74 299.1882 0.0096500000
75 303.2752 0.0098000000
76 307.3625 0.0098666667
77 311.4500 0.0098166667
78 315.5354 0.0097500000
79 319.6245 0.0093833333
80 323.7117 0.0094166667
81 327.7925 0.0094166667
82 331.8821 0.0095166667
83 335.9691 0.0084000000
84 340.0563 0.0088333333
85 344.1310 0.0090666667
86 348.2063 0.0095333333
87 352.2819 0.0089666667
88 356.3570 0.0096000000
89 360.4298 0.0090500000
90 364.5007 0.0091333333
91 368.5715 0.0084500000
92 372.6426 0.0088833333
93 376.7095 0.0091166667
94 380.7866 0.0090000000
95 384.8578 0.0087666667
96 388.9344 0.0086000000
97 393.0055 0.0088500000
98 397.0714 0.0091666667
99 401.1450 0.0084666667
100 405.2173 0.0087000000
101 409.2907 0.0084333333
102 413.3620 0.0086833333
103 417.4318 0.0085500000
104 421.5059 0.0086666667
105 425.5791 0.0081333333
106 429.6512 0.0085666667
107 433.7393 0.0084833333
108 437.8186 0.0081666667
109 441.9121 0.0082000000
110 445.9962 0.0080166667
111 450.0807 0.0080333333
112 454.1677 0.0083000000
113 458.2550 0.0083666667
114 462.3410 0.0080166667
115 466.4279 0.0079500000
116 470.5144 0.0081333333
117 474.5986 0.0078333333
118 478.6837 0.0077500000
119 482.7729 0.0079000000
120 486.8668 0.0075833333
121 490.9551 0.0079666667
122 495.0452 0.0075333333
123 499.1315 0.0074666667
124 503.2147 0.0077833333
125 507.3020 0.0076666667
126 511.3895 0.0071166667
127 515.4746 0.0072500000
128 519.5586 0.0073666667
129 523.6462 0.0072833333
130 527.7304 0.0071833333
131 531.8160 0.0072500000
132 535.9033 0.0073833333
133 539.9884 0.0074000000
134 544.0768 0.0075166667
135 548.1636 0.0074333333
136 552.2422 0.0072166667
137 556.3242 0.0071166667
138 560.4077 0.0073666667
139 564.4933 0.0070500000
140 568.5811 0.0075333333
141 572.6691 0.0073666667
142 576.7532 0.0074000000
143 580.8359 0.0072833333
144 584.9234 0.0074500000
145 589.0099 0.0069833333
146 593.0946 0.0067833333
147 597.1819 0.0069333333
148 601.2688 0.0068333333
149 605.3565 0.0066500000
150 609.4421 0.0070000000
151 613.5239 0.0067833333
152 617.6076 0.0067666667
153 621.6931 0.0068500000
154 625.7748 0.0071666667
155 629.8596 0.0067833333
156 633.9408 0.0066500000
157 638.0242 0.0068666667
158 642.1037 0.0069000000
159 646.1895 0.0067000000
160 650.2709 0.0064833333
161 654.3535 0.0071666667
162 658.4376 0.0068166667
163 662.5220 0.0067833333
164 666.6047 0.0062333333
165 670.6892 0.0063000000
166 674.7728 0.0062666667
167 678.8608 0.0068666667
168 682.9489 0.0065500000
169 687.0354 0.0067000000
170 691.1280 0.0061500000
171 695.2047 0.0063666667
172 699.2915 0.0063000000
173 703.3767 0.0063333333
174 707.4541 0.0065833333
175 711.5291 0.0063666667
176 715.6079 0.0062500000
177 719.6909 0.0064166667
178 723.7746 0.0066666667
179 727.8643 0.0061833333
180 731.9438 0.0062666667
181 736.0149 0.0063166667
182 740.0875 0.0063666667
183 744.1646 0.0063666667
184 748.2379 0.0064833333
185 752.3109 0.0060166667
186 756.3801 0.0062166667
187 760.4565 0.0058000000
188 764.5277 0.0058333333
189 768.6030 0.0060833333
190 772.6775 0.0063000000
191 776.7574 0.0060833333
192 780.8355 0.0059666667
193 784.9125 0.0061333333
194 788.9932 0.0061166667
195 793.0768 0.0059333333
196 797.1690 0.0059500000
197 801.2516 0.0056333333
198 805.3409 0.0055833333
199 809.4329 0.0058333333
200 813.5217 0.0060000000
