1 0.0000 4.7700000000
2 1.9551 3.4300000000
3 3.8950 2.8700000000
4 5.8254 2.5800000000
5 7.7558 2.3500000000
6 9.6880 2.2600000000
7 11.6201 2.2400000000
8 13.5507 2.2300000000
9 15.4847 2.2600000000
10 17.4198 2.2000000000
11 19.3542 2.1700000000
12 21.2875 2.1600000000
13 23.2202 2.1500000000
14 25.1537 2.1600000000
15 27.0862 2.1400000000
16 29.0192 2.1300000000
17 30.9512 2.1100000000
18 32.8839 2.0800000000
19 34.8156 2.0600000000
20 36.7466 2.0400000000
21 38.6937 2.0400000000
22 40.6273 2.0300000000
23 42.5595 1.9900000000
24 44.4920 2.0000000000
25 46.4236 2.0200000000
26 48.3592 1.9600000000
27 50.2999 1.9400000000
28 52.2333 1.9300000000
29 54.1663 1.9600000000
30 56.0981 1.9200000000
31 58.0309 1.9500000000
32 59.9634 1.9300000000
33 61.8956 1.9100000000
34 63.8288 1.9000000000
35 65.7606 1.9400000000
36 67.6938 1.9100000000
37 69.6254 1.9100000000
38 71.5581 1.9100000000
39 73.4912 1.8900000000
40 75.4240 1.9100000000
41 77.3576 1.9000000000
42 79.2911 1.9100000000
43 81.2230 1.9400000000
44 83.1558 1.9100000000
45 85.0867 1.9300000000
46 87.0186 1.9100000000
47 88.9515 1.9200000000
48 90.8834 1.8900000000
49 92.8144 1.9000000000
50 94.7477 1.8900000000
51 96.6787 1.8800000000
52 98.6117 1.8900000000
53 100.5437 1.8900000000
54 102.4766 1.8700000000
55 104.4068 1.9000000000
56 106.3394 1.8900000000
57 108.2730 1.8700000000
58 110.2056 1.8700000000
59 112.1389 1.8800000000
60 114.0730 1.8600000000
61 116.0060 1.9100000000
62 117.9401 1.8900000000
63 119.8753 1.8600000000
64 121.8068 1.8400000000
65 123.7385 1.8800000000
66 125.6710 1.8800000000
67 127.6029 1.8500000000
68 129.5346 1.8700000000
69 131.4668 1.8900000000
70 133.4010 1.8700000000
71 135.3333 1.8900000000
72 137.2673 1.8800000000
73 139.1997 1.8900000000
74 141.1322 1.8500000000
75 143.0635 1.8600000000
76 144.9951 1.8900000000
77 146.9266 1.8400000000
78 148.8599 1.9100000000
79 150.7918 1.8600000000
80 152.7257 1.9100000000
81 154.6572 1.8500000000
82 156.5902 1.9100000000
83 158.5224 1.8600000000
84 160.4548 1.8900000000
85 162.3890 1.8500000000
86 164.3290 1.9100000000
87 166.2614 1.8600000000
88 168.1942 1.8800000000
89 170.1267 1.8700000000
90 172.0597 1.8700000000
91 173.9945 1.8700000000
92 175.9272 1.8800000000
93 177.8656 1.8700000000
94 179.8015 1.8900000000
95 181.7358 1.8600000000
96 183.6667 1.8500000000
97 185.5959 1.8600000000
98 187.5273 1.9100000000
99 189.4574 1.8700000000
100 191.4025 1.8800000000
101 193.3326 1.8500000000
102 195.2646 1.8800000000
103 197.1974 1.8400000000
104 199.1274 1.8900000000
105 201.0577 1.8600000000
106 202.9891 1.8700000000
107 204.9188 1.9000000000
108 206.8479 1.8500000000
109 208.7773 1.8900000000
110 210.7071 1.8800000000
111 212.6364 1.9000000000
112 214.5674 1.8700000000
113 216.4960 1.9200000000
114 218.4254 1.8800000000
115 220.3569 1.8900000000
116 222.2857 1.8600000000
117 224.2143 1.8800000000
118 226.1456 1.8400000000
119 228.0742 1.9200000000
120 230.0035 1.8700000000
121 231.9345 1.8800000000
122 233.8645 1.8700000000
123 235.7937 1.8600000000
124 237.7239 1.8800000000
125 239.6533 1.8800000000
126 241.5823 1.8700000000
127 243.5134 1.8500000000
128 245.4437 1.8600000000
129 247.3726 1.8900000000
130 249.3026 1.8800000000
131 251.2321 1.9000000000
132 253.1627 1.8600000000
133 255.0925 1.8800000000
134 257.0219 1.8900000000
135 258.9520 1.9000000000
136 260.8806 1.8700000000
137 262.8087 1.8600000000
138 264.7385 1.8900000000
139 266.6672 1.8800000000
140 268.5969 1.8800000000
141 270.5249 1.8900000000
142 272.4542 1.8500000000
143 274.3822 1.8800000000
144 276.3132 1.8600000000
145 278.2551 1.9100000000
146 280.1872 1.9100000000
147 282.1290 1.8700000000
148 284.0629 1.9000000000
149 285.9966 1.8600000000
150 287.9278 1.8900000000
151 289.8600 1.9200000000
152 291.7924 1.8700000000
153 293.7244 1.8900000000
154 295.6557 1.8700000000
155 297.5888 1.9100000000
156 299.5204 1.8900000000
157 301.4549 1.8800000000
158 303.3868 1.8700000000
159 305.3166 1.8900000000
160 307.2480 1.9000000000
161 309.1771 1.8900000000
162 311.1084 1.8900000000
163 313.0380 1.8800000000
164 314.9688 1.9200000000
165 316.8992 1.9100000000
166 318.8307 1.8700000000
167 320.7604 1.9200000000
168 322.6917 1.8700000000
169 324.6196 1.8900000000
170 326.5492 1.8900000000
171 328.4820 1.8900000000
172 330.4185 1.8500000000
173 332.3493 1.9000000000
174 334.2807 1.8700000000
175 336.2115 1.9000000000
176 338.1420 1.8700000000
177 340.0748 1.8800000000
178 342.0051 1.8600000000
179 343.9340 1.8600000000
180 345.8644 1.8800000000
181 347.7983 1.8600000000
182 349.7282 1.8700000000
183 351.6577 1.8500000000
184 353.5897 1.9100000000
185 355.5193 1.9000000000
186 357.4494 1.8300000000
187 359.3793 1.8900000000
188 361.3098 1.8300000000
189 363.2407 1.8800000000
190 365.1707 1.8700000000
191 367.1000 1.8400000000
192 369.0293 1.8800000000
193 370.9591 1.8500000000
194 372.8895 1.8800000000
195 374.8194 1.8800000000
196 376.7487 1.8400000000
197 378.6794 1.8700000000
198 380.6097 1.8500000000
199 382.5393 1.8900000000
200 384.4680 1.8400000000
