1 0.0000 0.0718833333
2 1.9551 0.0327500000
3 3.8950 0.0225333333
4 5.8254 0.0169333333
5 7.7558 0.0133833333
6 9.6880 0.0109666667
7 11.6201 0.0086000000
8 13.5507 0.0068166667
9 15.4847 0.0054833333
10 17.4198 0.0044666667
11 19.3542 0.0035833333
12 21.2875 0.0029166667
13 23.2202 0.0025166667
14 25.1537 0.0020333333
15 27.0862 0.0018000000
16 29.0192 0.0016333333
17 30.9512 0.0014333333
18 32.8839 0.0012666667
19 34.8156 0.0012000000
20 36.7466 0.0011500000
21 38.6937 0.0010666667
22 40.6273 0.0010500000
23 42.5595 0.0009666667
24 44.4920 0.0009333333
25 46.4236 0.0009000000
26 48.3592 0.0008333333
27 50.2999 0.0007833333
28 52.2333 0.0007666667
29 54.1663 0.0007333333
30 56.0981 0.0007000000
31 58.0309 0.0006833333
32 59.9634 0.0006333333
33 61.8956 0.0006500000
34 63.8288 0.0006333333
35 65.7606 0.0006166667
36 67.6938 0.0006333333
37 69.6254 0.0006166667
38 71.5581 0.0005833333
39 73.4912 0.0006000000
40 75.4240 0.0006000000
41 77.3576 0.0006166667
42 79.2911 0.0005833333
43 81.2230 0.0006000000
44 83.1558 0.0005166667
45 85.0867 0.0005500000
46 87.0186 0.0005333333
47 88.9515 0.0005333333
48 90.8834 0.0005333333
49 92.8144 0.0005166667
50 94.7477 0.0005000000
51 96.6787 0.0005166667
52 98.6117 0.0005000000
53 100.5437 0.0004833333
54 102.4766 0.0004833333
55 104.4068 0.0005166667
56 106.3394 0.0004833333
57 108.2730 0.0005000000
58 110.2056 0.0004833333
59 112.1389 0.0004500000
60 114.0730 0.0004500000
61 116.0060 0.0004500000
62 117.9401 0.0004833333
63 119.8753 0.0004666667
64 121.8068 0.0004333333
65 123.7385 0.0004500000
66 125.6710 0.0004166667
67 127.6029 0.0004000000
68 129.5346 0.0004500000
69 131.4668 0.0004000000
70 133.4010 0.0004166667
71 135.3333 0.0004166667
72 137.2673 0.0004166667
73 139.1997 0.0004166667
74 141.1322 0.0004166667
75 143.0635 0.0004000000
76 144.9951 0.0004000000
77 146.9266 0.0004166667
78 148.8599 0.0004166667
79 150.7918 0.0004000000
80 152.7257 0.0004000000
81 154.6572 0.0004000000
82 156.5902 0.0003833333
83 158.5224 0.0003833333
84 160.4548 0.0004000000
85 162.3890 0.0003833333
86 164.3290 0.0003833333
87 166.2614 0.0003666667
88 168.1942 0.0004333333
89 170.1267 0.0003833333
90 172.0597 0.0003833333
91 173.9945 0.0003833333
92 175.9272 0.0003833333
93 177.8656 0.0003833333
94 179.8015 0.0003833333
95 181.7358 0.0003833333
96 183.6667 0.0004000000
97 185.5959 0.0003666667
98 187.5273 0.0004000000
99 189.4574 0.0003666667
100 191.4025 0.0004000000
101 193.3326 0.0003666667
102 195.2646 0.0003833333
103 197.1974 0.0003833333
104 199.1274 0.0003833333
105 201.0577 0.0003666667
106 202.9891 0.0003666667
107 204.9188 0.0003500000
108 206.8479 0.0003666667
109 208.7773 0.0003666667
110 210.7071 0.0003833333
111 212.6364 0.0003666667
112 214.5674 0.0003666667
113 216.4960 0.0003833333
114 218.4254 0.0003833333
115 220.3569 0.0003666667
116 222.2857 0.0003833333
117 224.2143 0.0003500000
118 226.1456 0.0003666667
119 228.0742 0.0003666667
120 230.0035 0.0003500000
121 231.9345 0.0003666667
122 233.8645 0.0003833333
123 235.7937 0.0003666667
124 237.7239 0.0003333333
125 239.6533 0.0003500000
126 241.5823 0.0003833333
127 243.5134 0.0003666667
128 245.4437 0.0003500000
129 247.3726 0.0003666667
130 249.3026 0.0003500000
131 251.2321 0.0003666667
132 253.1627 0.0003333333
133 255.0925 0.0003833333
134 257.0219 0.0003333333
135 258.9520 0.0003833333
136 260.8806 0.0003333333
137 262.8087 0.0003833333
138 264.7385 0.0003500000
139 266.6672 0.0003500000
140 268.5969 0.0003666667
141 270.5249 0.0003333333
142 272.4542 0.0003666667
143 274.3822 0.0003500000
144 276.3132 0.0003500000
145 278.2551 0.0003333333
146 280.1872 0.0003333333
147 282.1290 0.0003500000
148 284.0629 0.0003333333
149 285.9966 0.0003500000
150 287.9278 0.0003333333
151 289.8600 0.0003500000
152 291.7924 0.0003333333
153 293.7244 0.0003500000
154 295.6557 0.0003333333
155 297.5888 0.0003500000
156 299.5204 0.0003666667
157 301.4549 0.0003333333
158 303.3868 0.0003500000
159 305.3166 0.0003333333
160 307.2480 0.0003500000
161 309.1771 0.0003500000
162 311.1084 0.0003500000
163 313.0380 0.0003500000
164 314.9688 0.0003333333
165 316.8992 0.0003500000
166 318.8307 0.0003333333
167 320.7604 0.0003500000
168 322.6917 0.0003500000
169 324.6196 0.0003500000
170 326.5492 0.0003333333
171 328.4820 0.0003500000
172 330.4185 0.0003333333
173 332.3493 0.0003666667
174 334.2807 0.0003333333
175 336.2115 0.0003500000
176 338.1420 0.0003333333
177 340.0748 0.0003500000
178 342.0051 0.0003666667
179 343.9340 0.0003666667
180 345.8644 0.0003333333
181 347.7983 0.0003500000
182 349.7282 0.0003333333
183 351.6577 0.0003500000
184 353.5897 0.0003333333
185 355.5193 0.0003500000
186 357.4494 0.0003333333
187 359.3793 0.0003500000
188 361.3098 0.0003500000
189 363.2407 0.0003333333
190 365.1707 0.0003500000
191 367.1000 0.0003500000
192 369.0293 0.0003333333
193 370.9591 0.0003500000
194 372.8895 0.0003500000
195 374.8194 0.0003500000
196 376.7487 0.0003333333
197 378.6794 0.0003500000
198 380.6097 0.0003500000
199 382.5393 0.0003500000
200 384.4680 0.0003333333
