1 0.0000 5.9900000000
2 4.1353 4.5300000000
3 8.2154 3.5300000000
4 12.2973 3.6800000000
5 16.3774 3.1900000000
6 20.4557 3.1700000000
7 24.5336 2.9700000000
8 28.6135 2.8500000000
9 32.6920 2.8700000000
10 36.7722 2.6700000000
11 40.8516 2.9700000000
12 44.9450 2.5300000000
13 49.0224 2.8700000000
14 53.1022 2.4800000000
15 57.1823 2.5000000000
16 61.2646 2.5100000000
17 65.3437 2.4500000000
18 69.4204 2.6100000000
19 73.4963 2.3700000000
20 77.5726 2.4500000000
21 81.6497 2.5600000000
22 85.7280 2.0800000000
23 89.8042 2.2100000000
24 93.8836 2.3300000000
25 97.9609 2.2300000000
26 102.0374 2.1200000000
27 106.1133 2.5100000000
28 110.1903 2.2700000000
29 114.2753 2.0900000000
30 118.3518 2.2000000000
31 122.4287 2.3300000000
32 126.5057 2.0600000000
33 130.5828 2.3600000000
34 134.6601 2.1300000000
35 138.7372 2.0100000000
36 142.8164 2.1500000000
37 146.8946 2.3200000000
38 150.9711 2.1100000000
39 155.0601 2.1900000000
40 159.1373 2.2200000000
41 163.2133 2.1800000000
42 167.2911 2.0800000000
43 171.3678 2.0400000000
44 175.4440 2.3100000000
45 179.5194 2.0800000000
46 183.5975 2.2000000000
47 187.6728 2.1900000000
48 191.7494 2.3500000000
49 195.8260 2.1900000000
50 199.9017 2.0300000000
51 203.9794 2.2100000000
52 208.0569 2.0400000000
53 212.1325 2.3200000000
54 216.2098 2.1100000000
55 220.2850 2.0300000000
56 224.3604 2.0700000000
57 228.4375 2.0800000000
58 232.5125 2.0200000000
59 236.5888 2.1300000000
60 240.6645 2.0700000000
61 244.7401 2.1000000000
62 248.8170 2.1100000000
63 252.8927 2.3000000000
64 256.9695 2.1500000000
65 261.0464 2.2400000000
66 265.1234 2.0900000000
67 269.2007 2.3200000000
68 273.2781 2.1600000000
69 277.3537 2.0800000000
70 281.4305 2.1500000000
71 285.5073 2.2200000000
72 289.5840 2.0900000000
73 293.6622 2.0100000000
74 297.7509 1.9800000000
75 301.8281 2.1700000000
76 305.9054 2.0200000000
77 309.9816 2.2000000000
78 314.0581 2.0600000000
79 318.1334 2.1100000000
80 322.2094 2.0300000000
81 326.2861 2.0000000000
82 330.3632 1.9800000000
83 334.4387 1.9600000000
84 338.5156 2.0000000000
85 342.5916 2.1600000000
86 346.6703 2.1100000000
87 350.7490 2.0500000000
88 354.8297 2.0400000000
89 358.9178 1.8900000000
90 362.9985 2.0700000000
91 367.0866 2.1700000000
92 371.1662 2.1500000000
93 375.2478 2.1000000000
94 379.3283 2.0500000000
95 383.4073 2.0200000000
96 387.4877 1.9500000000
97 391.5682 1.9600000000
98 395.6477 2.0300000000
99 399.7278 1.9800000000
100 403.8067 1.9600000000
101 407.8872 1.8100000000
102 411.9697 1.9800000000
103 416.0952 2.0600000000
104 420.2237 1.8300000000
105 424.3062 1.9300000000
106 428.3890 2.0200000000
107 432.4664 1.9900000000
108 436.5453 2.1000000000
109 440.6236 2.1300000000
110 444.7026 2.0700000000
111 448.7809 1.8300000000
112 452.8596 1.9700000000
113 456.9404 1.9200000000
114 461.0268 1.9400000000
115 465.1063 1.8600000000
116 469.1854 2.0100000000
117 473.2654 2.1700000000
118 477.3446 2.0100000000
119 481.4260 1.9800000000
120 485.5047 2.1700000000
121 489.5832 1.8900000000
122 493.6632 1.8300000000
123 497.7433 1.9100000000
124 501.8242 1.9500000000
125 505.9042 1.7500000000
126 509.9837 1.9700000000
127 514.0634 1.9500000000
128 518.1439 1.8900000000
129 522.2243 1.8600000000
130 526.3062 1.8400000000
131 530.3870 1.9000000000
132 534.4684 1.9300000000
133 538.5490 1.8600000000
134 542.6312 1.8800000000
135 546.7126 1.8400000000
136 550.7944 1.9000000000
137 554.8742 1.9900000000
138 558.9535 1.8400000000
139 563.0330 1.9100000000
140 567.1139 2.0200000000
141 571.1932 2.0500000000
142 575.2744 1.8900000000
143 579.3535 1.9500000000
144 583.4332 2.1200000000
145 587.5332 2.0700000000
146 591.6128 1.9800000000
147 595.6914 1.7800000000
148 599.7717 2.0800000000
149 603.8517 2.0000000000
150 607.9369 1.9300000000
151 612.0205 1.9500000000
152 616.1005 1.9900000000
153 620.1811 2.0500000000
154 624.2622 1.8100000000
155 628.3411 1.9300000000
156 632.4208 2.0000000000
157 636.5023 1.8800000000
158 640.5833 1.7800000000
159 644.6625 1.9500000000
160 648.7426 1.8100000000
161 652.8226 1.9400000000
162 656.9024 1.8700000000
163 660.9808 1.8500000000
164 665.0597 1.8800000000
165 669.1397 1.9000000000
166 673.2200 1.8900000000
167 677.3001 2.0300000000
168 681.3805 1.8000000000
169 685.4595 1.9600000000
170 689.5379 1.9300000000
171 693.6162 1.9000000000
172 697.6951 1.9300000000
173 701.7744 1.7700000000
174 705.8565 1.8500000000
175 709.9355 2.0400000000
176 714.0144 1.9200000000
177 718.0937 2.0400000000
178 722.1731 1.9500000000
179 726.2525 1.9200000000
180 730.3359 1.9400000000
181 734.4181 1.9100000000
182 738.4997 1.9400000000
183 742.5833 2.0300000000
184 746.6679 1.8700000000
185 750.7551 1.8500000000
186 754.8362 1.8900000000
187 758.9169 1.6700000000
188 763.0002 1.8000000000
189 767.0817 1.8700000000
190 771.1639 1.8400000000
191 775.2426 1.8500000000
192 779.3234 1.8400000000
193 783.4031 1.8600000000
194 787.4844 1.9200000000
195 791.5645 1.8300000000
196 795.6460 1.9900000000
197 799.7265 1.8200000000
198 803.8066 1.8400000000
199 807.8870 2.0300000000
200 811.9671 2.0600000000
