1 0.0000 0.0861333333
2 4.1353 0.0458333333
3 8.2154 0.0368500000
4 12.2973 0.0327000000
5 16.3774 0.0296833333
6 20.4557 0.0276166667
7 24.5336 0.0257333333
8 28.6135 0.0243666667
9 32.6920 0.0235000000
10 36.7722 0.0226166667
11 40.8516 0.0222333333
12 44.9450 0.0216166667
13 49.0224 0.0200666667
14 53.1022 0.0203500000
15 57.1823 0.0195000000
16 61.2646 0.0191666667
17 65.3437 0.0183333333
18 69.4204 0.0180500000
19 73.4963 0.0179166667
20 77.5726 0.0178166667
21 81.6497 0.0171000000
22 85.7280 0.0168833333
23 89.8042 0.0162333333
24 93.8836 0.0160833333
25 97.9609 0.0158500000
26 102.0374 0.0159833333
27 106.1133 0.0156833333
28 110.1903 0.0152666667
29 114.2753 0.0148666667
30 118.3518 0.0148000000
31 122.4287 0.0146666667
32 126.5057 0.0151333333
33 130.5828 0.0142666667
34 134.6601 0.0140333333
35 138.7372 0.0133666667
36 142.8164 0.0138166667
37 146.8946 0.0132833333
38 150.9711 0.0128500000
39 155.0601 0.0135000000
40 159.1373 0.0132833333
41 163.2133 0.0130666667
42 167.2911 0.0128333333
43 171.3678 0.0128333333
44 175.4440 0.0124666667
45 179.5194 0.0127833333
46 183.5975 0.0120500000
47 187.6728 0.0127833333
48 191.7494 0.0122500000
49 195.8260 0.0122500000
50 199.9017 0.0116000000
51 203.9794 0.0118500000
52 208.0569 0.0119000000
53 212.1325 0.0117333333
54 216.2098 0.0117666667
55 220.2850 0.0113833333
56 224.3604 0.0113666667
57 228.4375 0.0110833333
58 232.5125 0.0111666667
59 236.5888 0.0111000000
60 240.6645 0.0106666667
61 244.7401 0.0113333333
62 248.8170 0.0105666667
63 252.8927 0.0104166667
64 256.9695 0.0104500000
65 261.0464 0.0100000000
66 265.1234 0.0107000000
67 269.2007 0.0105000000
68 273.2781 0.0103166667
69 277.3537 0.0103000000
70 281.4305 0.0102000000
71 285.5073 0.0102500000
72 289.5840 0.0102833333
73 293.6622 0.0101166667
74 297.7509 0.0102333333
75 301.8281 0.0098000000
76 305.9054 0.0098333333
77 309.9816 0.0092000000
78 314.0581 0.0096166667
79 318.1334 0.0092666667
80 322.2094 0.0092333333
81 326.2861 0.0092000000
82 330.3632 0.0096166667
83 334.4387 0.0101333333
84 338.5156 0.0092333333
85 342.5916 0.0097000000
86 346.6703 0.0093166667
87 350.7490 0.0094000000
88 354.8297 0.0094000000
89 358.9178 0.0090000000
90 362.9985 0.0089333333
91 367.0866 0.0090833333
92 371.1662 0.0088500000
93 375.2478 0.0087500000
94 379.3283 0.0083000000
95 383.4073 0.0082666667
96 387.4877 0.0088833333
97 391.5682 0.0090166667
98 395.6477 0.0084666667
99 399.7278 0.0083500000
100 403.8067 0.0087166667
101 407.8872 0.0085166667
102 411.9697 0.0082500000
103 416.0952 0.0081333333
104 420.2237 0.0082166667
105 424.3062 0.0081500000
106 428.3890 0.0080500000
107 432.4664 0.0080833333
108 436.5453 0.0087833333
109 440.6236 0.0086833333
110 444.7026 0.0081666667
111 448.7809 0.0080500000
112 452.8596 0.0078500000
113 456.9404 0.0086000000
114 461.0268 0.0079666667
115 465.1063 0.0081666667
116 469.1854 0.0076500000
117 473.2654 0.0079833333
118 477.3446 0.0084500000
119 481.4260 0.0082666667
120 485.5047 0.0080000000
121 489.5832 0.0078500000
122 493.6632 0.0079166667
123 497.7433 0.0073833333
124 501.8242 0.0073166667
125 505.9042 0.0073666667
126 509.9837 0.0076666667
127 514.0634 0.0073833333
128 518.1439 0.0079166667
129 522.2243 0.0076500000
130 526.3062 0.0072500000
131 530.3870 0.0072166667
132 534.4684 0.0072500000
133 538.5490 0.0072833333
134 542.6312 0.0069500000
135 546.7126 0.0072833333
136 550.7944 0.0075500000
137 554.8742 0.0072166667
138 558.9535 0.0076000000
139 563.0330 0.0067666667
140 567.1139 0.0074333333
141 571.1932 0.0069166667
142 575.2744 0.0071166667
143 579.3535 0.0068500000
144 583.4332 0.0068333333
145 587.5332 0.0073833333
146 591.6128 0.0066833333
147 595.6914 0.0063666667
148 599.7717 0.0069666667
149 603.8517 0.0070166667
150 607.9369 0.0067500000
151 612.0205 0.0069166667
152 616.1005 0.0069500000
153 620.1811 0.0066333333
154 624.2622 0.0069500000
155 628.3411 0.0063666667
156 632.4208 0.0069000000
157 636.5023 0.0069500000
158 640.5833 0.0065166667
159 644.6625 0.0065833333
160 648.7426 0.0069500000
161 652.8226 0.0066166667
162 656.9024 0.0066000000
163 660.9808 0.0062500000
164 665.0597 0.0061333333
165 669.1397 0.0066833333
166 673.2200 0.0067833333
167 677.3001 0.0065166667
168 681.3805 0.0065166667
169 685.4595 0.0065500000
170 689.5379 0.0066166667
171 693.6162 0.0062666667
172 697.6951 0.0062000000
173 701.7744 0.0061500000
174 705.8565 0.0064333333
175 709.9355 0.0060166667
176 714.0144 0.0062500000
177 718.0937 0.0065000000
178 722.1731 0.0059000000
179 726.2525 0.0060333333
180 730.3359 0.0062166667
181 734.4181 0.0063500000
182 738.4997 0.0059666667
183 742.5833 0.0060333333
184 746.6679 0.0060000000
185 750.7551 0.0060000000
186 754.8362 0.0061666667
187 758.9169 0.0054666667
188 763.0002 0.0059000000
189 767.0817 0.0058833333
190 771.1639 0.0056666667
191 775.2426 0.0060000000
192 779.3234 0.0061500000
193 783.4031 0.0058333333
194 787.4844 0.0058000000
195 791.5645 0.0055666667
196 795.6460 0.0053833333
197 799.7265 0.0056500000
198 803.8066 0.0057666667
199 807.8870 0.0056166667
200 811.9671 0.0056166667
