1 0.0000 4.9100000000
2 4.2635 3.3700000000
3 8.3369 2.6600000000
4 12.3973 2.5500000000
5 16.4547 2.5100000000
6 20.5128 2.2400000000
7 24.5696 1.9800000000
8 28.6287 1.9000000000
9 32.6870 2.0400000000
10 36.7456 1.9000000000
11 40.8040 1.9100000000
12 44.8955 1.7300000000
13 48.9534 1.8100000000
14 53.0149 1.8000000000
15 57.0752 1.6400000000
16 61.1341 1.6700000000
17 65.1929 1.6400000000
18 69.2519 1.5300000000
19 73.3098 1.6600000000
20 77.3727 1.5100000000
21 81.4380 1.5300000000
22 85.4968 1.5500000000
23 89.5544 1.6000000000
24 93.6138 1.6700000000
25 97.6703 1.5300000000
26 101.7306 1.5400000000
27 105.7946 1.5000000000
28 109.8833 1.5100000000
29 113.9445 1.5000000000
30 118.0063 1.4700000000
31 122.0687 1.4300000000
32 126.1313 1.3400000000
33 130.1922 1.4500000000
34 134.2539 1.3900000000
35 138.3147 1.4700000000
36 142.3756 1.3400000000
37 146.4343 1.4300000000
38 150.5159 1.3400000000
39 154.5766 1.4500000000
40 158.6382 1.4300000000
41 162.6978 1.4000000000
42 166.7589 1.4800000000
43 170.8212 1.4400000000
44 174.8840 1.3300000000
45 178.9443 1.4200000000
46 183.0052 1.4000000000
47 187.0736 1.4000000000
48 191.1348 1.4200000000
49 195.1939 1.4700000000
50 199.2559 1.4200000000
51 203.3156 1.4100000000
52 207.3767 1.3500000000
53 211.4359 1.4100000000
54 215.4976 1.3800000000
55 219.5572 1.3400000000
56 223.6193 1.4000000000
57 227.6796 1.4100000000
58 231.7404 1.4500000000
59 235.8003 1.4800000000
60 239.8607 1.3000000000
61 243.9205 1.3500000000
62 247.9812 1.3600000000
63 252.0407 1.4300000000
64 256.1071 1.3800000000
65 260.2017 1.4000000000
66 264.3130 1.3000000000
67 268.3754 1.3700000000
68 272.4359 1.4000000000
69 276.4970 1.3200000000
70 280.5586 1.3400000000
71 284.6192 1.4000000000
72 288.6810 1.3300000000
73 292.7530 1.2900000000
74 296.8135 1.3800000000
75 300.8735 1.4000000000
76 304.9337 1.4500000000
77 308.9930 1.4300000000
78 313.0543 1.4000000000
79 317.1180 1.3900000000
80 321.1822 1.4000000000
81 325.2429 1.3800000000
82 329.3036 1.3800000000
83 333.3643 1.2900000000
84 337.4256 1.4600000000
85 341.4847 1.3200000000
86 345.5452 1.2900000000
87 349.5915 1.3000000000
88 353.6404 1.2800000000
89 357.6853 1.2800000000
90 361.7321 1.2700000000
91 365.7833 1.2200000000
92 369.8318 1.2800000000
93 373.8818 1.3500000000
94 377.9342 1.2900000000
95 381.9775 1.3300000000
96 386.0241 1.3500000000
97 390.0735 1.2800000000
98 394.1234 1.3600000000
99 398.1725 1.3000000000
100 402.2214 1.3700000000
101 406.2681 1.2300000000
102 410.3155 1.2800000000
103 414.3616 1.2700000000
104 418.4084 1.2900000000
105 422.4559 1.3900000000
106 426.5035 1.3300000000
107 430.5523 1.3100000000
108 434.6129 1.3300000000
109 438.6599 1.3400000000
110 442.7080 1.3200000000
111 446.7545 1.3600000000
112 450.8027 1.2700000000
113 454.8486 1.2400000000
114 458.8968 1.3200000000
115 462.9470 1.3400000000
116 466.9977 1.3600000000
117 471.0442 1.2800000000
118 475.0988 1.2700000000
119 479.1459 1.3900000000
120 483.1942 1.3300000000
121 487.2410 1.2900000000
122 491.2916 1.3800000000
123 495.3391 1.2300000000
124 499.3882 1.3300000000
125 503.4399 1.2900000000
126 507.4909 1.3000000000
127 511.5342 1.4600000000
128 515.5797 1.2900000000
129 519.6231 1.3300000000
130 523.6684 1.3100000000
131 527.7120 1.2100000000
132 531.7561 1.4000000000
133 535.7979 1.2700000000
134 539.8455 1.2500000000
135 543.8903 1.3000000000
136 547.9370 1.3000000000
137 551.9805 1.2400000000
138 556.0251 1.2500000000
139 560.0713 1.3400000000
140 564.1171 1.3100000000
141 568.1612 1.2700000000
142 572.2049 1.2500000000
143 576.2475 1.3100000000
144 580.2931 1.4100000000
145 584.3399 1.2900000000
146 588.3875 1.2700000000
147 592.4319 1.3000000000
148 596.4756 1.2900000000
149 600.5189 1.2400000000
150 604.5653 1.2500000000
151 608.6090 1.3200000000
152 612.6539 1.2500000000
153 616.6980 1.2600000000
154 620.7460 1.2800000000
155 624.7898 1.2800000000
156 628.8354 1.3500000000
157 632.8767 1.3500000000
158 636.9217 1.3200000000
159 640.9658 1.2800000000
160 645.0118 1.3200000000
161 649.0560 1.2900000000
162 653.1019 1.3500000000
163 657.1446 1.2900000000
164 661.1878 1.2500000000
165 665.2316 1.3300000000
166 669.2757 1.2900000000
167 673.3199 1.2500000000
168 677.3685 1.2100000000
169 681.4580 1.3700000000
170 685.5131 1.2300000000
171 689.5563 1.2500000000
172 693.6015 1.2600000000
173 697.6437 1.2600000000
174 701.6887 1.2600000000
175 705.7314 1.2200000000
176 709.7760 1.2600000000
177 713.8185 1.2400000000
178 717.8617 1.2900000000
179 721.9058 1.2600000000
180 725.9508 1.3200000000
181 729.9950 1.3100000000
182 734.0450 1.2300000000
183 738.0987 1.2200000000
184 742.1519 1.2400000000
185 746.1993 1.2300000000
186 750.2660 1.2400000000
187 754.3336 1.2000000000
188 758.3833 1.2000000000
189 762.4328 1.2200000000
190 766.4840 1.1800000000
191 770.5316 1.1100000000
192 774.5801 1.2000000000
193 778.6302 1.1900000000
194 782.6792 1.1700000000
195 786.7452 1.2200000000
196 790.7957 1.2300000000
197 794.9816 1.2600000000
198 799.0318 1.2500000000
199 803.0803 1.1700000000
200 807.1305 1.2400000000
