1 0.0000 0.0724833333
2 4.2635 0.0340500000
3 8.3369 0.0246833333
4 12.3973 0.0199500000
5 16.4547 0.0168333333
6 20.5128 0.0143500000
7 24.5696 0.0120166667
8 28.6287 0.0105333333
9 32.6870 0.0093166667
10 36.7456 0.0080666667
11 40.8040 0.0073000000
12 44.8955 0.0066333333
13 48.9534 0.0056500000
14 53.0149 0.0051333333
15 57.0752 0.0048833333
16 61.1341 0.0042833333
17 65.1929 0.0039333333
18 69.2519 0.0035666667
19 73.3098 0.0032000000
20 77.3727 0.0029166667
21 81.4380 0.0026333333
22 85.4968 0.0025833333
23 89.5544 0.0021500000
24 93.6138 0.0021333333
25 97.6703 0.0017333333
26 101.7306 0.0017500000
27 105.7946 0.0016666667
28 109.8833 0.0014000000
29 113.9445 0.0014833333
30 118.0063 0.0011666667
31 122.0687 0.0012166667
32 126.1313 0.0011166667
33 130.1922 0.0010166667
34 134.2539 0.0010000000
35 138.3147 0.0009166667
36 142.3756 0.0009833333
37 146.4343 0.0009833333
38 150.5159 0.0008500000
39 154.5766 0.0007500000
40 158.6382 0.0006166667
41 162.6978 0.0008333333
42 166.7589 0.0005666667
43 170.8212 0.0004000000
44 174.8840 0.0004333333
45 178.9443 0.0004500000
46 183.0052 0.0004833333
47 187.0736 0.0005666667
48 191.1348 0.0004833333
49 195.1939 0.0003666667
50 199.2559 0.0004166667
51 203.3156 0.0003833333
52 207.3767 0.0003833333
53 211.4359 0.0003000000
54 215.4976 0.0003333333
55 219.5572 0.0004166667
56 223.6193 0.0002500000
57 227.6796 0.0002166667
58 231.7404 0.0003166667
59 235.8003 0.0002333333
60 239.8607 0.0003000000
61 243.9205 0.0003333333
62 247.9812 0.0001333333
63 252.0407 0.0001166667
64 256.1071 0.0001833333
65 260.2017 0.0002166667
66 264.3130 0.0001833333
67 268.3754 0.0001166667
68 272.4359 0.0001500000
69 276.4970 0.0001000000
70 280.5586 0.0001333333
71 284.6192 0.0001666667
72 288.6810 0.0001000000
73 292.7530 0.0000166667
74 296.8135 0.0001666667
75 300.8735 0.0001833333
76 304.9337 0.0001666667
77 308.9930 0.0001666667
78 313.0543 0.0001000000
79 317.1180 0.0001000000
80 321.1822 0.0000833333
81 325.2429 0.0000500000
82 329.3036 0.0001000000
83 333.3643 0.0000666667
84 337.4256 0.0001000000
85 341.4847 0.0000333333
86 345.5452 0.0001666667
87 349.5915 0.0000500000
88 353.6404 0.0000666667
89 357.6853 0.0000833333
90 361.7321 0.0000000000
91 365.7833 0.0000000000
92 369.8318 0.0000500000
93 373.8818 0.0000500000
94 377.9342 0.0001000000
95 381.9775 0.0000666667
96 386.0241 0.0000500000
97 390.0735 0.0000333333
98 394.1234 0.0000833333
99 398.1725 0.0000833333
100 402.2214 0.0000333333
101 406.2681 0.0000500000
102 410.3155 0.0000333333
103 414.3616 0.0000333333
104 418.4084 0.0000333333
105 422.4559 0.0000333333
106 426.5035 0.0000166667
107 430.5523 0.0000500000
108 434.6129 0.0000166667
109 438.6599 0.0000500000
110 442.7080 0.0000333333
111 446.7545 0.0000500000
112 450.8027 0.0000333333
113 454.8486 0.0000333333
114 458.8968 0.0000166667
115 462.9470 0.0000000000
116 466.9977 0.0000333333
117 471.0442 0.0000166667
118 475.0988 0.0000166667
119 479.1459 0.0000000000
120 483.1942 0.0000000000
121 487.2410 0.0000166667
122 491.2916 0.0000000000
123 495.3391 0.0000166667
124 499.3882 0.0000000000
125 503.4399 0.0000000000
126 507.4909 0.0000000000
127 511.5342 0.0000333333
128 515.5797 0.0000000000
129 519.6231 0.0000000000
130 523.6684 0.0000500000
131 527.7120 0.0000166667
132 531.7561 0.0000166667
133 535.7979 0.0000500000
134 539.8455 0.0000166667
135 543.8903 0.0000166667
136 547.9370 0.0000000000
137 551.9805 0.0000166667
138 556.0251 0.0000333333
139 560.0713 0.0000000000
140 564.1171 0.0000000000
141 568.1612 0.0000000000
142 572.2049 0.0000000000
143 576.2475 0.0000000000
144 580.2931 0.0000000000
145 584.3399 0.0000166667
146 588.3875 0.0000166667
147 592.4319 0.0000333333
148 596.4756 0.0000000000
149 600.5189 0.0000166667
150 604.5653 0.0000000000
151 608.6090 0.0000166667
152 612.6539 0.0000166667
153 616.6980 0.0000000000
154 620.7460 0.0000000000
155 624.7898 0.0000000000
156 628.8354 0.0000166667
157 632.8767 0.0000166667
158 636.9217 0.0000166667
159 640.9658 0.0000000000
160 645.0118 0.0000333333
161 649.0560 0.0000000000
162 653.1019 0.0000166667
163 657.1446 0.0000000000
164 661.1878 0.0000000000
165 665.2316 0.0000000000
166 669.2757 0.0000000000
167 673.3199 0.0000000000
168 677.3685 0.0000000000
169 681.4580 0.0000166667
170 685.5131 0.0000000000
171 689.5563 0.0000166667
172 693.6015 0.0000166667
173 697.6437 0.0000000000
174 701.6887 0.0000000000
175 705.7314 0.0000166667
176 709.7760 0.0000166667
177 713.8185 0.0000000000
178 717.8617 0.0000000000
179 721.9058 0.0000333333
180 725.9508 0.0000000000
181 729.9950 0.0000000000
182 734.0450 0.0000000000
183 738.0987 0.0000166667
184 742.1519 0.0000000000
185 746.1993 0.0000166667
186 750.2660 0.0000000000
187 754.3336 0.0000000000
188 758.3833 0.0000166667
189 762.4328 0.0000000000
190 766.4840 0.0000000000
191 770.5316 0.0000000000
192 774.5801 0.0000166667
193 778.6302 0.0000000000
194 782.6792 0.0000000000
195 786.7452 0.0000000000
196 790.7957 0.0000000000
197 794.9816 0.0000000000
198 799.0318 0.0000000000
199 803.0803 0.0000000000
200 807.1305 0.0000000000
