1 0.0000 4.7400000000
2 1.9274 3.3400000000
3 3.8531 2.8700000000
4 5.7876 2.6400000000
5 7.7081 2.3700000000
6 9.6290 2.2900000000
7 11.5503 2.1900000000
8 13.4702 2.1400000000
9 15.3894 2.1200000000
10 17.3100 2.1100000000
11 19.2337 2.0900000000
12 21.1585 2.0600000000
13 23.0786 2.0500000000
14 24.9985 2.0400000000
15 26.9175 2.0300000000
16 28.8366 2.0000000000
17 30.7547 1.9800000000
18 32.6735 1.9900000000
19 34.5920 1.9400000000
20 36.5117 1.9400000000
21 38.4293 1.9200000000
22 40.3496 1.8800000000
23 42.2687 1.8700000000
24 44.1879 1.8300000000
25 46.1064 1.8600000000
26 48.0244 1.8200000000
27 49.9422 1.7900000000
28 51.8603 1.7900000000
29 53.7771 1.7900000000
30 55.6951 1.7800000000
31 57.6129 1.7700000000
32 59.5322 1.7600000000
33 61.4514 1.7700000000
34 63.3698 1.7600000000
35 65.2894 1.7800000000
36 67.2098 1.7700000000
37 69.1284 1.7800000000
38 71.0472 1.7600000000
39 72.9658 1.7800000000
40 74.8847 1.7700000000
41 76.8029 1.7800000000
42 78.7223 1.7700000000
43 80.6399 1.7600000000
44 82.5581 1.7600000000
45 84.4773 1.7700000000
46 86.3960 1.7400000000
47 88.3155 1.7500000000
48 90.2341 1.7600000000
49 92.1515 1.7300000000
50 94.0701 1.7000000000
51 95.9887 1.7400000000
52 97.9079 1.7000000000
53 99.8259 1.7400000000
54 101.7444 1.7300000000
55 103.6627 1.7200000000
56 105.5809 1.7300000000
57 107.4990 1.7200000000
58 109.4175 1.7400000000
59 111.3357 1.7400000000
60 113.2544 1.7500000000
61 115.1722 1.7600000000
62 117.0907 1.7500000000
63 119.0087 1.7200000000
64 120.9264 1.7700000000
65 122.8448 1.7600000000
66 124.7628 1.7600000000
67 126.6808 1.7500000000
68 128.5999 1.7300000000
69 130.5179 1.7600000000
70 132.4355 1.7300000000
71 134.3540 1.7400000000
72 136.2732 1.7200000000
73 138.1907 1.7300000000
74 140.1085 1.7400000000
75 142.0267 1.7500000000
76 143.9463 1.7300000000
77 145.8646 1.7400000000
78 147.7831 1.7400000000
79 149.7005 1.7600000000
80 151.6193 1.7400000000
81 153.5371 1.7500000000
82 155.4556 1.7200000000
83 157.3736 1.7300000000
84 159.2914 1.7200000000
85 161.2111 1.7400000000
86 163.1304 1.7400000000
87 165.0501 1.7300000000
88 166.9686 1.7400000000
89 168.8875 1.7300000000
90 170.8072 1.7400000000
91 172.7271 1.7300000000
92 174.6462 1.7300000000
93 176.5661 1.7200000000
94 178.4839 1.7300000000
95 180.4022 1.7300000000
96 182.3209 1.7200000000
97 184.2389 1.7200000000
98 186.1566 1.6800000000
99 188.0751 1.7400000000
100 189.9939 1.6800000000
101 191.9109 1.7000000000
102 193.8283 1.7300000000
103 195.7454 1.6900000000
104 197.6629 1.7300000000
105 199.5801 1.6900000000
106 201.4984 1.6900000000
107 203.4166 1.7000000000
108 205.3352 1.6900000000
109 207.2572 1.6900000000
110 209.1793 1.6700000000
111 211.0987 1.6900000000
112 213.0173 1.6900000000
113 214.9352 1.7000000000
114 216.8538 1.6900000000
115 218.7719 1.6900000000
116 220.6911 1.6800000000
117 222.6097 1.6700000000
118 224.5291 1.6900000000
119 226.4471 1.6800000000
120 228.3647 1.6900000000
121 230.2826 1.6700000000
122 232.2015 1.6900000000
123 234.1220 1.6900000000
124 236.0386 1.6700000000
125 237.9558 1.6800000000
126 239.8730 1.6700000000
127 241.7905 1.7000000000
128 243.7087 1.6800000000
129 245.6255 1.6700000000
130 247.5434 1.6700000000
131 249.4608 1.7100000000
132 251.3788 1.6800000000
133 253.2967 1.6600000000
134 255.2161 1.6900000000
135 257.1336 1.6700000000
136 259.0520 1.6800000000
137 260.9716 1.6800000000
138 262.8905 1.6600000000
139 264.8094 1.6800000000
140 266.7282 1.6800000000
141 268.6472 1.6700000000
142 270.5663 1.6800000000
143 272.4856 1.6700000000
144 274.4042 1.6900000000
145 276.3208 1.6900000000
146 278.2391 1.6900000000
147 280.1559 1.6600000000
148 282.0732 1.6700000000
149 283.9899 1.6600000000
150 285.9206 1.6500000000
151 287.8393 1.6800000000
152 289.7584 1.6600000000
153 291.6759 1.6600000000
154 293.5945 1.6500000000
155 295.5113 1.6800000000
156 297.4283 1.6600000000
157 299.3458 1.6900000000
158 301.2640 1.6500000000
159 303.1838 1.6700000000
160 305.1021 1.6600000000
161 307.0209 1.6600000000
162 308.9408 1.6400000000
163 310.8616 1.6500000000
164 312.7828 1.6700000000
165 314.7023 1.6800000000
166 316.6217 1.6700000000
167 318.5388 1.6500000000
168 320.4575 1.6700000000
169 322.3755 1.6700000000
170 324.2930 1.6700000000
171 326.2114 1.6600000000
172 328.1300 1.6700000000
173 330.0477 1.6700000000
174 331.9662 1.6700000000
175 333.8847 1.6600000000
176 335.8049 1.6700000000
177 337.7248 1.6800000000
178 339.6438 1.6700000000
179 341.5622 1.6700000000
180 343.4817 1.6900000000
181 345.3992 1.6600000000
182 347.3173 1.6700000000
183 349.2367 1.6800000000
184 351.1547 1.6700000000
185 353.0731 1.6600000000
186 354.9950 1.6800000000
187 356.9127 1.6500000000
188 358.8311 1.6800000000
189 360.7591 1.6800000000
190 362.6781 1.7100000000
191 364.5977 1.6600000000
192 366.5174 1.6700000000
193 368.4366 1.6900000000
194 370.3548 1.6800000000
195 372.2747 1.6800000000
196 374.1946 1.6900000000
197 376.1130 1.6600000000
198 378.0326 1.6700000000
199 379.9518 1.6900000000
200 381.8705 1.6800000000
