1 0.0000 0.0720333333
2 1.9274 0.0316000000
3 3.8531 0.0216333333
4 5.7876 0.0159166667
5 7.7081 0.0120833333
6 9.6290 0.0092500000
7 11.5503 0.0069166667
8 13.4702 0.0049166667
9 15.3894 0.0035666667
10 17.3100 0.0027000000
11 19.2337 0.0019666667
12 21.1585 0.0014333333
13 23.0786 0.0011166667
14 24.9985 0.0010166667
15 26.9175 0.0008666667
16 28.8366 0.0007000000
17 30.7547 0.0005666667
18 32.6735 0.0004333333
19 34.5920 0.0003666667
20 36.5117 0.0003333333
21 38.4293 0.0002500000
22 40.3496 0.0002166667
23 42.2687 0.0001666667
24 44.1879 0.0001666667
25 46.1064 0.0001500000
26 48.0244 0.0001166667
27 49.9422 0.0000833333
28 51.8603 0.0000833333
29 53.7771 0.0000500000
30 55.6951 0.0000500000
31 57.6129 0.0000500000
32 59.5322 0.0000500000
33 61.4514 0.0000500000
34 63.3698 0.0000500000
35 65.2894 0.0000500000
36 67.2098 0.0000500000
37 69.1284 0.0000500000
38 71.0472 0.0000500000
39 72.9658 0.0000500000
40 74.8847 0.0000166667
41 76.8029 0.0000333333
42 78.7223 0.0000500000
43 80.6399 0.0000166667
44 82.5581 0.0000166667
45 84.4773 0.0000166667
46 86.3960 0.0000166667
47 88.3155 0.0000166667
48 90.2341 0.0000166667
49 92.1515 0.0000166667
50 94.0701 0.0000166667
51 95.9887 0.0000166667
52 97.9079 0.0000166667
53 99.8259 0.0000166667
54 101.7444 0.0000166667
55 103.6627 0.0000166667
56 105.5809 0.0000166667
57 107.4990 0.0000166667
58 109.4175 0.0000166667
59 111.3357 0.0000166667
60 113.2544 0.0000166667
61 115.1722 0.0000166667
62 117.0907 0.0000166667
63 119.0087 0.0000166667
64 120.9264 0.0000166667
65 122.8448 0.0000166667
66 124.7628 0.0000166667
67 126.6808 0.0000166667
68 128.5999 0.0000166667
69 130.5179 0.0000166667
70 132.4355 0.0000166667
71 134.3540 0.0000166667
72 136.2732 0.0000166667
73 138.1907 0.0000166667
74 140.1085 0.0000166667
75 142.0267 0.0000166667
76 143.9463 0.0000166667
77 145.8646 0.0000166667
78 147.7831 0.0000166667
79 149.7005 0.0000166667
80 151.6193 0.0000166667
81 153.5371 0.0000166667
82 155.4556 0.0000166667
83 157.3736 0.0000166667
84 159.2914 0.0000166667
85 161.2111 0.0000166667
86 163.1304 0.0000166667
87 165.0501 0.0000166667
88 166.9686 0.0000166667
89 168.8875 0.0000166667
90 170.8072 0.0000166667
91 172.7271 0.0000166667
92 174.6462 0.0000166667
93 176.5661 0.0000166667
94 178.4839 0.0000166667
95 180.4022 0.0000166667
96 182.3209 0.0000166667
97 184.2389 0.0000166667
98 186.1566 0.0000166667
99 188.0751 0.0000166667
100 189.9939 0.0000166667
101 191.9109 0.0000166667
102 193.8283 0.0000166667
103 195.7454 0.0000166667
104 197.6629 0.0000166667
105 199.5801 0.0000166667
106 201.4984 0.0000166667
107 203.4166 0.0000166667
108 205.3352 0.0000166667
109 207.2572 0.0000166667
110 209.1793 0.0000166667
111 211.0987 0.0000166667
112 213.0173 0.0000166667
113 214.9352 0.0000166667
114 216.8538 0.0000166667
115 218.7719 0.0000166667
116 220.6911 0.0000166667
117 222.6097 0.0000166667
118 224.5291 0.0000166667
119 226.4471 0.0000166667
120 228.3647 0.0000166667
121 230.2826 0.0000166667
122 232.2015 0.0000166667
123 234.1220 0.0000166667
124 236.0386 0.0000166667
125 237.9558 0.0000166667
126 239.8730 0.0000166667
127 241.7905 0.0000166667
128 243.7087 0.0000166667
129 245.6255 0.0000166667
130 247.5434 0.0000166667
131 249.4608 0.0000166667
132 251.3788 0.0000166667
133 253.2967 0.0000166667
134 255.2161 0.0000166667
135 257.1336 0.0000166667
136 259.0520 0.0000166667
137 260.9716 0.0000166667
138 262.8905 0.0000166667
139 264.8094 0.0000166667
140 266.7282 0.0000166667
141 268.6472 0.0000166667
142 270.5663 0.0000166667
143 272.4856 0.0000166667
144 274.4042 0.0000166667
145 276.3208 0.0000166667
146 278.2391 0.0000166667
147 280.1559 0.0000166667
148 282.0732 0.0000166667
149 283.9899 0.0000166667
150 285.9206 0.0000166667
151 287.8393 0.0000166667
152 289.7584 0.0000166667
153 291.6759 0.0000166667
154 293.5945 0.0000166667
155 295.5113 0.0000166667
156 297.4283 0.0000166667
157 299.3458 0.0000166667
158 301.2640 0.0000166667
159 303.1838 0.0000166667
160 305.1021 0.0000166667
161 307.0209 0.0000166667
162 308.9408 0.0000166667
163 310.8616 0.0000166667
164 312.7828 0.0000166667
165 314.7023 0.0000166667
166 316.6217 0.0000166667
167 318.5388 0.0000166667
168 320.4575 0.0000166667
169 322.3755 0.0000166667
170 324.2930 0.0000166667
171 326.2114 0.0000166667
172 328.1300 0.0000166667
173 330.0477 0.0000166667
174 331.9662 0.0000166667
175 333.8847 0.0000166667
176 335.8049 0.0000166667
177 337.7248 0.0000166667
178 339.6438 0.0000166667
179 341.5622 0.0000166667
180 343.4817 0.0000166667
181 345.3992 0.0000166667
182 347.3173 0.0000166667
183 349.2367 0.0000166667
184 351.1547 0.0000166667
185 353.0731 0.0000166667
186 354.9950 0.0000166667
187 356.9127 0.0000166667
188 358.8311 0.0000166667
189 360.7591 0.0000166667
190 362.6781 0.0000166667
191 364.5977 0.0000166667
192 366.5174 0.0000166667
193 368.4366 0.0000166667
194 370.3548 0.0000166667
195 372.2747 0.0000166667
196 374.1946 0.0000166667
197 376.1130 0.0000166667
198 378.0326 0.0000166667
199 379.9518 0.0000166667
200 381.8705 0.0000166667
