1 0.0000 7.9100000000
2 1.9318 4.9300000000
3 3.8542 3.8200000000
4 5.7765 3.2300000000
5 7.7016 2.9700000000
6 9.6245 2.7000000000
7 11.5475 2.5800000000
8 13.4700 2.5400000000
9 15.3915 2.4800000000
10 17.3151 2.3800000000
11 19.2371 2.2600000000
12 21.1592 2.1300000000
13 23.0824 2.0600000000
14 25.0043 2.0400000000
15 26.9285 2.0200000000
16 28.8506 1.9900000000
17 30.7721 1.9600000000
18 32.7001 1.9600000000
19 34.6217 1.9300000000
20 36.5439 1.9600000000
21 38.4658 1.9500000000
22 40.3875 1.9300000000
23 42.3104 1.9000000000
24 44.2326 1.8600000000
25 46.1542 1.7900000000
26 48.0763 1.7900000000
27 49.9975 1.7900000000
28 51.9198 1.7800000000
29 53.8403 1.7900000000
30 55.7630 1.7600000000
31 57.6845 1.7500000000
32 59.6064 1.7500000000
33 61.5270 1.7600000000
34 63.4481 1.7500000000
35 65.3688 1.7500000000
36 67.2911 1.7400000000
37 69.2111 1.7300000000
38 71.1344 1.7300000000
39 73.0563 1.7400000000
40 74.9777 1.7300000000
41 76.8991 1.7300000000
42 78.8207 1.7100000000
43 80.7416 1.7000000000
44 82.6628 1.7100000000
45 84.5837 1.7200000000
46 86.5050 1.7200000000
47 88.4265 1.7200000000
48 90.3488 1.7100000000
49 92.2698 1.7200000000
50 94.1911 1.7200000000
51 96.1122 1.7100000000
52 98.0338 1.7100000000
53 99.9565 1.7000000000
54 101.8789 1.7000000000
55 103.8008 1.7000000000
56 105.7216 1.7000000000
57 107.6432 1.7000000000
58 109.5647 1.7000000000
59 111.4866 1.7000000000
60 113.4084 1.7000000000
61 115.3296 1.7000000000
62 117.2508 1.7000000000
63 119.1728 1.7000000000
64 121.0948 1.7000000000
65 123.0164 1.7100000000
66 124.9378 1.7100000000
67 126.8598 1.7200000000
68 128.7817 1.7200000000
69 130.7031 1.7200000000
70 132.6250 1.7200000000
71 134.5453 1.7300000000
72 136.4665 1.7300000000
73 138.3884 1.7300000000
74 140.3100 1.7300000000
75 142.2313 1.7300000000
76 144.1514 1.7300000000
77 146.0724 1.7300000000
78 147.9945 1.7300000000
79 149.9237 1.7300000000
80 151.8451 1.7300000000
81 153.7664 1.7300000000
82 155.6868 1.7300000000
83 157.6078 1.7300000000
84 159.5287 1.7200000000
85 161.4505 1.7200000000
86 163.3725 1.7200000000
87 165.2939 1.7200000000
88 167.2155 1.7100000000
89 169.1352 1.7200000000
90 171.0567 1.7100000000
91 172.9780 1.7100000000
92 174.9001 1.7100000000
93 176.8209 1.7100000000
94 178.7419 1.7000000000
95 180.6624 1.7000000000
96 182.5835 1.7000000000
97 184.5047 1.7000000000
98 186.4265 1.7000000000
99 188.3475 1.7000000000
100 190.2686 1.7000000000
101 192.1887 1.7000000000
102 194.1109 1.7000000000
103 196.0315 1.7000000000
104 197.9534 1.6900000000
105 199.8755 1.6900000000
106 201.7967 1.6800000000
107 203.7179 1.6800000000
108 205.6395 1.6800000000
109 207.5604 1.6800000000
110 209.4823 1.6800000000
111 211.4029 1.6800000000
112 213.3233 1.6800000000
113 215.2442 1.6800000000
114 217.1665 1.6800000000
115 219.0878 1.6800000000
116 221.0092 1.6800000000
117 222.9295 1.6800000000
118 224.8511 1.6800000000
119 226.7723 1.6800000000
120 228.6941 1.6800000000
121 230.6164 1.6800000000
122 232.5385 1.6800000000
123 234.4604 1.6800000000
124 236.3820 1.6700000000
125 238.3034 1.6700000000
126 240.2248 1.6700000000
127 242.1446 1.6700000000
128 244.0653 1.6700000000
129 245.9861 1.6700000000
130 247.9072 1.6700000000
131 249.8278 1.6700000000
132 251.7494 1.6700000000
133 253.6709 1.6700000000
134 255.5936 1.6700000000
135 257.5141 1.6700000000
136 259.4359 1.6700000000
137 261.3574 1.6700000000
138 263.2798 1.6700000000
139 265.2017 1.6700000000
140 267.1239 1.6600000000
141 269.0441 1.6600000000
142 270.9645 1.6600000000
143 272.8858 1.6600000000
144 274.8075 1.6600000000
145 276.7284 1.6600000000
146 278.6507 1.6600000000
147 280.5721 1.6600000000
148 282.4930 1.6600000000
149 284.4130 1.6600000000
150 286.3345 1.6600000000
151 288.2544 1.6600000000
152 290.1778 1.6600000000
153 292.0978 1.6600000000
154 294.0184 1.6600000000
155 295.9404 1.6600000000
156 297.8614 1.6600000000
157 299.7826 1.6600000000
158 301.7042 1.6600000000
159 303.6259 1.6600000000
160 305.5475 1.6600000000
161 307.4697 1.6600000000
162 309.3918 1.6600000000
163 311.3136 1.6600000000
164 313.2354 1.6600000000
165 315.1567 1.6600000000
166 317.0782 1.6500000000
167 319.0000 1.6500000000
168 320.9212 1.6600000000
169 322.8432 1.6600000000
170 324.7652 1.6600000000
171 326.6864 1.6600000000
172 328.6084 1.6600000000
173 330.5306 1.6600000000
174 332.4506 1.6600000000
175 334.3727 1.6600000000
176 336.2955 1.6600000000
177 338.2172 1.6700000000
178 340.1386 1.6700000000
179 342.0605 1.6700000000
180 343.9825 1.6700000000
181 345.9032 1.6700000000
182 347.8251 1.6600000000
183 349.7445 1.6600000000
184 351.6658 1.6600000000
185 353.5869 1.6600000000
186 355.5081 1.6600000000
187 357.4290 1.6600000000
188 359.3522 1.6600000000
189 361.2722 1.6600000000
190 363.1934 1.6600000000
191 365.1149 1.6600000000
192 367.0358 1.6500000000
193 368.9564 1.6400000000
194 370.8785 1.6400000000
195 372.7982 1.6400000000
196 374.7192 1.6400000000
197 376.6401 1.6400000000
198 378.5618 1.6400000000
199 380.4828 1.6400000000
200 382.4061 1.6400000000
