1 0.0000 9.1300000000
2 1.9033 7.6200000000
3 3.8012 6.5700000000
4 5.6994 5.8600000000
5 7.5968 5.2000000000
6 9.4946 4.5800000000
7 11.3916 4.1100000000
8 13.2906 3.8400000000
9 15.1920 3.5700000000
10 17.0890 3.3400000000
11 18.9874 3.1600000000
12 20.8823 3.0500000000
13 22.7776 2.9500000000
14 24.6740 2.8700000000
15 26.5697 2.7700000000
16 28.4670 2.7700000000
17 30.3627 2.6900000000
18 32.2596 2.5800000000
19 34.1564 2.5300000000
20 36.0533 2.5000000000
21 37.9482 2.4700000000
22 39.8453 2.4400000000
23 41.7404 2.3900000000
24 43.6364 2.3600000000
25 45.5315 2.3500000000
26 47.4273 2.3600000000
27 49.3230 2.3400000000
28 51.2183 2.2700000000
29 53.1139 2.2400000000
30 55.0105 2.2200000000
31 56.9053 2.2100000000
32 58.8015 2.2100000000
33 60.6968 2.1900000000
34 62.5927 2.1800000000
35 64.4860 2.1700000000
36 66.3818 2.1700000000
37 68.2765 2.1300000000
38 70.1723 2.1300000000
39 72.0672 2.1000000000
40 73.9643 2.0800000000
41 75.8590 2.0800000000
42 77.7549 2.0700000000
43 79.6496 2.0500000000
44 81.5452 2.0300000000
45 83.4398 2.0400000000
46 85.3350 2.0600000000
47 87.2304 2.0500000000
48 89.1263 2.0100000000
49 91.0219 2.0100000000
50 92.9190 2.0000000000
51 94.8146 2.0000000000
52 96.7096 1.9900000000
53 98.6031 1.9700000000
54 100.4981 1.9800000000
55 102.3921 1.9700000000
56 104.2873 1.9500000000
57 106.1807 1.9500000000
58 108.0766 1.9400000000
59 109.9718 1.9400000000
60 111.8676 1.9400000000
61 113.7632 1.9300000000
62 115.6579 1.9300000000
63 117.5527 1.9300000000
64 119.4480 1.9100000000
65 121.3437 1.9000000000
66 123.2389 1.9000000000
67 125.1320 1.9100000000
68 127.0273 1.9000000000
69 128.9210 1.9100000000
70 130.8158 1.9000000000
71 132.7103 1.9000000000
72 134.6069 1.9100000000
73 136.5012 1.9000000000
74 138.3974 1.9000000000
75 140.2931 1.9000000000
76 142.1878 1.9000000000
77 144.0834 1.8700000000
78 145.9792 1.8500000000
79 147.8733 1.8600000000
80 149.7683 1.8700000000
81 151.6629 1.8600000000
82 153.5572 1.8600000000
83 155.4520 1.8600000000
84 157.3475 1.8600000000
85 159.2430 1.8400000000
86 161.1385 1.8200000000
87 163.0326 1.7900000000
88 164.9274 1.7900000000
89 166.8214 1.7900000000
90 168.7153 1.7900000000
91 170.6098 1.7900000000
92 172.5053 1.7900000000
93 174.3994 1.7800000000
94 176.2929 1.7700000000
95 178.1877 1.7700000000
96 180.0824 1.7700000000
97 181.9766 1.7700000000
98 183.8721 1.7500000000
99 185.7702 1.7500000000
100 187.6650 1.7700000000
101 189.5585 1.7400000000
102 191.4530 1.7400000000
103 193.3470 1.7400000000
104 195.2420 1.7400000000
105 197.1447 1.7400000000
106 199.0423 1.7400000000
107 200.9407 1.7400000000
108 202.8392 1.7400000000
109 204.7367 1.7400000000
110 206.6352 1.7300000000
111 208.5306 1.7300000000
112 210.4283 1.7400000000
113 212.3266 1.7300000000
114 214.2253 1.7300000000
115 216.1210 1.7300000000
116 218.0178 1.7300000000
117 219.9134 1.7300000000
118 221.8090 1.7300000000
119 223.7040 1.7300000000
120 225.6007 1.7300000000
121 227.4968 1.7300000000
122 229.3930 1.7300000000
123 231.2880 1.7300000000
124 233.1825 1.7300000000
125 235.0787 1.7300000000
126 236.9741 1.7300000000
127 238.8702 1.7200000000
128 240.7658 1.7200000000
129 242.6589 1.7200000000
130 244.5542 1.7200000000
131 246.4496 1.7200000000
132 248.3457 1.7200000000
133 250.2406 1.7400000000
134 252.1356 1.7400000000
135 254.0308 1.7400000000
136 255.9262 1.7400000000
137 257.8209 1.7400000000
138 259.7169 1.7400000000
139 261.6119 1.7400000000
140 263.5069 1.7400000000
141 265.4025 1.7300000000
142 267.2981 1.7200000000
143 269.1931 1.7200000000
144 271.0887 1.7100000000
145 272.9837 1.7100000000
146 274.8788 1.7000000000
147 276.7735 1.7000000000
148 278.6691 1.7000000000
149 280.5640 1.7000000000
150 282.4599 1.7000000000
151 284.3539 1.6900000000
152 286.2495 1.6900000000
153 288.1428 1.6900000000
154 290.0376 1.6900000000
155 291.9330 1.6900000000
156 293.8284 1.6900000000
157 295.7223 1.6900000000
158 297.6182 1.6900000000
159 299.5129 1.6900000000
160 301.4070 1.6900000000
161 303.3009 1.6900000000
162 305.1960 1.6900000000
163 307.0919 1.6900000000
164 308.9867 1.6900000000
165 310.8816 1.6900000000
166 312.7765 1.6900000000
167 314.6723 1.6900000000
168 316.5677 1.6900000000
169 318.4620 1.6900000000
170 320.3566 1.6900000000
171 322.2508 1.6900000000
172 324.1478 1.6900000000
173 326.0424 1.6900000000
174 327.9373 1.6900000000
175 329.8307 1.6900000000
176 331.7246 1.6900000000
177 333.6203 1.6900000000
178 335.5165 1.6900000000
179 337.4107 1.6900000000
180 339.3054 1.6900000000
181 341.1996 1.6900000000
182 343.0949 1.6900000000
183 344.9907 1.6900000000
184 346.8866 1.6900000000
185 348.7815 1.6900000000
186 350.6767 1.6900000000
187 352.5700 1.6900000000
188 354.4651 1.6900000000
189 356.3589 1.6900000000
190 358.2547 1.6900000000
191 360.1504 1.6900000000
192 362.0448 1.6900000000
193 363.9389 1.6900000000
194 365.8349 1.6900000000
195 367.7286 1.6900000000
196 369.6232 1.6900000000
197 371.5172 1.6900000000
198 373.4104 1.6900000000
199 375.3058 1.6900000000
200 377.2007 1.6900000000
