1 0.0000 0.1251666667
2 1.9033 0.0799833333
3 3.8012 0.0669166667
4 5.6994 0.0569166667
5 7.5968 0.0489833333
6 9.4946 0.0426500000
7 11.3916 0.0378500000
8 13.2906 0.0341500000
9 15.1920 0.0314000000
10 17.0890 0.0283166667
11 18.9874 0.0256833333
12 20.8823 0.0233333333
13 22.7776 0.0215833333
14 24.6740 0.0199500000
15 26.5697 0.0183500000
16 28.4670 0.0169666667
17 30.3627 0.0159333333
18 32.2596 0.0147500000
19 34.1564 0.0136333333
20 36.0533 0.0126500000
21 37.9482 0.0116000000
22 39.8453 0.0108500000
23 41.7404 0.0099833333
24 43.6364 0.0092500000
25 45.5315 0.0084166667
26 47.4273 0.0077500000
27 49.3230 0.0071833333
28 51.2183 0.0064666667
29 53.1139 0.0059833333
30 55.0105 0.0055166667
31 56.9053 0.0050000000
32 58.8015 0.0046166667
33 60.6968 0.0041666667
34 62.5927 0.0039000000
35 64.4860 0.0035500000
36 66.3818 0.0032333333
37 68.2765 0.0028666667
38 70.1723 0.0026000000
39 72.0672 0.0023833333
40 73.9643 0.0021666667
41 75.8590 0.0018666667
42 77.7549 0.0017166667
43 79.6496 0.0016000000
44 81.5452 0.0014666667
45 83.4398 0.0012833333
46 85.3350 0.0011833333
47 87.2304 0.0011166667
48 89.1263 0.0010833333
49 91.0219 0.0009666667
50 92.9190 0.0009500000
51 94.8146 0.0008666667
52 96.7096 0.0007833333
53 98.6031 0.0007000000
54 100.4981 0.0006666667
55 102.3921 0.0006166667
56 104.2873 0.0005500000
57 106.1807 0.0005000000
58 108.0766 0.0004666667
59 109.9718 0.0004000000
60 111.8676 0.0004000000
61 113.7632 0.0004000000
62 115.6579 0.0003500000
63 117.5527 0.0003333333
64 119.4480 0.0003166667
65 121.3437 0.0003000000
66 123.2389 0.0003000000
67 125.1320 0.0002500000
68 127.0273 0.0002333333
69 128.9210 0.0002333333
70 130.8158 0.0002166667
71 132.7103 0.0002000000
72 134.6069 0.0001666667
73 136.5012 0.0001666667
74 138.3974 0.0001666667
75 140.2931 0.0001333333
76 142.1878 0.0001166667
77 144.0834 0.0001000000
78 145.9792 0.0000666667
79 147.8733 0.0000666667
80 149.7683 0.0000500000
81 151.6629 0.0000500000
82 153.5572 0.0000500000
83 155.4520 0.0000500000
84 157.3475 0.0000333333
85 159.2430 0.0000333333
86 161.1385 0.0000333333
87 163.0326 0.0000333333
88 164.9274 0.0000333333
89 166.8214 0.0000333333
90 168.7153 0.0000166667
91 170.6098 0.0000166667
92 172.5053 0.0000166667
93 174.3994 0.0000166667
94 176.2929 0.0000166667
95 178.1877 0.0000166667
96 180.0824 0.0000166667
97 181.9766 0.0000166667
98 183.8721 0.0000166667
99 185.7702 0.0000166667
100 187.6650 0.0000166667
101 189.5585 0.0000166667
102 191.4530 0.0000166667
103 193.3470 0.0000166667
104 195.2420 0.0000166667
105 197.1447 0.0000166667
106 199.0423 0.0000166667
107 200.9407 0.0000166667
108 202.8392 0.0000166667
109 204.7367 0.0000166667
110 206.6352 0.0000166667
111 208.5306 0.0000166667
112 210.4283 0.0000166667
113 212.3266 0.0000166667
114 214.2253 0.0000166667
115 216.1210 0.0000166667
116 218.0178 0.0000000000
117 219.9134 0.0000000000
118 221.8090 0.0000000000
119 223.7040 0.0000000000
120 225.6007 0.0000000000
121 227.4968 0.0000000000
122 229.3930 0.0000000000
123 231.2880 0.0000000000
124 233.1825 0.0000000000
125 235.0787 0.0000000000
126 236.9741 0.0000000000
127 238.8702 0.0000000000
128 240.7658 0.0000000000
129 242.6589 0.0000000000
130 244.5542 0.0000000000
131 246.4496 0.0000000000
132 248.3457 0.0000000000
133 250.2406 0.0000000000
134 252.1356 0.0000000000
135 254.0308 0.0000000000
136 255.9262 0.0000000000
137 257.8209 0.0000000000
138 259.7169 0.0000000000
139 261.6119 0.0000000000
140 263.5069 0.0000000000
141 265.4025 0.0000000000
142 267.2981 0.0000000000
143 269.1931 0.0000000000
144 271.0887 0.0000000000
145 272.9837 0.0000000000
146 274.8788 0.0000000000
147 276.7735 0.0000000000
148 278.6691 0.0000000000
149 280.5640 0.0000000000
150 282.4599 0.0000000000
151 284.3539 0.0000000000
152 286.2495 0.0000000000
153 288.1428 0.0000000000
154 290.0376 0.0000000000
155 291.9330 0.0000000000
156 293.8284 0.0000000000
157 295.7223 0.0000000000
158 297.6182 0.0000000000
159 299.5129 0.0000000000
160 301.4070 0.0000000000
161 303.3009 0.0000000000
162 305.1960 0.0000000000
163 307.0919 0.0000000000
164 308.9867 0.0000000000
165 310.8816 0.0000000000
166 312.7765 0.0000000000
167 314.6723 0.0000000000
168 316.5677 0.0000000000
169 318.4620 0.0000000000
170 320.3566 0.0000000000
171 322.2508 0.0000000000
172 324.1478 0.0000000000
173 326.0424 0.0000000000
174 327.9373 0.0000000000
175 329.8307 0.0000000000
176 331.7246 0.0000000000
177 333.6203 0.0000000000
178 335.5165 0.0000000000
179 337.4107 0.0000000000
180 339.3054 0.0000000000
181 341.1996 0.0000000000
182 343.0949 0.0000000000
183 344.9907 0.0000000000
184 346.8866 0.0000000000
185 348.7815 0.0000000000
186 350.6767 0.0000000000
187 352.5700 0.0000000000
188 354.4651 0.0000000000
189 356.3589 0.0000000000
190 358.2547 0.0000000000
191 360.1504 0.0000000000
192 362.0448 0.0000000000
193 363.9389 0.0000000000
194 365.8349 0.0000000000
195 367.7286 0.0000000000
196 369.6232 0.0000000000
197 371.5172 0.0000000000
198 373.4104 0.0000000000
199 375.3058 0.0000000000
200 377.2007 0.0000000000
