1 0.0000 8.6800000000
2 1.9140 7.5300000000
3 3.8267 6.7000000000
4 5.7365 6.0200000000
5 7.6474 5.2900000000
6 9.5591 4.8200000000
7 11.4704 4.4100000000
8 13.3822 4.0100000000
9 15.2932 3.6800000000
10 17.2040 3.5600000000
11 19.1135 3.3500000000
12 21.0245 3.1900000000
13 22.9401 3.0400000000
14 24.8495 2.9200000000
15 26.7604 2.8300000000
16 28.6725 2.7400000000
17 30.5829 2.6600000000
18 32.4944 2.6100000000
19 34.4063 2.6000000000
20 36.3161 2.5800000000
21 38.2263 2.5300000000
22 40.1371 2.4700000000
23 42.0478 2.4100000000
24 43.9586 2.3700000000
25 45.8688 2.3500000000
26 47.7805 2.2900000000
27 49.6917 2.3000000000
28 51.6017 2.2700000000
29 53.5137 2.2600000000
30 55.4249 2.2400000000
31 57.3351 2.2100000000
32 59.2514 2.2300000000
33 61.1615 2.2200000000
34 63.0713 2.2100000000
35 64.9814 2.2000000000
36 66.8928 2.1800000000
37 68.8033 2.1800000000
38 70.7158 2.1600000000
39 72.6265 2.1600000000
40 74.5365 2.1600000000
41 76.4475 2.1300000000
42 78.3588 2.1200000000
43 80.2701 2.1100000000
44 82.1809 2.1100000000
45 84.0910 2.1100000000
46 86.0012 2.1200000000
47 87.9107 2.0900000000
48 89.8218 2.0900000000
49 91.7317 2.0900000000
50 93.6429 2.0700000000
51 95.5541 2.0700000000
52 97.4641 2.0700000000
53 99.3754 2.0700000000
54 101.2858 2.0600000000
55 103.1961 2.0100000000
56 105.1068 1.9900000000
57 107.0171 1.9700000000
58 108.9291 1.9700000000
59 110.8397 1.9600000000
60 112.7514 1.9700000000
61 114.6622 1.9800000000
62 116.5735 1.9800000000
63 118.4845 1.9800000000
64 120.3954 1.9800000000
65 122.3058 1.9400000000
66 124.2164 1.9300000000
67 126.1268 1.9300000000
68 128.0375 1.9300000000
69 129.9494 1.9000000000
70 131.8591 1.8800000000
71 133.7708 1.8700000000
72 135.6811 1.8500000000
73 137.5909 1.8600000000
74 139.5009 1.8600000000
75 141.4106 1.8400000000
76 143.3221 1.8400000000
77 145.2325 1.8300000000
78 147.1426 1.8200000000
79 149.0525 1.8100000000
80 150.9640 1.7900000000
81 152.8746 1.7800000000
82 154.7860 1.7800000000
83 156.6988 1.7800000000
84 158.6118 1.7800000000
85 160.5227 1.7600000000
86 162.4336 1.7600000000
87 164.3440 1.7600000000
88 166.2544 1.7500000000
89 168.1674 1.7500000000
90 170.0777 1.7400000000
91 171.9876 1.7400000000
92 173.8984 1.7300000000
93 175.8090 1.7200000000
94 177.7202 1.7100000000
95 179.6309 1.7100000000
96 181.5426 1.7100000000
97 183.4529 1.7000000000
98 185.3635 1.7000000000
99 187.2749 1.7000000000
100 189.1851 1.7000000000
101 191.0962 1.6900000000
102 193.0069 1.6900000000
103 194.9172 1.6900000000
104 196.8285 1.6900000000
105 198.7378 1.6900000000
106 200.6496 1.6900000000
107 202.5592 1.6900000000
108 204.4766 1.6900000000
109 206.3885 1.6900000000
110 208.3041 1.6900000000
111 210.2169 1.6900000000
112 212.1295 1.6900000000
113 214.0419 1.6900000000
114 215.9548 1.6900000000
115 217.8686 1.6900000000
116 219.7805 1.6900000000
117 221.6915 1.6700000000
118 223.6038 1.6700000000
119 225.5150 1.6800000000
120 227.4272 1.6800000000
121 229.3377 1.6700000000
122 231.2499 1.6700000000
123 233.1608 1.6700000000
124 235.0732 1.6700000000
125 236.9840 1.6700000000
126 238.8968 1.6700000000
127 240.8088 1.6600000000
128 242.7211 1.6600000000
129 244.6332 1.6600000000
130 246.5455 1.6700000000
131 248.4606 1.6700000000
132 250.3779 1.6700000000
133 252.2903 1.6700000000
134 254.2024 1.6700000000
135 256.1142 1.6700000000
136 258.0269 1.6600000000
137 259.9386 1.6600000000
138 261.8500 1.6600000000
139 263.7614 1.6600000000
140 265.6734 1.6600000000
141 267.5846 1.6600000000
142 269.4964 1.6600000000
143 271.4076 1.6600000000
144 273.3190 1.6600000000
145 275.2289 1.6600000000
146 277.1401 1.6600000000
147 279.0518 1.6500000000
148 280.9631 1.6500000000
149 282.8748 1.6500000000
150 284.7859 1.6500000000
151 286.6982 1.6500000000
152 288.6100 1.6500000000
153 290.5226 1.6400000000
154 292.4344 1.6400000000
155 294.3448 1.6400000000
156 296.2557 1.6400000000
157 298.1668 1.6300000000
158 300.0782 1.6300000000
159 301.9888 1.6300000000
160 303.9006 1.6200000000
161 305.8107 1.6200000000
162 307.7211 1.6200000000
163 309.6329 1.6200000000
164 311.5443 1.6100000000
165 313.4555 1.6100000000
166 315.3675 1.6100000000
167 317.2786 1.6100000000
168 319.1895 1.6100000000
169 321.1001 1.6100000000
170 323.0121 1.6100000000
171 324.9225 1.6100000000
172 326.8342 1.6100000000
173 328.7448 1.6100000000
174 330.6569 1.6100000000
175 332.5677 1.6100000000
176 334.4797 1.6100000000
177 336.3905 1.6100000000
178 338.3011 1.6100000000
179 340.2117 1.6100000000
180 342.1225 1.6100000000
181 344.0332 1.6100000000
182 345.9437 1.6100000000
183 347.8548 1.6100000000
184 349.7656 1.6100000000
185 351.6766 1.6100000000
186 353.5879 1.6100000000
187 355.4985 1.6100000000
188 357.4100 1.6100000000
189 359.3202 1.6100000000
190 361.2321 1.6100000000
191 363.1429 1.6000000000
192 365.0526 1.6000000000
193 366.9625 1.6000000000
194 368.8733 1.6000000000
195 370.7845 1.6000000000
196 372.6958 1.6000000000
197 374.6066 1.6000000000
198 376.5175 1.6000000000
199 378.4287 1.6000000000
200 380.3400 1.6000000000
