1 0.0000 0.1250166667
2 1.9140 0.0797166667
3 3.8267 0.0668166667
4 5.7365 0.0567166667
5 7.6474 0.0490833333
6 9.5591 0.0431833333
7 11.4704 0.0384000000
8 13.3822 0.0342666667
9 15.2932 0.0309000000
10 17.2040 0.0279333333
11 19.1135 0.0255000000
12 21.0245 0.0237000000
13 22.9401 0.0216166667
14 24.8495 0.0200166667
15 26.7604 0.0184666667
16 28.6725 0.0170666667
17 30.5829 0.0159500000
18 32.4944 0.0147500000
19 34.4063 0.0135166667
20 36.3161 0.0124333333
21 38.2263 0.0113500000
22 40.1371 0.0105166667
23 42.0478 0.0096500000
24 43.9586 0.0089833333
25 45.8688 0.0082833333
26 47.7805 0.0076833333
27 49.6917 0.0071500000
28 51.6017 0.0066666667
29 53.5137 0.0060833333
30 55.4249 0.0055833333
31 57.3351 0.0050833333
32 59.2514 0.0045833333
33 61.1615 0.0042166667
34 63.0713 0.0038666667
35 64.9814 0.0034666667
36 66.8928 0.0031500000
37 68.8033 0.0027833333
38 70.7158 0.0026333333
39 72.6265 0.0023833333
40 74.5365 0.0023000000
41 76.4475 0.0020500000
42 78.3588 0.0018666667
43 80.2701 0.0017000000
44 82.1809 0.0015333333
45 84.0910 0.0013500000
46 86.0012 0.0012333333
47 87.9107 0.0011333333
48 89.8218 0.0010500000
49 91.7317 0.0009666667
50 93.6429 0.0008666667
51 95.5541 0.0007333333
52 97.4641 0.0006833333
53 99.3754 0.0006666667
54 101.2858 0.0006500000
55 103.1961 0.0005833333
56 105.1068 0.0005166667
57 107.0171 0.0004833333
58 108.9291 0.0004666667
59 110.8397 0.0004666667
60 112.7514 0.0004166667
61 114.6622 0.0003666667
62 116.5735 0.0003666667
63 118.4845 0.0003666667
64 120.3954 0.0003666667
65 122.3058 0.0003500000
66 124.2164 0.0002833333
67 126.1268 0.0002666667
68 128.0375 0.0002500000
69 129.9494 0.0002500000
70 131.8591 0.0002500000
71 133.7708 0.0002166667
72 135.6811 0.0001666667
73 137.5909 0.0001666667
74 139.5009 0.0001666667
75 141.4106 0.0001666667
76 143.3221 0.0001666667
77 145.2325 0.0001666667
78 147.1426 0.0001333333
79 149.0525 0.0001333333
80 150.9640 0.0001166667
81 152.8746 0.0001000000
82 154.7860 0.0000666667
83 156.6988 0.0000666667
84 158.6118 0.0000500000
85 160.5227 0.0000333333
86 162.4336 0.0000333333
87 164.3440 0.0000333333
88 166.2544 0.0000333333
89 168.1674 0.0000333333
90 170.0777 0.0000333333
91 171.9876 0.0000166667
92 173.8984 0.0000166667
93 175.8090 0.0000166667
94 177.7202 0.0000166667
95 179.6309 0.0000166667
96 181.5426 0.0000166667
97 183.4529 0.0000166667
98 185.3635 0.0000166667
99 187.2749 0.0000166667
100 189.1851 0.0000166667
101 191.0962 0.0000166667
102 193.0069 0.0000166667
103 194.9172 0.0000166667
104 196.8285 0.0000166667
105 198.7378 0.0000166667
106 200.6496 0.0000166667
107 202.5592 0.0000166667
108 204.4766 0.0000166667
109 206.3885 0.0000166667
110 208.3041 0.0000166667
111 210.2169 0.0000000000
112 212.1295 0.0000000000
113 214.0419 0.0000000000
114 215.9548 0.0000000000
115 217.8686 0.0000000000
116 219.7805 0.0000000000
117 221.6915 0.0000000000
118 223.6038 0.0000000000
119 225.5150 0.0000000000
120 227.4272 0.0000000000
121 229.3377 0.0000000000
122 231.2499 0.0000000000
123 233.1608 0.0000000000
124 235.0732 0.0000000000
125 236.9840 0.0000000000
126 238.8968 0.0000000000
127 240.8088 0.0000000000
128 242.7211 0.0000000000
129 244.6332 0.0000000000
130 246.5455 0.0000000000
131 248.4606 0.0000000000
132 250.3779 0.0000000000
133 252.2903 0.0000000000
134 254.2024 0.0000000000
135 256.1142 0.0000000000
136 258.0269 0.0000000000
137 259.9386 0.0000000000
138 261.8500 0.0000000000
139 263.7614 0.0000000000
140 265.6734 0.0000000000
141 267.5846 0.0000000000
142 269.4964 0.0000000000
143 271.4076 0.0000000000
144 273.3190 0.0000000000
145 275.2289 0.0000000000
146 277.1401 0.0000000000
147 279.0518 0.0000000000
148 280.9631 0.0000000000
149 282.8748 0.0000000000
150 284.7859 0.0000000000
151 286.6982 0.0000000000
152 288.6100 0.0000000000
153 290.5226 0.0000000000
154 292.4344 0.0000000000
155 294.3448 0.0000000000
156 296.2557 0.0000000000
157 298.1668 0.0000000000
158 300.0782 0.0000000000
159 301.9888 0.0000000000
160 303.9006 0.0000000000
161 305.8107 0.0000000000
162 307.7211 0.0000000000
163 309.6329 0.0000000000
164 311.5443 0.0000000000
165 313.4555 0.0000000000
166 315.3675 0.0000000000
167 317.2786 0.0000000000
168 319.1895 0.0000000000
169 321.1001 0.0000000000
170 323.0121 0.0000000000
171 324.9225 0.0000000000
172 326.8342 0.0000000000
173 328.7448 0.0000000000
174 330.6569 0.0000000000
175 332.5677 0.0000000000
176 334.4797 0.0000000000
177 336.3905 0.0000000000
178 338.3011 0.0000000000
179 340.2117 0.0000000000
180 342.1225 0.0000000000
181 344.0332 0.0000000000
182 345.9437 0.0000000000
183 347.8548 0.0000000000
184 349.7656 0.0000000000
185 351.6766 0.0000000000
186 353.5879 0.0000000000
187 355.4985 0.0000000000
188 357.4100 0.0000000000
189 359.3202 0.0000000000
190 361.2321 0.0000000000
191 363.1429 0.0000000000
192 365.0526 0.0000000000
193 366.9625 0.0000000000
194 368.8733 0.0000000000
195 370.7845 0.0000000000
196 372.6958 0.0000000000
197 374.6066 0.0000000000
198 376.5175 0.0000000000
199 378.4287 0.0000000000
200 380.3400 0.0000000000
