1 0.0000 7.8900000000
2 1.9223 5.0300000000
3 3.8354 3.9000000000
4 5.7484 3.3600000000
5 7.6592 2.9800000000
6 9.5717 2.7800000000
7 11.4830 2.6800000000
8 13.3940 2.5400000000
9 15.3062 2.5100000000
10 17.2172 2.4000000000
11 19.1275 2.3800000000
12 21.0393 2.2900000000
13 22.9507 2.3100000000
14 24.8619 2.2800000000
15 26.7722 2.2700000000
16 28.6823 2.2000000000
17 30.5932 2.1700000000
18 32.5042 2.1000000000
19 34.4150 2.1100000000
20 36.3340 2.0900000000
21 38.2452 2.0400000000
22 40.1567 2.0300000000
23 42.0678 2.0000000000
24 43.9785 1.9900000000
25 45.8888 1.9200000000
26 47.7989 1.8800000000
27 49.7096 1.9000000000
28 51.6205 1.8800000000
29 53.5306 1.8900000000
30 55.4415 1.9000000000
31 57.3529 1.8800000000
32 59.2640 1.8700000000
33 61.1796 1.8800000000
34 63.0913 1.8800000000
35 65.0040 1.9000000000
36 66.9166 1.8900000000
37 68.8266 1.8900000000
38 70.7402 1.8600000000
39 72.6523 1.8400000000
40 74.5643 1.8400000000
41 76.4746 1.8500000000
42 78.3861 1.8500000000
43 80.2979 1.8500000000
44 82.2119 1.8400000000
45 84.1239 1.8300000000
46 86.0351 1.8300000000
47 87.9453 1.8200000000
48 89.8562 1.8200000000
49 91.7673 1.8100000000
50 93.6786 1.8100000000
51 95.5880 1.7800000000
52 97.4989 1.7700000000
53 99.4130 1.7700000000
54 101.3313 1.7700000000
55 103.2433 1.7600000000
56 105.1570 1.7600000000
57 107.0694 1.7700000000
58 108.9810 1.7800000000
59 110.8935 1.7800000000
60 112.8066 1.7800000000
61 114.7174 1.7800000000
62 116.6300 1.7700000000
63 118.5416 1.7700000000
64 120.4533 1.7700000000
65 122.3669 1.7700000000
66 124.2856 1.7600000000
67 126.1969 1.7500000000
68 128.1086 1.7400000000
69 130.0202 1.7400000000
70 131.9318 1.7400000000
71 133.8426 1.7400000000
72 135.7537 1.7400000000
73 137.6649 1.7400000000
74 139.5752 1.7400000000
75 141.4866 1.7400000000
76 143.3971 1.7300000000
77 145.3103 1.7200000000
78 147.2286 1.7200000000
79 149.1410 1.7200000000
80 151.0524 1.7200000000
81 152.9642 1.7200000000
82 154.8760 1.7100000000
83 156.7871 1.7000000000
84 158.6994 1.7200000000
85 160.6116 1.7200000000
86 162.5242 1.7200000000
87 164.4359 1.7200000000
88 166.3479 1.7200000000
89 168.2611 1.7200000000
90 170.1813 1.7200000000
91 172.0931 1.7200000000
92 174.0063 1.7200000000
93 175.9195 1.7200000000
94 177.8323 1.7200000000
95 179.7439 1.7100000000
96 181.6565 1.7100000000
97 183.5686 1.7100000000
98 185.4813 1.7200000000
99 187.3936 1.7200000000
100 189.3063 1.7200000000
101 191.2210 1.7100000000
102 193.1333 1.7100000000
103 195.0445 1.7100000000
104 196.9563 1.7100000000
105 198.8686 1.7100000000
106 200.7803 1.7100000000
107 202.6913 1.7100000000
108 204.6030 1.7100000000
109 206.5137 1.7100000000
110 208.4276 1.7100000000
111 210.3423 1.7000000000
112 212.2547 1.6900000000
113 214.1664 1.6900000000
114 216.0783 1.6900000000
115 217.9908 1.6900000000
116 219.9029 1.6900000000
117 221.8156 1.6900000000
118 223.7279 1.6900000000
119 225.6393 1.6900000000
120 227.5506 1.7000000000
121 229.4620 1.7000000000
122 231.3771 1.7000000000
123 233.2999 1.7000000000
124 235.2135 1.7000000000
125 237.1276 1.7000000000
126 239.0408 1.7000000000
127 240.9558 1.7000000000
128 242.8686 1.7000000000
129 244.7806 1.7000000000
130 246.6941 1.7000000000
131 248.6055 1.7000000000
132 250.5191 1.7000000000
133 252.4318 1.7000000000
134 254.3480 1.7000000000
135 256.2619 1.7100000000
136 258.1743 1.7100000000
137 260.0863 1.7100000000
138 261.9983 1.7100000000
139 263.9097 1.7100000000
140 265.8208 1.7100000000
141 267.7315 1.7100000000
142 269.6426 1.7100000000
143 271.5521 1.7100000000
144 273.4633 1.7100000000
145 275.3739 1.7100000000
146 277.2845 1.7000000000
147 279.1943 1.7000000000
148 281.1060 1.7000000000
149 283.0165 1.7000000000
150 284.9279 1.7000000000
151 286.8404 1.7000000000
152 288.7522 1.7000000000
153 290.6635 1.7000000000
154 292.5744 1.7000000000
155 294.4846 1.7000000000
156 296.3949 1.7000000000
157 298.3049 1.6900000000
158 300.2200 1.6900000000
159 302.1382 1.6900000000
160 304.0511 1.6900000000
161 305.9646 1.6900000000
162 307.8773 1.6900000000
163 309.7887 1.6900000000
164 311.7002 1.6900000000
165 313.6114 1.6900000000
166 315.5246 1.6900000000
167 317.4346 1.6900000000
168 319.3462 1.6900000000
169 321.2574 1.6900000000
170 323.1682 1.6900000000
171 325.0789 1.6900000000
172 326.9905 1.6900000000
173 328.9027 1.6800000000
174 330.8145 1.6800000000
175 332.7249 1.6800000000
176 334.6360 1.6800000000
177 336.5483 1.6800000000
178 338.4597 1.6800000000
179 340.3739 1.6900000000
180 342.2891 1.6900000000
181 344.2005 1.6900000000
182 346.1147 1.6900000000
183 348.0137 1.6900000000
184 349.9133 1.6900000000
185 351.8122 1.6900000000
186 353.7121 1.6900000000
187 355.6097 1.7000000000
188 357.5082 1.7000000000
189 359.4063 1.7000000000
190 361.3045 1.7000000000
191 363.2062 1.7000000000
192 365.1116 1.7000000000
193 367.0122 1.7000000000
194 368.9129 1.7000000000
195 370.8112 1.7000000000
196 372.7111 1.7000000000
197 374.6093 1.7000000000
198 376.5092 1.7000000000
199 378.4083 1.7000000000
200 380.3108 1.7000000000
