1 0.0000 4.7600000000
2 1.9321 3.3400000000
3 3.8551 2.6900000000
4 5.7975 2.5200000000
5 7.7183 2.3200000000
6 9.6396 2.2300000000
7 11.5599 2.2400000000
8 13.4813 2.1900000000
9 15.4023 2.0700000000
10 17.3218 2.1100000000
11 19.2428 2.0200000000
12 21.1638 1.9900000000
13 23.0833 1.9500000000
14 25.0038 1.9100000000
15 26.9231 1.9600000000
16 28.8433 1.9400000000
17 30.7643 1.9000000000
18 32.6849 1.9000000000
19 34.6042 1.8100000000
20 36.5259 1.7700000000
21 38.4463 1.7500000000
22 40.3777 1.7300000000
23 42.2994 1.7200000000
24 44.2200 1.7200000000
25 46.1408 1.7000000000
26 48.0629 1.7100000000
27 49.9830 1.7000000000
28 51.9037 1.7000000000
29 53.8240 1.6800000000
30 55.7453 1.6700000000
31 57.6660 1.6800000000
32 59.5855 1.6300000000
33 61.5063 1.6300000000
34 63.4248 1.6400000000
35 65.3449 1.6300000000
36 67.2652 1.6200000000
37 69.1856 1.6100000000
38 71.1054 1.6000000000
39 73.0259 1.6100000000
40 74.9448 1.6100000000
41 76.8734 1.6000000000
42 78.7937 1.6000000000
43 80.7146 1.6000000000
44 82.6335 1.6000000000
45 84.5538 1.6100000000
46 86.4742 1.6000000000
47 88.3950 1.6100000000
48 90.3152 1.6100000000
49 92.2359 1.6000000000
50 94.1552 1.6000000000
51 96.0758 1.5900000000
52 97.9950 1.5900000000
53 99.9159 1.6000000000
54 101.8354 1.6000000000
55 103.7542 1.5900000000
56 105.6751 1.6000000000
57 107.5942 1.6000000000
58 109.5137 1.6000000000
59 111.4339 1.5900000000
60 113.3540 1.5900000000
61 115.2743 1.5900000000
62 117.1957 1.5900000000
63 119.1158 1.5900000000
64 121.0374 1.6000000000
65 122.9568 1.6000000000
66 124.8765 1.6000000000
67 126.7959 1.6000000000
68 128.7162 1.6000000000
69 130.6360 1.6000000000
70 132.5568 1.6000000000
71 134.4805 1.6000000000
72 136.4038 1.6000000000
73 138.3255 1.6100000000
74 140.2459 1.6100000000
75 142.1685 1.6100000000
76 144.0898 1.6200000000
77 146.0099 1.6200000000
78 147.9312 1.6100000000
79 149.8520 1.6100000000
80 151.7734 1.6100000000
81 153.6969 1.6100000000
82 155.6187 1.6100000000
83 157.5436 1.6100000000
84 159.4669 1.6100000000
85 161.3889 1.6100000000
86 163.3106 1.6100000000
87 165.2321 1.6100000000
88 167.1538 1.6100000000
89 169.0743 1.6100000000
90 170.9969 1.6100000000
91 172.9181 1.6200000000
92 174.8391 1.6200000000
93 176.7596 1.6200000000
94 178.6813 1.6200000000
95 180.6055 1.6200000000
96 182.5272 1.6200000000
97 184.4472 1.6200000000
98 186.3685 1.6200000000
99 188.2899 1.6200000000
100 190.2093 1.6200000000
101 192.1287 1.6200000000
102 194.0490 1.6100000000
103 195.9714 1.6100000000
104 197.8942 1.6100000000
105 199.8157 1.6100000000
106 201.7375 1.6100000000
107 203.6586 1.6100000000
108 205.5782 1.6200000000
109 207.4984 1.6300000000
110 209.4227 1.6300000000
111 211.3509 1.6300000000
112 213.2724 1.6300000000
113 215.1928 1.6300000000
114 217.1155 1.6300000000
115 219.0365 1.6300000000
116 220.9600 1.6300000000
117 222.8814 1.6400000000
118 224.8043 1.6300000000
119 226.7245 1.6300000000
120 228.6460 1.6400000000
121 230.5668 1.6400000000
122 232.4893 1.6400000000
123 234.4111 1.6400000000
124 236.3346 1.6400000000
125 238.2574 1.6400000000
126 240.1799 1.6400000000
127 242.1012 1.6400000000
128 244.0233 1.6400000000
129 245.9437 1.6400000000
130 247.8645 1.6400000000
131 249.7857 1.6400000000
132 251.7067 1.6400000000
133 253.6276 1.6400000000
134 255.5503 1.6400000000
135 257.4721 1.6400000000
136 259.3926 1.6400000000
137 261.3150 1.6400000000
138 263.2357 1.6400000000
139 265.1570 1.6400000000
140 267.0797 1.6400000000
141 269.0018 1.6400000000
142 270.9219 1.6400000000
143 272.8432 1.6400000000
144 274.7634 1.6400000000
145 276.6842 1.6400000000
146 278.6055 1.6400000000
147 280.5271 1.6400000000
148 282.4498 1.6400000000
149 284.3709 1.6400000000
150 286.2933 1.6400000000
151 288.2143 1.6400000000
152 290.1373 1.6400000000
153 292.0593 1.6400000000
154 293.9840 1.6400000000
155 295.9048 1.6400000000
156 297.8261 1.6400000000
157 299.7475 1.6400000000
158 301.6699 1.6300000000
159 303.5901 1.6300000000
160 305.5125 1.6300000000
161 307.4370 1.6300000000
162 309.3633 1.6300000000
163 311.2867 1.6300000000
164 313.2106 1.6300000000
165 315.1332 1.6300000000
166 317.0573 1.6300000000
167 318.9795 1.6300000000
168 320.9026 1.6300000000
169 322.8238 1.6300000000
170 324.7466 1.6300000000
171 326.6674 1.6300000000
172 328.5906 1.6300000000
173 330.5144 1.6300000000
174 332.4359 1.6300000000
175 334.3571 1.6300000000
176 336.2794 1.6300000000
177 338.2020 1.6300000000
178 340.1242 1.6300000000
179 342.0469 1.6300000000
180 343.9700 1.6300000000
181 345.8924 1.6300000000
182 347.8142 1.6300000000
183 349.7376 1.6300000000
184 351.6589 1.6300000000
185 353.5840 1.6300000000
186 355.5118 1.6300000000
187 357.4331 1.6300000000
188 359.3555 1.6300000000
189 361.2777 1.6300000000
190 363.2010 1.6300000000
191 365.1227 1.6300000000
192 367.0453 1.6300000000
193 368.9675 1.6300000000
194 370.8913 1.6300000000
195 372.8138 1.6300000000
196 374.7363 1.6300000000
197 376.6595 1.6300000000
198 378.5809 1.6300000000
199 380.5044 1.6300000000
200 382.4270 1.6300000000
