1 0.0000 0.0707166667
2 1.9321 0.0320500000
3 3.8551 0.0213500000
4 5.7975 0.0152833333
5 7.7183 0.0111000000
6 9.6396 0.0081666667
7 11.5599 0.0054500000
8 13.4813 0.0037666667
9 15.4023 0.0024166667
10 17.3218 0.0015166667
11 19.2428 0.0011333333
12 21.1638 0.0008500000
13 23.0833 0.0006166667
14 25.0038 0.0003833333
15 26.9231 0.0003000000
16 28.8433 0.0001666667
17 30.7643 0.0001000000
18 32.6849 0.0000666667
19 34.6042 0.0000333333
20 36.5259 0.0000333333
21 38.4463 0.0000166667
22 40.3777 0.0000166667
23 42.2994 0.0000166667
24 44.2200 0.0000166667
25 46.1408 0.0000000000
26 48.0629 0.0000000000
27 49.9830 0.0000000000
28 51.9037 0.0000000000
29 53.8240 0.0000000000
30 55.7453 0.0000000000
31 57.6660 0.0000000000
32 59.5855 0.0000000000
33 61.5063 0.0000000000
34 63.4248 0.0000000000
35 65.3449 0.0000000000
36 67.2652 0.0000000000
37 69.1856 0.0000000000
38 71.1054 0.0000000000
39 73.0259 0.0000000000
40 74.9448 0.0000000000
41 76.8734 0.0000000000
42 78.7937 0.0000000000
43 80.7146 0.0000000000
44 82.6335 0.0000000000
45 84.5538 0.0000000000
46 86.4742 0.0000000000
47 88.3950 0.0000000000
48 90.3152 0.0000000000
49 92.2359 0.0000000000
50 94.1552 0.0000000000
51 96.0758 0.0000000000
52 97.9950 0.0000000000
53 99.9159 0.0000000000
54 101.8354 0.0000000000
55 103.7542 0.0000000000
56 105.6751 0.0000000000
57 107.5942 0.0000000000
58 109.5137 0.0000000000
59 111.4339 0.0000000000
60 113.3540 0.0000000000
61 115.2743 0.0000000000
62 117.1957 0.0000000000
63 119.1158 0.0000000000
64 121.0374 0.0000000000
65 122.9568 0.0000000000
66 124.8765 0.0000000000
67 126.7959 0.0000000000
68 128.7162 0.0000000000
69 130.6360 0.0000000000
70 132.5568 0.0000000000
71 134.4805 0.0000000000
72 136.4038 0.0000000000
73 138.3255 0.0000000000
74 140.2459 0.0000000000
75 142.1685 0.0000000000
76 144.0898 0.0000000000
77 146.0099 0.0000000000
78 147.9312 0.0000000000
79 149.8520 0.0000000000
80 151.7734 0.0000000000
81 153.6969 0.0000000000
82 155.6187 0.0000000000
83 157.5436 0.0000000000
84 159.4669 0.0000000000
85 161.3889 0.0000000000
86 163.3106 0.0000000000
87 165.2321 0.0000000000
88 167.1538 0.0000000000
89 169.0743 0.0000000000
90 170.9969 0.0000000000
91 172.9181 0.0000000000
92 174.8391 0.0000000000
93 176.7596 0.0000000000
94 178.6813 0.0000000000
95 180.6055 0.0000000000
96 182.5272 0.0000000000
97 184.4472 0.0000000000
98 186.3685 0.0000000000
99 188.2899 0.0000000000
100 190.2093 0.0000000000
101 192.1287 0.0000000000
102 194.0490 0.0000000000
103 195.9714 0.0000000000
104 197.8942 0.0000000000
105 199.8157 0.0000000000
106 201.7375 0.0000000000
107 203.6586 0.0000000000
108 205.5782 0.0000000000
109 207.4984 0.0000000000
110 209.4227 0.0000000000
111 211.3509 0.0000000000
112 213.2724 0.0000000000
113 215.1928 0.0000000000
114 217.1155 0.0000000000
115 219.0365 0.0000000000
116 220.9600 0.0000000000
117 222.8814 0.0000000000
118 224.8043 0.0000000000
119 226.7245 0.0000000000
120 228.6460 0.0000000000
121 230.5668 0.0000000000
122 232.4893 0.0000000000
123 234.4111 0.0000000000
124 236.3346 0.0000000000
125 238.2574 0.0000000000
126 240.1799 0.0000000000
127 242.1012 0.0000000000
128 244.0233 0.0000000000
129 245.9437 0.0000000000
130 247.8645 0.0000000000
131 249.7857 0.0000000000
132 251.7067 0.0000000000
133 253.6276 0.0000000000
134 255.5503 0.0000000000
135 257.4721 0.0000000000
136 259.3926 0.0000000000
137 261.3150 0.0000000000
138 263.2357 0.0000000000
139 265.1570 0.0000000000
140 267.0797 0.0000000000
141 269.0018 0.0000000000
142 270.9219 0.0000000000
143 272.8432 0.0000000000
144 274.7634 0.0000000000
145 276.6842 0.0000000000
146 278.6055 0.0000000000
147 280.5271 0.0000000000
148 282.4498 0.0000000000
149 284.3709 0.0000000000
150 286.2933 0.0000000000
151 288.2143 0.0000000000
152 290.1373 0.0000000000
153 292.0593 0.0000000000
154 293.9840 0.0000000000
155 295.9048 0.0000000000
156 297.8261 0.0000000000
157 299.7475 0.0000000000
158 301.6699 0.0000000000
159 303.5901 0.0000000000
160 305.5125 0.0000000000
161 307.4370 0.0000000000
162 309.3633 0.0000000000
163 311.2867 0.0000000000
164 313.2106 0.0000000000
165 315.1332 0.0000000000
166 317.0573 0.0000000000
167 318.9795 0.0000000000
168 320.9026 0.0000000000
169 322.8238 0.0000000000
170 324.7466 0.0000000000
171 326.6674 0.0000000000
172 328.5906 0.0000000000
173 330.5144 0.0000000000
174 332.4359 0.0000000000
175 334.3571 0.0000000000
176 336.2794 0.0000000000
177 338.2020 0.0000000000
178 340.1242 0.0000000000
179 342.0469 0.0000000000
180 343.9700 0.0000000000
181 345.8924 0.0000000000
182 347.8142 0.0000000000
183 349.7376 0.0000000000
184 351.6589 0.0000000000
185 353.5840 0.0000000000
186 355.5118 0.0000000000
187 357.4331 0.0000000000
188 359.3555 0.0000000000
189 361.2777 0.0000000000
190 363.2010 0.0000000000
191 365.1227 0.0000000000
192 367.0453 0.0000000000
193 368.9675 0.0000000000
194 370.8913 0.0000000000
195 372.8138 0.0000000000
196 374.7363 0.0000000000
197 376.6595 0.0000000000
198 378.5809 0.0000000000
199 380.5044 0.0000000000
200 382.4270 0.0000000000
