1 0.0000 6.7500000000
2 4.2914 4.4700000000
3 8.3647 3.9000000000
4 12.4311 3.6800000000
5 16.4957 3.3100000000
6 20.5651 3.1500000000
7 24.6367 3.0900000000
8 28.7084 2.9100000000
9 32.7796 2.9600000000
10 36.8533 2.8200000000
11 40.9247 2.7100000000
12 44.9971 3.0200000000
13 49.0678 2.4500000000
14 53.1391 2.7300000000
15 57.2096 2.4000000000
16 61.2787 2.5400000000
17 65.3497 2.3400000000
18 69.4210 2.5900000000
19 73.4858 2.6400000000
20 77.5558 2.5100000000
21 81.6152 2.4900000000
22 85.6824 2.4500000000
23 89.7526 2.2100000000
24 93.8228 2.3700000000
25 97.8903 2.2900000000
26 101.9598 2.3600000000
27 106.0341 2.3700000000
28 110.1162 2.3200000000
29 114.1897 2.3700000000
30 118.2629 2.3600000000
31 122.3344 2.4000000000
32 126.4376 2.6400000000
33 130.5969 2.2000000000
34 134.7141 2.2900000000
35 138.7874 2.0700000000
36 142.8603 2.1700000000
37 146.9327 2.2000000000
38 151.0042 2.2300000000
39 155.0746 2.1600000000
40 159.1462 2.3200000000
41 163.2175 2.1000000000
42 167.2914 2.2800000000
43 171.3627 2.1500000000
44 175.4348 2.0300000000
45 179.5045 2.1300000000
46 183.5773 2.3000000000
47 187.6487 2.2000000000
48 191.7217 2.0700000000
49 195.7860 2.2300000000
50 199.8551 2.0900000000
51 203.9277 2.2600000000
52 208.0102 1.9800000000
53 212.0930 2.2000000000
54 216.1764 2.1200000000
55 220.2582 2.1200000000
56 224.3404 2.0700000000
57 228.4223 2.2300000000
58 232.5049 2.0600000000
59 236.5897 2.0700000000
60 240.6732 2.1900000000
61 244.7559 2.1300000000
62 248.8389 2.0800000000
63 252.9215 2.0600000000
64 257.0039 2.1400000000
65 261.0946 2.0800000000
66 265.1787 1.9800000000
67 269.2616 2.4000000000
68 273.3439 2.1000000000
69 277.4256 2.1200000000
70 281.5082 2.0200000000
71 285.5903 2.1200000000
72 289.6735 2.0600000000
73 293.7574 2.2200000000
74 297.8386 2.0700000000
75 301.9184 2.0900000000
76 306.0023 1.9600000000
77 310.0853 2.1200000000
78 314.1648 2.0100000000
79 318.2464 1.9300000000
80 322.3283 1.9400000000
81 326.4104 1.9800000000
82 330.5252 2.1100000000
83 334.6089 2.0100000000
84 338.6894 2.1100000000
85 342.7633 1.8400000000
86 346.8280 1.8900000000
87 350.8890 2.0000000000
88 354.9486 2.0300000000
89 359.0141 2.3100000000
90 363.0908 2.0000000000
91 367.1591 2.1800000000
92 371.2758 1.8600000000
93 375.3441 1.9900000000
94 379.4094 2.1000000000
95 383.4793 2.1200000000
96 387.5464 2.0300000000
97 391.6024 2.1100000000
98 395.6607 1.9200000000
99 399.7170 1.9500000000
100 403.7737 2.0500000000
101 407.8280 1.9800000000
102 411.8844 2.0100000000
103 415.9416 2.0300000000
104 420.0199 2.0300000000
105 424.0872 1.9600000000
106 428.1583 2.1700000000
107 432.2258 2.0100000000
108 436.2941 2.0300000000
109 440.3665 1.9000000000
110 444.4337 2.0100000000
111 448.4959 2.0300000000
112 452.5607 1.9100000000
113 456.6215 2.0000000000
114 460.6807 1.9700000000
115 464.7401 1.8900000000
116 468.8027 1.8200000000
117 472.8734 1.8900000000
118 476.9435 1.8300000000
119 481.0137 1.9500000000
120 485.0807 1.9100000000
121 489.1424 1.9400000000
122 493.2084 1.9800000000
123 497.2761 1.9400000000
124 501.3451 2.0800000000
125 505.4135 2.1700000000
126 509.4828 1.9900000000
127 513.5515 1.9300000000
128 517.6200 1.8900000000
129 521.6890 1.8000000000
130 525.7593 2.0000000000
131 529.8302 1.9700000000
132 533.8927 1.9100000000
133 537.9485 2.0400000000
134 542.0080 1.9900000000
135 546.0659 1.9300000000
136 550.1270 2.0700000000
137 554.1856 1.8700000000
138 558.2456 1.9200000000
139 562.3029 2.0400000000
140 566.3608 1.9700000000
141 570.4188 1.9200000000
142 574.4724 1.8700000000
143 578.5223 1.8900000000
144 582.5711 1.8800000000
145 586.6218 1.8600000000
146 590.6770 1.8200000000
147 594.7356 1.8400000000
148 598.7945 1.9200000000
149 602.8522 1.8200000000
150 606.9109 1.8200000000
151 610.9670 2.0500000000
152 615.0257 1.8900000000
153 619.0832 1.9000000000
154 623.1417 2.0100000000
155 627.2653 1.8000000000
156 631.3329 1.8400000000
157 635.3924 1.9500000000
158 639.4539 1.9600000000
159 643.5131 1.8800000000
160 647.5726 2.0200000000
161 651.6306 1.8600000000
162 655.6924 1.8700000000
163 659.7553 1.9500000000
164 663.8252 1.9500000000
165 667.8900 1.8500000000
166 671.9557 1.8500000000
167 676.0242 1.9800000000
168 680.0931 1.8900000000
169 684.1578 1.8000000000
170 688.2224 1.8500000000
171 692.2852 1.8800000000
172 696.3465 1.9600000000
173 700.4093 1.9800000000
174 704.4818 1.9600000000
175 708.5368 2.0600000000
176 712.6090 2.0000000000
177 716.6781 1.9200000000
178 720.7498 1.8400000000
179 724.8182 2.0300000000
180 728.8858 1.9500000000
181 732.9552 1.8800000000
182 737.0220 1.8500000000
183 741.0874 1.9100000000
184 745.1564 1.8100000000
185 749.2202 1.8600000000
186 753.2898 1.9000000000
187 757.3531 1.8600000000
188 761.4206 2.0000000000
189 765.4829 1.8200000000
190 769.5461 1.8700000000
191 773.5978 1.9000000000
192 777.6609 1.7500000000
193 781.7277 1.8000000000
194 785.7927 1.8800000000
195 789.8613 1.8400000000
196 793.9286 1.8200000000
197 797.9975 1.7800000000
198 802.0611 1.9500000000
199 806.1147 1.9800000000
200 810.1842 1.9600000000
