1 0.0000 0.0842666667
2 4.2914 0.0462500000
3 8.3647 0.0376000000
4 12.4311 0.0328166667
5 16.4957 0.0290166667
6 20.5651 0.0269666667
7 24.6367 0.0260500000
8 28.7084 0.0255166667
9 32.7796 0.0235666667
10 36.8533 0.0230166667
11 40.9247 0.0217500000
12 44.9971 0.0216166667
13 49.0678 0.0207666667
14 53.1391 0.0202000000
15 57.2096 0.0193666667
16 61.2787 0.0184833333
17 65.3497 0.0182166667
18 69.4210 0.0174333333
19 73.4858 0.0176666667
20 77.5558 0.0171000000
21 81.6152 0.0171333333
22 85.6824 0.0169000000
23 89.7526 0.0156333333
24 93.8228 0.0163500000
25 97.8903 0.0166166667
26 101.9598 0.0157666667
27 106.0341 0.0152000000
28 110.1162 0.0151333333
29 114.1897 0.0148333333
30 118.2629 0.0150000000
31 122.3344 0.0144166667
32 126.4376 0.0147500000
33 130.5969 0.0145666667
34 134.7141 0.0132000000
35 138.7874 0.0135500000
36 142.8603 0.0138666667
37 146.9327 0.0135166667
38 151.0042 0.0136833333
39 155.0746 0.0122500000
40 159.1462 0.0127833333
41 163.2175 0.0127333333
42 167.2914 0.0130833333
43 171.3627 0.0129666667
44 175.4348 0.0123500000
45 179.5045 0.0124000000
46 183.5773 0.0121500000
47 187.6487 0.0121666667
48 191.7217 0.0114833333
49 195.7860 0.0123333333
50 199.8551 0.0122166667
51 203.9277 0.0118666667
52 208.0102 0.0113333333
53 212.0930 0.0118833333
54 216.1764 0.0116833333
55 220.2582 0.0110500000
56 224.3404 0.0113666667
57 228.4223 0.0112333333
58 232.5049 0.0116666667
59 236.5897 0.0110333333
60 240.6732 0.0107666667
61 244.7559 0.0110166667
62 248.8389 0.0107166667
63 252.9215 0.0107500000
64 257.0039 0.0100666667
65 261.0946 0.0107500000
66 265.1787 0.0105500000
67 269.2616 0.0108500000
68 273.3439 0.0102833333
69 277.4256 0.0105833333
70 281.5082 0.0101166667
71 285.5903 0.0098666667
72 289.6735 0.0104666667
73 293.7574 0.0097166667
74 297.8386 0.0102000000
75 301.9184 0.0096500000
76 306.0023 0.0096000000
77 310.0853 0.0096000000
78 314.1648 0.0093000000
79 318.2464 0.0095666667
80 322.3283 0.0095833333
81 326.4104 0.0094166667
82 330.5252 0.0093166667
83 334.6089 0.0095333333
84 338.6894 0.0094166667
85 342.7633 0.0091833333
86 346.8280 0.0091000000
87 350.8890 0.0091166667
88 354.9486 0.0093333333
89 359.0141 0.0092333333
90 363.0908 0.0092000000
91 367.1591 0.0085500000
92 371.2758 0.0088666667
93 375.3441 0.0091166667
94 379.4094 0.0094000000
95 383.4793 0.0087500000
96 387.5464 0.0085500000
97 391.6024 0.0084333333
98 395.6607 0.0083000000
99 399.7170 0.0083166667
100 403.7737 0.0085333333
101 407.8280 0.0081833333
102 411.8844 0.0086666667
103 415.9416 0.0083333333
104 420.0199 0.0083333333
105 424.0872 0.0080500000
106 428.1583 0.0086666667
107 432.2258 0.0077333333
108 436.2941 0.0079833333
109 440.3665 0.0080500000
110 444.4337 0.0082166667
111 448.4959 0.0082000000
112 452.5607 0.0080166667
113 456.6215 0.0081333333
114 460.6807 0.0079833333
115 464.7401 0.0076000000
116 468.8027 0.0078833333
117 472.8734 0.0080333333
118 476.9435 0.0079166667
119 481.0137 0.0081500000
120 485.0807 0.0073833333
121 489.1424 0.0076166667
122 493.2084 0.0079500000
123 497.2761 0.0077000000
124 501.3451 0.0077833333
125 505.4135 0.0074000000
126 509.4828 0.0076500000
127 513.5515 0.0079166667
128 517.6200 0.0077833333
129 521.6890 0.0076166667
130 525.7593 0.0068500000
131 529.8302 0.0073500000
132 533.8927 0.0071833333
133 537.9485 0.0071333333
134 542.0080 0.0073833333
135 546.0659 0.0075166667
136 550.1270 0.0077166667
137 554.1856 0.0075333333
138 558.2456 0.0074666667
139 562.3029 0.0073833333
140 566.3608 0.0069000000
141 570.4188 0.0068166667
142 574.4724 0.0073666667
143 578.5223 0.0074666667
144 582.5711 0.0070333333
145 586.6218 0.0068500000
146 590.6770 0.0074333333
147 594.7356 0.0065166667
148 598.7945 0.0073666667
149 602.8522 0.0065666667
150 606.9109 0.0066833333
151 610.9670 0.0069000000
152 615.0257 0.0062833333
153 619.0832 0.0066333333
154 623.1417 0.0069166667
155 627.2653 0.0066333333
156 631.3329 0.0067000000
157 635.3924 0.0067333333
158 639.4539 0.0068000000
159 643.5131 0.0067666667
160 647.5726 0.0066500000
161 651.6306 0.0067166667
162 655.6924 0.0064500000
163 659.7553 0.0065833333
164 663.8252 0.0065500000
165 667.8900 0.0067833333
166 671.9557 0.0065833333
167 676.0242 0.0066000000
168 680.0931 0.0064666667
169 684.1578 0.0064666667
170 688.2224 0.0062833333
171 692.2852 0.0065333333
172 696.3465 0.0064833333
173 700.4093 0.0065500000
174 704.4818 0.0064833333
175 708.5368 0.0062666667
176 712.6090 0.0064333333
177 716.6781 0.0062666667
178 720.7498 0.0067333333
179 724.8182 0.0067000000
180 728.8858 0.0065333333
181 732.9552 0.0065000000
182 737.0220 0.0064833333
183 741.0874 0.0058000000
184 745.1564 0.0063000000
185 749.2202 0.0065000000
186 753.2898 0.0064333333
187 757.3531 0.0057833333
188 761.4206 0.0061166667
189 765.4829 0.0059333333
190 769.5461 0.0058333333
191 773.5978 0.0064500000
192 777.6609 0.0061833333
193 781.7277 0.0062000000
194 785.7927 0.0058333333
195 789.8613 0.0057833333
196 793.9286 0.0060166667
197 797.9975 0.0063500000
198 802.0611 0.0056500000
199 806.1147 0.0061166667
200 810.1842 0.0060666667
