1 0.0000 6.0700000000
2 4.2679 4.1300000000
3 8.3567 4.0000000000
4 12.4495 3.6100000000
5 16.5427 3.5100000000
6 20.6328 3.0100000000
7 24.7263 3.4300000000
8 28.8192 2.9000000000
9 32.9107 2.8400000000
10 37.0118 2.7200000000
11 41.1037 2.6800000000
12 45.1995 2.7800000000
13 49.2969 2.6400000000
14 53.3947 2.6700000000
15 57.4876 2.5000000000
16 61.5842 2.5000000000
17 65.6784 2.5400000000
18 69.7730 2.3500000000
19 73.8803 2.7000000000
20 77.9860 2.4800000000
21 82.0900 2.4500000000
22 86.1960 2.1600000000
23 90.2997 2.3900000000
24 94.4104 2.4800000000
25 98.5192 2.3500000000
26 102.6289 2.4600000000
27 106.7351 2.2800000000
28 110.8453 2.3900000000
29 114.9491 2.3600000000
30 119.0493 2.3100000000
31 123.1447 2.2300000000
32 127.2517 2.3400000000
33 131.3688 2.2400000000
34 135.5328 2.4500000000
35 139.6425 2.3900000000
36 143.7444 2.1100000000
37 147.8408 2.1800000000
38 151.9334 2.4100000000
39 156.0288 2.2700000000
40 160.1397 2.2200000000
41 164.2474 2.2400000000
42 168.3668 2.3400000000
43 172.5145 2.2600000000
44 176.6427 2.2800000000
45 180.7700 2.2500000000
46 184.9095 2.3100000000
47 188.9987 2.2500000000
48 193.0949 2.1300000000
49 197.1904 2.1600000000
50 201.2878 2.1700000000
51 205.3812 2.2700000000
52 209.4786 2.2200000000
53 213.5887 2.1600000000
54 217.6826 2.1700000000
55 221.7912 2.2500000000
56 225.8973 2.0800000000
57 230.0056 2.1800000000
58 234.1152 2.2700000000
59 238.2097 2.2700000000
60 242.3055 2.3400000000
61 246.4033 2.0500000000
62 250.4978 2.2000000000
63 254.5961 2.1300000000
64 258.7026 2.0000000000
65 262.8047 2.1500000000
66 266.9072 2.0700000000
67 271.0077 2.2300000000
68 275.1015 2.0500000000
69 279.1957 2.0100000000
70 283.3049 1.9800000000
71 287.4005 1.9400000000
72 291.4932 2.1700000000
73 295.5905 1.9500000000
74 299.6878 2.1400000000
75 303.7820 1.9900000000
76 307.8789 2.2400000000
77 311.9737 2.0900000000
78 316.0720 2.0400000000
79 320.1800 1.9600000000
80 324.2758 2.2300000000
81 328.3683 2.1100000000
82 332.4631 2.1300000000
83 336.5589 2.1500000000
84 340.6541 2.1000000000
85 344.7482 2.2900000000
86 348.8448 2.1200000000
87 352.9401 2.1600000000
88 357.0359 2.1700000000
89 361.1304 2.1700000000
90 365.2250 2.1400000000
91 369.3204 2.1500000000
92 373.4255 2.0900000000
93 377.5345 2.1800000000
94 381.6427 2.0700000000
95 385.7468 2.2000000000
96 389.8577 2.0300000000
97 393.9680 2.0000000000
98 398.0790 1.8800000000
99 402.1840 1.9700000000
100 406.2881 1.8500000000
101 410.3937 2.0400000000
102 414.4898 1.9600000000
103 418.5850 1.9900000000
104 422.7014 2.0600000000
105 426.7945 1.9900000000
106 430.8894 2.1100000000
107 434.9835 2.0300000000
108 439.0781 2.1300000000
109 443.1717 2.0600000000
110 447.2670 1.9700000000
111 451.3618 2.0000000000
112 455.4572 1.9800000000
113 459.5486 2.2200000000
114 463.6421 2.0400000000
115 467.7358 2.0500000000
116 471.8315 1.9100000000
117 475.9268 1.8800000000
118 480.0228 2.0100000000
119 484.1161 1.8900000000
120 488.2104 2.1100000000
121 492.3034 2.1300000000
122 496.3960 1.9300000000
123 500.4811 1.9500000000
124 504.5705 2.0000000000
125 508.6589 2.0200000000
126 512.7375 1.8400000000
127 516.8216 2.0800000000
128 520.9078 2.1400000000
129 524.9974 2.0100000000
130 529.0890 2.0500000000
131 533.1797 1.7900000000
132 537.2724 2.0000000000
133 541.3672 2.0300000000
134 545.4622 1.9000000000
135 549.5538 1.9300000000
136 553.6479 1.9300000000
137 557.7415 2.0000000000
138 561.8359 1.9300000000
139 565.9281 1.9400000000
140 570.0224 1.9500000000
141 574.1180 2.0600000000
142 578.2147 1.9500000000
143 582.3095 2.0000000000
144 586.4039 1.9200000000
145 590.5002 1.8900000000
146 594.5948 2.0100000000
147 598.6883 2.0800000000
148 602.7835 1.9300000000
149 606.8779 1.8900000000
150 610.9692 1.8400000000
151 615.0630 1.8800000000
152 619.1573 1.8400000000
153 623.2514 1.8300000000
154 627.3464 1.8800000000
155 631.4391 1.9000000000
156 635.5341 1.9500000000
157 639.6297 1.8500000000
158 643.7222 1.9900000000
159 647.8177 1.9500000000
160 651.9141 1.9000000000
161 656.0084 1.9600000000
162 660.1035 2.1500000000
163 664.1998 1.8900000000
164 668.2920 1.8600000000
165 672.3904 1.9300000000
166 676.4873 2.0200000000
167 680.5829 1.8600000000
168 684.6772 2.0300000000
169 688.7716 1.9400000000
170 692.8678 1.9900000000
171 696.9596 1.7800000000
172 701.0549 1.9700000000
173 705.1478 1.9100000000
174 709.2251 2.0700000000
175 713.3026 2.0000000000
176 717.3801 1.9200000000
177 721.4563 1.9800000000
178 725.5328 1.9300000000
179 729.6079 2.0400000000
180 733.6819 1.8700000000
181 737.7568 2.0200000000
182 741.8298 1.9400000000
183 745.9051 2.0200000000
184 749.9803 1.8400000000
185 754.0881 1.8000000000
186 758.2337 1.8200000000
187 762.3457 1.8000000000
188 766.4215 1.7300000000
189 770.5009 1.9500000000
190 774.5777 1.9000000000
191 778.6593 1.9100000000
192 782.7418 1.9600000000
193 786.8241 1.8900000000
194 790.9008 1.8900000000
195 794.9758 1.9200000000
196 799.0951 1.9900000000
197 803.1699 1.8800000000
198 807.2411 1.9200000000
199 811.3140 1.9400000000
200 815.3846 2.0900000000
