1 0.0000 0.0861000000
2 4.2679 0.0463500000
3 8.3567 0.0369333333
4 12.4495 0.0325666667
5 16.5427 0.0293333333
6 20.6328 0.0272000000
7 24.7263 0.0264833333
8 28.8192 0.0251500000
9 32.9107 0.0233166667
10 37.0118 0.0238666667
11 41.1037 0.0224666667
12 45.1995 0.0212500000
13 49.2969 0.0210666667
14 53.3947 0.0202000000
15 57.4876 0.0200000000
16 61.5842 0.0197333333
17 65.6784 0.0186833333
18 69.7730 0.0182500000
19 73.8803 0.0178666667
20 77.9860 0.0179000000
21 82.0900 0.0169000000
22 86.1960 0.0169000000
23 90.2997 0.0168666667
24 94.4104 0.0172833333
25 98.5192 0.0163500000
26 102.6289 0.0158500000
27 106.7351 0.0163500000
28 110.8453 0.0155666667
29 114.9491 0.0151000000
30 119.0493 0.0153833333
31 123.1447 0.0151333333
32 127.2517 0.0145333333
33 131.3688 0.0145833333
34 135.5328 0.0145333333
35 139.6425 0.0140166667
36 143.7444 0.0138500000
37 147.8408 0.0134666667
38 151.9334 0.0132666667
39 156.0288 0.0136500000
40 160.1397 0.0131833333
41 164.2474 0.0132333333
42 168.3668 0.0126666667
43 172.5145 0.0124500000
44 176.6427 0.0129666667
45 180.7700 0.0126000000
46 184.9095 0.0122833333
47 188.9987 0.0123500000
48 193.0949 0.0121166667
49 197.1904 0.0120500000
50 201.2878 0.0118666667
51 205.3812 0.0118666667
52 209.4786 0.0122666667
53 213.5887 0.0120000000
54 217.6826 0.0120500000
55 221.7912 0.0120166667
56 225.8973 0.0115166667
57 230.0056 0.0113500000
58 234.1152 0.0114000000
59 238.2097 0.0113666667
60 242.3055 0.0107000000
61 246.4033 0.0108000000
62 250.4978 0.0108000000
63 254.5961 0.0109000000
64 258.7026 0.0105333333
65 262.8047 0.0101500000
66 266.9072 0.0104666667
67 271.0077 0.0107000000
68 275.1015 0.0106833333
69 279.1957 0.0101000000
70 283.3049 0.0103333333
71 287.4005 0.0103833333
72 291.4932 0.0094833333
73 295.5905 0.0100333333
74 299.6878 0.0101666667
75 303.7820 0.0098833333
76 307.8789 0.0100666667
77 311.9737 0.0095833333
78 316.0720 0.0095833333
79 320.1800 0.0100666667
80 324.2758 0.0097166667
81 328.3683 0.0094833333
82 332.4631 0.0088500000
83 336.5589 0.0094333333
84 340.6541 0.0094166667
85 344.7482 0.0092833333
86 348.8448 0.0094666667
87 352.9401 0.0090666667
88 357.0359 0.0094166667
89 361.1304 0.0095166667
90 365.2250 0.0095666667
91 369.3204 0.0087500000
92 373.4255 0.0094000000
93 377.5345 0.0096666667
94 381.6427 0.0092166667
95 385.7468 0.0091000000
96 389.8577 0.0087166667
97 393.9680 0.0086666667
98 398.0790 0.0090000000
99 402.1840 0.0086000000
100 406.2881 0.0088500000
101 410.3937 0.0079000000
102 414.4898 0.0082000000
103 418.5850 0.0083000000
104 422.7014 0.0079333333
105 426.7945 0.0081833333
106 430.8894 0.0080000000
107 434.9835 0.0080666667
108 439.0781 0.0084333333
109 443.1717 0.0080500000
110 447.2670 0.0082666667
111 451.3618 0.0083833333
112 455.4572 0.0083333333
113 459.5486 0.0080333333
114 463.6421 0.0080666667
115 467.7358 0.0076666667
116 471.8315 0.0079333333
117 475.9268 0.0079000000
118 480.0228 0.0075833333
119 484.1161 0.0077333333
120 488.2104 0.0078333333
121 492.3034 0.0078000000
122 496.3960 0.0084333333
123 500.4811 0.0074833333
124 504.5705 0.0073500000
125 508.6589 0.0075166667
126 512.7375 0.0074166667
127 516.8216 0.0078500000
128 520.9078 0.0076666667
129 524.9974 0.0071500000
130 529.0890 0.0076000000
131 533.1797 0.0073333333
132 537.2724 0.0073833333
133 541.3672 0.0075500000
134 545.4622 0.0073500000
135 549.5538 0.0078000000
136 553.6479 0.0076666667
137 557.7415 0.0076833333
138 561.8359 0.0072666667
139 565.9281 0.0075166667
140 570.0224 0.0070333333
141 574.1180 0.0071500000
142 578.2147 0.0071166667
143 582.3095 0.0066833333
144 586.4039 0.0069666667
145 590.5002 0.0070333333
146 594.5948 0.0071666667
147 598.6883 0.0070833333
148 602.7835 0.0068500000
149 606.8779 0.0068666667
150 610.9692 0.0071500000
151 615.0630 0.0070333333
152 619.1573 0.0070166667
153 623.2514 0.0068833333
154 627.3464 0.0065666667
155 631.4391 0.0067833333
156 635.5341 0.0066500000
157 639.6297 0.0068666667
158 643.7222 0.0069166667
159 647.8177 0.0067833333
160 651.9141 0.0065333333
161 656.0084 0.0065833333
162 660.1035 0.0065500000
163 664.1998 0.0066000000
164 668.2920 0.0065000000
165 672.3904 0.0068833333
166 676.4873 0.0068666667
167 680.5829 0.0066166667
168 684.6772 0.0066500000
169 688.7716 0.0064333333
170 692.8678 0.0065333333
171 696.9596 0.0063666667
172 701.0549 0.0065000000
173 705.1478 0.0065833333
174 709.2251 0.0063500000
175 713.3026 0.0062333333
176 717.3801 0.0059333333
177 721.4563 0.0059166667
178 725.5328 0.0064000000
179 729.6079 0.0062166667
180 733.6819 0.0064333333
181 737.7568 0.0064500000
182 741.8298 0.0063833333
183 745.9051 0.0065000000
184 749.9803 0.0065666667
185 754.0881 0.0065000000
186 758.2337 0.0061166667
187 762.3457 0.0058833333
188 766.4215 0.0064833333
189 770.5009 0.0060166667
190 774.5777 0.0061666667
191 778.6593 0.0058833333
192 782.7418 0.0064666667
193 786.8241 0.0055833333
194 790.9008 0.0060000000
195 794.9758 0.0061333333
196 799.0951 0.0062000000
197 803.1699 0.0057666667
198 807.2411 0.0057166667
199 811.3140 0.0060000000
200 815.3846 0.0057833333
