1 0.0000 4.7800000000
2 1.9397 3.4100000000
3 3.8678 2.8100000000
4 5.7960 2.5900000000
5 7.7245 2.4400000000
6 9.6535 2.3300000000
7 11.5812 2.2600000000
8 13.5096 2.2000000000
9 15.4370 2.1600000000
10 17.3723 2.1700000000
11 19.2998 2.1200000000
12 21.2262 2.0200000000
13 23.1526 2.0500000000
14 25.0800 2.0200000000
15 27.0079 1.9800000000
16 28.9359 1.9700000000
17 30.8634 1.9900000000
18 32.7926 1.9700000000
19 34.7203 1.9500000000
20 36.6492 1.9800000000
21 38.5756 1.9600000000
22 40.5035 1.9500000000
23 42.4303 1.9800000000
24 44.3575 1.9500000000
25 46.2833 1.9700000000
26 48.2107 1.9600000000
27 50.1373 1.9600000000
28 52.0637 1.9400000000
29 53.9904 1.9400000000
30 55.9183 1.9300000000
31 57.8456 1.9300000000
32 59.7743 1.9300000000
33 61.7007 1.9200000000
34 63.6283 1.9300000000
35 65.5553 1.9000000000
36 67.4824 1.9100000000
37 69.4095 1.8900000000
38 71.3407 1.8900000000
39 73.2683 1.8800000000
40 75.1954 1.8600000000
41 77.1230 1.9000000000
42 79.0522 1.8700000000
43 80.9789 1.8900000000
44 82.9073 1.8800000000
45 84.8342 1.8600000000
46 86.7629 1.8900000000
47 88.6906 1.8700000000
48 90.6183 1.8600000000
49 92.5459 1.8600000000
50 94.4741 1.8500000000
51 96.4014 1.9000000000
52 98.3290 1.8600000000
53 100.2555 1.8600000000
54 102.1824 1.8700000000
55 104.1094 1.8700000000
56 106.0360 1.8600000000
57 107.9638 1.8800000000
58 109.8927 1.8900000000
59 111.8194 1.8400000000
60 113.7480 1.8800000000
61 115.6741 1.8400000000
62 117.6020 1.8700000000
63 119.5285 1.8500000000
64 121.4557 1.8800000000
65 123.3847 1.8700000000
66 125.3135 1.8700000000
67 127.2409 1.8800000000
68 129.1702 1.8700000000
69 131.0969 1.8500000000
70 133.0237 1.9000000000
71 134.9509 1.8600000000
72 136.8786 1.8700000000
73 138.8077 1.8700000000
74 140.7429 1.8500000000
75 142.6722 1.8500000000
76 144.6011 1.8600000000
77 146.5303 1.8800000000
78 148.4589 1.8800000000
79 150.3871 1.8500000000
80 152.3162 1.8600000000
81 154.2447 1.8500000000
82 156.1733 1.8600000000
83 158.1021 1.8500000000
84 160.0284 1.8600000000
85 161.9569 1.8500000000
86 163.8845 1.8800000000
87 165.8119 1.8700000000
88 167.7406 1.8700000000
89 169.6680 1.8600000000
90 171.5951 1.8700000000
91 173.5252 1.8600000000
92 175.4533 1.8800000000
93 177.3799 1.8500000000
94 179.3066 1.8800000000
95 181.2348 1.8400000000
96 183.1622 1.8800000000
97 185.0902 1.8500000000
98 187.0176 1.8600000000
99 188.9437 1.8700000000
100 190.8719 1.8400000000
101 192.7988 1.8700000000
102 194.7252 1.8600000000
103 196.6538 1.8600000000
104 198.5786 1.8500000000
105 200.5045 1.8300000000
106 202.4309 1.8300000000
107 204.3575 1.8800000000
108 206.2850 1.8500000000
109 208.2117 1.8300000000
110 210.1398 1.8300000000
111 212.0657 1.8100000000
112 213.9921 1.8300000000
113 215.9182 1.8500000000
114 217.8455 1.8100000000
115 219.7741 1.8500000000
116 221.7107 1.8300000000
117 223.6396 1.8300000000
118 225.5683 1.8400000000
119 227.4971 1.8300000000
120 229.4254 1.8400000000
121 231.3542 1.8400000000
122 233.2836 1.8300000000
123 235.2112 1.8400000000
124 237.1407 1.8200000000
125 239.0680 1.8200000000
126 240.9969 1.8400000000
127 242.9266 1.8300000000
128 244.8550 1.8400000000
129 246.7823 1.8200000000
130 248.7123 1.8400000000
131 250.6402 1.8100000000
132 252.5681 1.8300000000
133 254.4959 1.8300000000
134 256.4249 1.8300000000
135 258.3550 1.8300000000
136 260.2880 1.8300000000
137 262.2167 1.8100000000
138 264.1463 1.8200000000
139 266.0749 1.8100000000
140 268.0045 1.8000000000
141 269.9334 1.8000000000
142 271.8622 1.8100000000
143 273.7891 1.8200000000
144 275.7172 1.8000000000
145 277.6440 1.8000000000
146 279.5726 1.8200000000
147 281.5028 1.8100000000
148 283.4307 1.8000000000
149 285.3583 1.8400000000
150 287.2857 1.8000000000
151 289.2123 1.8000000000
152 291.1412 1.8100000000
153 293.0715 1.7900000000
154 294.9996 1.8100000000
155 296.9280 1.7900000000
156 298.8543 1.8000000000
157 300.7833 1.8000000000
158 302.7116 1.8100000000
159 304.6383 1.8000000000
160 306.5680 1.8100000000
161 308.4964 1.7900000000
162 310.4268 1.8100000000
163 312.3555 1.8100000000
164 314.2840 1.8000000000
165 316.2116 1.8000000000
166 318.1391 1.8100000000
167 320.0673 1.8000000000
168 321.9953 1.8000000000
169 323.9229 1.7900000000
170 325.8510 1.7900000000
171 327.7786 1.8200000000
172 329.7097 1.7800000000
173 331.6417 1.8100000000
174 333.5703 1.7900000000
175 335.4968 1.8200000000
176 337.4254 1.7900000000
177 339.3532 1.7900000000
178 341.2816 1.8200000000
179 343.2089 1.8000000000
180 345.1374 1.8100000000
181 347.0656 1.7900000000
182 348.9936 1.7900000000
183 350.9257 1.8100000000
184 352.8551 1.8000000000
185 354.7859 1.7900000000
186 356.7142 1.7900000000
187 358.6428 1.7900000000
188 360.5727 1.7700000000
189 362.5003 1.7800000000
190 364.4294 1.8000000000
191 366.3578 1.7900000000
192 368.2897 1.7900000000
193 370.2171 1.8000000000
194 372.1451 1.7900000000
195 374.0721 1.7800000000
196 375.9994 1.7900000000
197 377.9295 1.7900000000
198 379.8574 1.7800000000
199 381.7843 1.7900000000
200 383.7127 1.7800000000
