1 0.0000 0.0730500000
2 1.9397 0.0328000000
3 3.8678 0.0223166667
4 5.7960 0.0169166667
5 7.7245 0.0132833333
6 9.6535 0.0107833333
7 11.5812 0.0085833333
8 13.5096 0.0070333333
9 15.4370 0.0053500000
10 17.3723 0.0044000000
11 19.2998 0.0036666667
12 21.2262 0.0029666667
13 23.1526 0.0024000000
14 25.0800 0.0021000000
15 27.0079 0.0018666667
16 28.9359 0.0017500000
17 30.8634 0.0015166667
18 32.7926 0.0013500000
19 34.7203 0.0012166667
20 36.6492 0.0010500000
21 38.5756 0.0009833333
22 40.5035 0.0009333333
23 42.4303 0.0009333333
24 44.3575 0.0009000000
25 46.2833 0.0008666667
26 48.2107 0.0008166667
27 50.1373 0.0007500000
28 52.0637 0.0007166667
29 53.9904 0.0007666667
30 55.9183 0.0007000000
31 57.8456 0.0006833333
32 59.7743 0.0006666667
33 61.7007 0.0006333333
34 63.6283 0.0006000000
35 65.5553 0.0006166667
36 67.4824 0.0006333333
37 69.4095 0.0006000000
38 71.3407 0.0005666667
39 73.2683 0.0005333333
40 75.1954 0.0005666667
41 77.1230 0.0005500000
42 79.0522 0.0005333333
43 80.9789 0.0005166667
44 82.9073 0.0005166667
45 84.8342 0.0005000000
46 86.7629 0.0005500000
47 88.6906 0.0005000000
48 90.6183 0.0005166667
49 92.5459 0.0004666667
50 94.4741 0.0005000000
51 96.4014 0.0004833333
52 98.3290 0.0005000000
53 100.2555 0.0005000000
54 102.1824 0.0004833333
55 104.1094 0.0004666667
56 106.0360 0.0004833333
57 107.9638 0.0004833333
58 109.8927 0.0004666667
59 111.8194 0.0004666667
60 113.7480 0.0004333333
61 115.6741 0.0004666667
62 117.6020 0.0004666667
63 119.5285 0.0004666667
64 121.4557 0.0004500000
65 123.3847 0.0004666667
66 125.3135 0.0004666667
67 127.2409 0.0004500000
68 129.1702 0.0004500000
69 131.0969 0.0004666667
70 133.0237 0.0004333333
71 134.9509 0.0004666667
72 136.8786 0.0004166667
73 138.8077 0.0004500000
74 140.7429 0.0004333333
75 142.6722 0.0004500000
76 144.6011 0.0004500000
77 146.5303 0.0004500000
78 148.4589 0.0004166667
79 150.3871 0.0004333333
80 152.3162 0.0004166667
81 154.2447 0.0004333333
82 156.1733 0.0004166667
83 158.1021 0.0004000000
84 160.0284 0.0003833333
85 161.9569 0.0004000000
86 163.8845 0.0004166667
87 165.8119 0.0004000000
88 167.7406 0.0004166667
89 169.6680 0.0004333333
90 171.5951 0.0004166667
91 173.5252 0.0004000000
92 175.4533 0.0004000000
93 177.3799 0.0004333333
94 179.3066 0.0004166667
95 181.2348 0.0004166667
96 183.1622 0.0004000000
97 185.0902 0.0004000000
98 187.0176 0.0004000000
99 188.9437 0.0003833333
100 190.8719 0.0003666667
101 192.7988 0.0003666667
102 194.7252 0.0004000000
103 196.6538 0.0004000000
104 198.5786 0.0004000000
105 200.5045 0.0004000000
106 202.4309 0.0003666667
107 204.3575 0.0004166667
108 206.2850 0.0003833333
109 208.2117 0.0004000000
110 210.1398 0.0003833333
111 212.0657 0.0003666667
112 213.9921 0.0004000000
113 215.9182 0.0003666667
114 217.8455 0.0003666667
115 219.7741 0.0003666667
116 221.7107 0.0003500000
117 223.6396 0.0003500000
118 225.5683 0.0004000000
119 227.4971 0.0003666667
120 229.4254 0.0003666667
121 231.3542 0.0003833333
122 233.2836 0.0003666667
123 235.2112 0.0003666667
124 237.1407 0.0003833333
125 239.0680 0.0003666667
126 240.9969 0.0003833333
127 242.9266 0.0003833333
128 244.8550 0.0003666667
129 246.7823 0.0003833333
130 248.7123 0.0003500000
131 250.6402 0.0003666667
132 252.5681 0.0003666667
133 254.4959 0.0003666667
134 256.4249 0.0003500000
135 258.3550 0.0003333333
136 260.2880 0.0003500000
137 262.2167 0.0003833333
138 264.1463 0.0003500000
139 266.0749 0.0003500000
140 268.0045 0.0003500000
141 269.9334 0.0003666667
142 271.8622 0.0003500000
143 273.7891 0.0003500000
144 275.7172 0.0003333333
145 277.6440 0.0003333333
146 279.5726 0.0003500000
147 281.5028 0.0003500000
148 283.4307 0.0003333333
149 285.3583 0.0003333333
150 287.2857 0.0003333333
151 289.2123 0.0003333333
152 291.1412 0.0003666667
153 293.0715 0.0003333333
154 294.9996 0.0003333333
155 296.9280 0.0003500000
156 298.8543 0.0003333333
157 300.7833 0.0003333333
158 302.7116 0.0003333333
159 304.6383 0.0003500000
160 306.5680 0.0003333333
161 308.4964 0.0003333333
162 310.4268 0.0003333333
163 312.3555 0.0003333333
164 314.2840 0.0003333333
165 316.2116 0.0003333333
166 318.1391 0.0003500000
167 320.0673 0.0003500000
168 321.9953 0.0003500000
169 323.9229 0.0003666667
170 325.8510 0.0003500000
171 327.7786 0.0003333333
172 329.7097 0.0003333333
173 331.6417 0.0003500000
174 333.5703 0.0003500000
175 335.4968 0.0003500000
176 337.4254 0.0003500000
177 339.3532 0.0003333333
178 341.2816 0.0003333333
179 343.2089 0.0003333333
180 345.1374 0.0003333333
181 347.0656 0.0003333333
182 348.9936 0.0003333333
183 350.9257 0.0003500000
184 352.8551 0.0003500000
185 354.7859 0.0003500000
186 356.7142 0.0003333333
187 358.6428 0.0003500000
188 360.5727 0.0003333333
189 362.5003 0.0003333333
190 364.4294 0.0003333333
191 366.3578 0.0003333333
192 368.2897 0.0003500000
193 370.2171 0.0003333333
194 372.1451 0.0003333333
195 374.0721 0.0003333333
196 375.9994 0.0003333333
197 377.9295 0.0003333333
198 379.8574 0.0003500000
199 381.7843 0.0003333333
200 383.7127 0.0003500000
