1 0.0000 4.6900000000
2 4.2445 3.0300000000
3 8.3195 2.7800000000
4 12.3956 2.3700000000
5 16.4692 2.3000000000
6 20.5429 2.2400000000
7 24.6169 2.0700000000
8 28.6901 2.0100000000
9 32.7643 1.8400000000
10 36.8523 1.6900000000
11 40.9257 1.7500000000
12 45.0027 1.7900000000
13 49.0761 1.7200000000
14 53.1497 1.6600000000
15 57.2213 1.6300000000
16 61.2998 1.6400000000
17 65.3709 1.4800000000
18 69.4474 1.4900000000
19 73.5150 1.5600000000
20 77.5840 1.5400000000
21 81.6528 1.4600000000
22 85.7204 1.5900000000
23 89.7899 1.4300000000
24 93.8598 1.4400000000
25 97.9296 1.4600000000
26 102.0002 1.3800000000
27 106.0950 1.4600000000
28 110.1649 1.4400000000
29 114.2340 1.5100000000
30 118.3061 1.4200000000
31 122.3761 1.3300000000
32 126.4457 1.3500000000
33 130.5143 1.4600000000
34 134.5830 1.4300000000
35 138.6515 1.4700000000
36 142.7209 1.4000000000
37 146.7892 1.3700000000
38 150.8574 1.3700000000
39 154.9262 1.3700000000
40 158.9948 1.4700000000
41 163.0631 1.2700000000
42 167.1318 1.4200000000
43 171.2002 1.4100000000
44 175.2685 1.5300000000
45 179.3413 1.3300000000
46 183.4109 1.3200000000
47 187.4794 1.4200000000
48 191.5479 1.3600000000
49 195.6230 1.3200000000
50 199.7017 1.2800000000
51 203.7769 1.2500000000
52 207.8516 1.3200000000
53 211.9248 1.3200000000
54 216.0349 1.3900000000
55 220.1333 1.3100000000
56 224.2068 1.3200000000
57 228.2795 1.3900000000
58 232.3559 1.3300000000
59 236.4318 1.3900000000
60 240.5049 1.2600000000
61 244.5821 1.3000000000
62 248.6545 1.3700000000
63 252.7354 1.3400000000
64 256.8575 1.2700000000
65 260.9898 1.2700000000
66 265.1349 1.3500000000
67 269.2519 1.3000000000
68 273.3552 1.3000000000
69 277.4901 1.3200000000
70 281.5896 1.2800000000
71 285.7105 1.2600000000
72 289.8128 1.2900000000
73 293.9119 1.2500000000
74 298.0132 1.2100000000
75 302.1086 1.2800000000
76 306.2010 1.1900000000
77 310.2941 1.3100000000
78 314.3878 1.3400000000
79 318.4807 1.3200000000
80 322.5688 1.3200000000
81 326.6609 1.3500000000
82 330.7549 1.3300000000
83 334.8516 1.3800000000
84 338.9522 1.2400000000
85 343.0532 1.3400000000
86 347.1509 1.3300000000
87 351.2502 1.3100000000
88 355.3496 1.3700000000
89 359.4500 1.3700000000
90 363.5489 1.2900000000
91 367.6423 1.3400000000
92 371.7395 1.2400000000
93 375.8384 1.2100000000
94 379.9417 1.2400000000
95 384.0472 1.2700000000
96 388.1517 1.2600000000
97 392.2512 1.2200000000
98 396.3549 1.2800000000
99 400.4575 1.4000000000
100 404.5589 1.3900000000
101 408.6616 1.3100000000
102 412.7620 1.2700000000
103 416.8582 1.3600000000
104 420.9572 1.2500000000
105 425.0559 1.3300000000
106 429.1551 1.2300000000
107 433.2547 1.3100000000
108 437.3509 1.2200000000
109 441.4471 1.2800000000
110 445.5453 1.3000000000
111 449.6413 1.2000000000
112 453.7412 1.2500000000
113 457.8428 1.2700000000
114 461.9497 1.2400000000
115 466.0757 1.2300000000
116 470.1737 1.1700000000
117 474.2738 1.2400000000
118 478.3732 1.1500000000
119 482.4712 1.1900000000
120 486.5814 1.2300000000
121 490.6913 1.1900000000
122 494.7993 1.3000000000
123 498.8965 1.1700000000
124 503.0003 1.2300000000
125 507.0996 1.1700000000
126 511.2030 1.2400000000
127 515.3050 1.2500000000
128 519.4066 1.3000000000
129 523.5056 1.2000000000
130 527.6044 1.2200000000
131 531.7060 1.2100000000
132 535.8040 1.1100000000
133 539.9051 1.1100000000
134 544.0040 1.2100000000
135 548.1039 1.2000000000
136 552.2039 1.2300000000
137 556.3546 1.1000000000
138 560.5508 1.1600000000
139 564.7717 1.2700000000
140 568.9049 1.1800000000
141 573.0190 1.3200000000
142 577.1309 1.2300000000
143 581.2529 1.2000000000
144 585.3782 1.2100000000
145 589.4943 1.2500000000
146 593.6089 1.2000000000
147 597.7193 1.2000000000
148 601.8644 1.2000000000
149 606.0161 1.1600000000
150 610.1200 1.2900000000
151 614.2162 1.1700000000
152 618.3178 1.1900000000
153 622.4159 1.1800000000
154 626.5159 1.1800000000
155 630.6145 1.2600000000
156 634.7190 1.2700000000
157 638.8182 1.1800000000
158 642.9156 1.2100000000
159 647.0116 1.1800000000
160 651.1077 1.1200000000
161 655.2056 1.1600000000
162 659.3068 1.1700000000
163 663.4033 1.1600000000
164 667.5013 1.2100000000
165 671.5992 1.1800000000
166 675.7025 1.2800000000
167 679.8013 1.3000000000
168 683.8989 1.2200000000
169 687.9972 1.1400000000
170 692.0991 1.2900000000
171 696.1966 1.1900000000
172 700.2951 1.2700000000
173 704.3918 1.2700000000
174 708.4894 1.1200000000
175 712.5862 1.1500000000
176 716.6853 1.1700000000
177 720.8018 1.1900000000
178 724.9051 1.2500000000
179 728.9988 1.1800000000
180 733.0932 1.1900000000
181 737.1876 1.2200000000
182 741.2835 1.2600000000
183 745.3785 1.1700000000
184 749.4748 1.1200000000
185 753.5715 1.1000000000
186 757.6666 1.2100000000
187 761.7747 1.1700000000
188 765.8730 1.2000000000
189 769.9755 1.2600000000
190 774.0825 1.2100000000
191 778.1886 1.2100000000
192 782.2901 1.1600000000
193 786.3930 1.1400000000
194 790.4939 1.1500000000
195 794.5918 1.2400000000
196 798.6942 1.1600000000
197 802.7935 1.2100000000
198 806.8931 1.2300000000
199 810.9912 1.3300000000
200 815.0926 1.2800000000
