1 0.0000 0.0729833333
2 4.2445 0.0343333333
3 8.3195 0.0248666667
4 12.3956 0.0196166667
5 16.4692 0.0166166667
6 20.5429 0.0141666667
7 24.6169 0.0117500000
8 28.6901 0.0107833333
9 32.7643 0.0088333333
10 36.8523 0.0080166667
11 40.9257 0.0073166667
12 45.0027 0.0067666667
13 49.0761 0.0059000000
14 53.1497 0.0053000000
15 57.2213 0.0047000000
16 61.2998 0.0041666667
17 65.3709 0.0039333333
18 69.4474 0.0031333333
19 73.5150 0.0032166667
20 77.5840 0.0028000000
21 81.6528 0.0026166667
22 85.7204 0.0023500000
23 89.7899 0.0023333333
24 93.8598 0.0022000000
25 97.9296 0.0019333333
26 102.0002 0.0016500000
27 106.0950 0.0016333333
28 110.1649 0.0014500000
29 114.2340 0.0013666667
30 118.3061 0.0012500000
31 122.3761 0.0012000000
32 126.4457 0.0012166667
33 130.5143 0.0010666667
34 134.5830 0.0010500000
35 138.6515 0.0008166667
36 142.7209 0.0008833333
37 146.7892 0.0008666667
38 150.8574 0.0008166667
39 154.9262 0.0006333333
40 158.9948 0.0007166667
41 163.0631 0.0005666667
42 167.1318 0.0006666667
43 171.2002 0.0006166667
44 175.2685 0.0003833333
45 179.3413 0.0005833333
46 183.4109 0.0004833333
47 187.4794 0.0004166667
48 191.5479 0.0004000000
49 195.6230 0.0005500000
50 199.7017 0.0003666667
51 203.7769 0.0003833333
52 207.8516 0.0002833333
53 211.9248 0.0003500000
54 216.0349 0.0003833333
55 220.1333 0.0002666667
56 224.2068 0.0002500000
57 228.2795 0.0002333333
58 232.3559 0.0002000000
59 236.4318 0.0002666667
60 240.5049 0.0001666667
61 244.5821 0.0002500000
62 248.6545 0.0002000000
63 252.7354 0.0001500000
64 256.8575 0.0002000000
65 260.9898 0.0002000000
66 265.1349 0.0001000000
67 269.2519 0.0002000000
68 273.3552 0.0002333333
69 277.4901 0.0001333333
70 281.5896 0.0001666667
71 285.7105 0.0001166667
72 289.8128 0.0001000000
73 293.9119 0.0001166667
74 298.0132 0.0001000000
75 302.1086 0.0001000000
76 306.2010 0.0001166667
77 310.2941 0.0001333333
78 314.3878 0.0001333333
79 318.4807 0.0001000000
80 322.5688 0.0000666667
81 326.6609 0.0000833333
82 330.7549 0.0000833333
83 334.8516 0.0000833333
84 338.9522 0.0000666667
85 343.0532 0.0000166667
86 347.1509 0.0001000000
87 351.2502 0.0001166667
88 355.3496 0.0001000000
89 359.4500 0.0000333333
90 363.5489 0.0000666667
91 367.6423 0.0000500000
92 371.7395 0.0000166667
93 375.8384 0.0000333333
94 379.9417 0.0000333333
95 384.0472 0.0000166667
96 388.1517 0.0000500000
97 392.2512 0.0000666667
98 396.3549 0.0000666667
99 400.4575 0.0000166667
100 404.5589 0.0000500000
101 408.6616 0.0000333333
102 412.7620 0.0000333333
103 416.8582 0.0000666667
104 420.9572 0.0000500000
105 425.0559 0.0000500000
106 429.1551 0.0000166667
107 433.2547 0.0000166667
108 437.3509 0.0000333333
109 441.4471 0.0000833333
110 445.5453 0.0000333333
111 449.6413 0.0000500000
112 453.7412 0.0000666667
113 457.8428 0.0000666667
114 461.9497 0.0000166667
115 466.0757 0.0000166667
116 470.1737 0.0000166667
117 474.2738 0.0000166667
118 478.3732 0.0000000000
119 482.4712 0.0000166667
120 486.5814 0.0000000000
121 490.6913 0.0000166667
122 494.7993 0.0000333333
123 498.8965 0.0000000000
124 503.0003 0.0000333333
125 507.0996 0.0000000000
126 511.2030 0.0000000000
127 515.3050 0.0000166667
128 519.4066 0.0000333333
129 523.5056 0.0000166667
130 527.6044 0.0000166667
131 531.7060 0.0000333333
132 535.8040 0.0000333333
133 539.9051 0.0000333333
134 544.0040 0.0000666667
135 548.1039 0.0000166667
136 552.2039 0.0000166667
137 556.3546 0.0000000000
138 560.5508 0.0000166667
139 564.7717 0.0000000000
140 568.9049 0.0000166667
141 573.0190 0.0000000000
142 577.1309 0.0000000000
143 581.2529 0.0000000000
144 585.3782 0.0000333333
145 589.4943 0.0000166667
146 593.6089 0.0000333333
147 597.7193 0.0000000000
148 601.8644 0.0000166667
149 606.0161 0.0000166667
150 610.1200 0.0000166667
151 614.2162 0.0000166667
152 618.3178 0.0000000000
153 622.4159 0.0000000000
154 626.5159 0.0000166667
155 630.6145 0.0000000000
156 634.7190 0.0000166667
157 638.8182 0.0000000000
158 642.9156 0.0000000000
159 647.0116 0.0000000000
160 651.1077 0.0000000000
161 655.2056 0.0000000000
162 659.3068 0.0000166667
163 663.4033 0.0000166667
164 667.5013 0.0000000000
165 671.5992 0.0000000000
166 675.7025 0.0000000000
167 679.8013 0.0000000000
168 683.8989 0.0000166667
169 687.9972 0.0000000000
170 692.0991 0.0000000000
171 696.1966 0.0000000000
172 700.2951 0.0000166667
173 704.3918 0.0000000000
174 708.4894 0.0000000000
175 712.5862 0.0000000000
176 716.6853 0.0000000000
177 720.8018 0.0000166667
178 724.9051 0.0000000000
179 728.9988 0.0000333333
180 733.0932 0.0000000000
181 737.1876 0.0000000000
182 741.2835 0.0000166667
183 745.3785 0.0000000000
184 749.4748 0.0000000000
185 753.5715 0.0000000000
186 757.6666 0.0000000000
187 761.7747 0.0000000000
188 765.8730 0.0000000000
189 769.9755 0.0000000000
190 774.0825 0.0000000000
191 778.1886 0.0000333333
192 782.2901 0.0000000000
193 786.3930 0.0000000000
194 790.4939 0.0000166667
195 794.5918 0.0000000000
196 798.6942 0.0000166667
197 802.7935 0.0000000000
198 806.8931 0.0000000000
199 810.9912 0.0000000000
200 815.0926 0.0000000000
