1 0.0000 4.9900000000
2 1.9175 3.8900000000
3 3.8329 3.5300000000
4 5.7594 3.1300000000
5 7.6757 2.9900000000
6 9.5907 2.9600000000
7 11.5046 2.9100000000
8 13.4181 2.8900000000
9 15.3307 2.8900000000
10 17.2449 2.8900000000
11 19.1587 2.8700000000
12 21.0720 2.8400000000
13 22.9856 2.8400000000
14 24.8972 2.8500000000
15 26.8108 2.8300000000
16 28.7531 2.8000000000
17 30.6712 2.8300000000
18 32.5861 2.7800000000
19 34.5019 2.8000000000
20 36.4173 2.7700000000
21 38.3326 2.8000000000
22 40.2460 2.8000000000
23 42.1607 2.7700000000
24 44.0746 2.7200000000
25 45.9892 2.7400000000
26 47.9042 2.7300000000
27 49.8183 2.6900000000
28 51.7328 2.6700000000
29 53.6506 2.7100000000
30 55.5635 2.6900000000
31 57.4770 2.6600000000
32 59.3903 2.6400000000
33 61.3042 2.7000000000
34 63.2186 2.6800000000
35 65.1319 2.6600000000
36 67.0460 2.7000000000
37 68.9584 2.6700000000
38 70.8731 2.7000000000
39 72.7867 2.6600000000
40 74.7048 2.6900000000
41 76.6184 2.6600000000
42 78.5333 2.6600000000
43 80.4463 2.6400000000
44 82.3611 2.6600000000
45 84.2751 2.6800000000
46 86.1905 2.6300000000
47 88.1033 2.6600000000
48 90.0170 2.6200000000
49 91.9296 2.6100000000
50 93.8430 2.6100000000
51 95.7576 2.6200000000
52 97.6711 2.6500000000
53 99.5848 2.6200000000
54 101.4993 2.6000000000
55 103.4131 2.6300000000
56 105.3266 2.6300000000
57 107.2387 2.6100000000
58 109.1511 2.6300000000
59 111.0646 2.6000000000
60 112.9787 2.6200000000
61 114.8914 2.6100000000
62 116.8056 2.5800000000
63 118.7192 2.6400000000
64 120.6319 2.6200000000
65 122.5437 2.6100000000
66 124.4574 2.6100000000
67 126.3718 2.6000000000
68 128.2850 2.6100000000
69 130.1993 2.6300000000
70 132.1121 2.6100000000
71 134.0257 2.6200000000
72 135.9391 2.5900000000
73 137.8511 2.6200000000
74 139.7649 2.6000000000
75 141.6791 2.6300000000
76 143.5919 2.5900000000
77 145.5049 2.6200000000
78 147.4180 2.6000000000
79 149.3298 2.6100000000
80 151.2426 2.6100000000
81 153.1553 2.6000000000
82 155.0682 2.6100000000
83 156.9824 2.6200000000
84 158.8949 2.5600000000
85 160.8078 2.5900000000
86 162.7209 2.6000000000
87 164.6329 2.5700000000
88 166.5468 2.5800000000
89 168.4599 2.5600000000
90 170.3736 2.5800000000
91 172.2876 2.5600000000
92 174.2013 2.5600000000
93 176.1137 2.5800000000
94 178.0264 2.5200000000
95 179.9390 2.5800000000
96 181.8536 2.5800000000
97 183.7665 2.5500000000
98 185.6797 2.5500000000
99 187.5928 2.5700000000
100 189.5082 2.5700000000
101 191.4214 2.6000000000
102 193.3339 2.5700000000
103 195.2472 2.5500000000
104 197.1606 2.5600000000
105 199.0761 2.5700000000
106 200.9884 2.5600000000
107 202.9024 2.5500000000
108 204.8155 2.5500000000
109 206.7272 2.5400000000
110 208.6394 2.5700000000
111 210.5525 2.5800000000
112 212.4663 2.5400000000
113 214.3796 2.5500000000
114 216.2938 2.5600000000
115 218.2073 2.5500000000
116 220.1206 2.5400000000
117 222.0334 2.5100000000
118 223.9463 2.5500000000
119 225.8594 2.5300000000
120 227.7727 2.5400000000
121 229.6871 2.5200000000
122 231.6006 2.5300000000
123 233.5147 2.5300000000
124 235.4283 2.5700000000
125 237.3417 2.5500000000
126 239.2553 2.5400000000
127 241.1681 2.5400000000
128 243.0813 2.5200000000
129 244.9935 2.5100000000
130 246.9070 2.5200000000
131 248.8205 2.5500000000
132 250.7333 2.5100000000
133 252.6444 2.5100000000
134 254.5584 2.5600000000
135 256.4770 2.5200000000
136 258.3904 2.4900000000
137 260.3027 2.4800000000
138 262.2153 2.5300000000
139 264.1292 2.5400000000
140 266.0434 2.5000000000
141 267.9584 2.5200000000
142 269.8731 2.5100000000
143 271.7870 2.5400000000
144 273.7000 2.4800000000
145 275.6131 2.5100000000
146 277.5257 2.5400000000
147 279.4386 2.5100000000
148 281.3530 2.5100000000
149 283.2652 2.5200000000
150 285.1767 2.4900000000
151 287.0903 2.5200000000
152 289.0024 2.5200000000
153 290.9165 2.4800000000
154 292.8314 2.5000000000
155 294.7456 2.5100000000
156 296.6607 2.5100000000
157 298.5751 2.4700000000
158 300.4881 2.5300000000
159 302.4015 2.5000000000
160 304.3147 2.5100000000
161 306.2275 2.4900000000
162 308.1404 2.5000000000
163 310.0524 2.5100000000
164 311.9651 2.4900000000
165 313.8794 2.5300000000
166 315.7920 2.5300000000
167 317.7048 2.5000000000
168 319.6177 2.5200000000
169 321.5309 2.5100000000
170 323.4449 2.5000000000
171 325.3637 2.5000000000
172 327.2769 2.5000000000
173 329.1908 2.5200000000
174 331.1026 2.5200000000
175 333.0150 2.5000000000
176 334.9287 2.5100000000
177 336.8438 2.5000000000
178 338.7657 2.5200000000
179 340.6804 2.5200000000
180 342.5957 2.5200000000
181 344.5117 2.5200000000
182 346.4263 2.5100000000
183 348.3398 2.5200000000
184 350.2551 2.5200000000
185 352.1699 2.5500000000
186 354.0846 2.5500000000
187 356.0001 2.5200000000
188 357.9133 2.5200000000
189 359.8254 2.5200000000
190 361.7383 2.5200000000
191 363.6513 2.5400000000
192 365.5648 2.5200000000
193 367.4772 2.5300000000
194 369.3920 2.5000000000
195 371.3043 2.5200000000
196 373.2170 2.5200000000
197 375.1288 2.5400000000
198 377.0414 2.5300000000
199 378.9561 2.5400000000
200 380.8691 2.5200000000
