1 0.0000 0.0731666667
2 1.9175 0.0361000000
3 3.8329 0.0272666667
4 5.7594 0.0226666667
5 7.6757 0.0203500000
6 9.5907 0.0192166667
7 11.5046 0.0180000000
8 13.4181 0.0172666667
9 15.3307 0.0167666667
10 17.2449 0.0164666667
11 19.1587 0.0159833333
12 21.0720 0.0157833333
13 22.9856 0.0156166667
14 24.8972 0.0153500000
15 26.8108 0.0153000000
16 28.7531 0.0150833333
17 30.6712 0.0149833333
18 32.5861 0.0149666667
19 34.5019 0.0147500000
20 36.4173 0.0147500000
21 38.3326 0.0144666667
22 40.2460 0.0144833333
23 42.1607 0.0143833333
24 44.0746 0.0143666667
25 45.9892 0.0142000000
26 47.9042 0.0142500000
27 49.8183 0.0141666667
28 51.7328 0.0141833333
29 53.6506 0.0142166667
30 55.5635 0.0140333333
31 57.4770 0.0141000000
32 59.3903 0.0140333333
33 61.3042 0.0140333333
34 63.2186 0.0140000000
35 65.1319 0.0138666667
36 67.0460 0.0140166667
37 68.9584 0.0140333333
38 70.8731 0.0139000000
39 72.7867 0.0138500000
40 74.7048 0.0140166667
41 76.6184 0.0138333333
42 78.5333 0.0138833333
43 80.4463 0.0139000000
44 82.3611 0.0139333333
45 84.2751 0.0138333333
46 86.1905 0.0138666667
47 88.1033 0.0138833333
48 90.0170 0.0138500000
49 91.9296 0.0137166667
50 93.8430 0.0138833333
51 95.7576 0.0138333333
52 97.6711 0.0137500000
53 99.5848 0.0138833333
54 101.4993 0.0138000000
55 103.4131 0.0138833333
56 105.3266 0.0137666667
57 107.2387 0.0138000000
58 109.1511 0.0138333333
59 111.0646 0.0138500000
60 112.9787 0.0137833333
61 114.8914 0.0137666667
62 116.8056 0.0138000000
63 118.7192 0.0137833333
64 120.6319 0.0138166667
65 122.5437 0.0138666667
66 124.4574 0.0136833333
67 126.3718 0.0137500000
68 128.2850 0.0137333333
69 130.1993 0.0138000000
70 132.1121 0.0136333333
71 134.0257 0.0137333333
72 135.9391 0.0136500000
73 137.8511 0.0136333333
74 139.7649 0.0136166667
75 141.6791 0.0136666667
76 143.5919 0.0136000000
77 145.5049 0.0136666667
78 147.4180 0.0136000000
79 149.3298 0.0135666667
80 151.2426 0.0136333333
81 153.1553 0.0136333333
82 155.0682 0.0134666667
83 156.9824 0.0135166667
84 158.8949 0.0135333333
85 160.8078 0.0135500000
86 162.7209 0.0135166667
87 164.6329 0.0134666667
88 166.5468 0.0133666667
89 168.4599 0.0135333333
90 170.3736 0.0136000000
91 172.2876 0.0136000000
92 174.2013 0.0134500000
93 176.1137 0.0135000000
94 178.0264 0.0134833333
95 179.9390 0.0134000000
96 181.8536 0.0134166667
97 183.7665 0.0135166667
98 185.6797 0.0134166667
99 187.5928 0.0134000000
100 189.5082 0.0134000000
101 191.4214 0.0135500000
102 193.3339 0.0134500000
103 195.2472 0.0133833333
104 197.1606 0.0133666667
105 199.0761 0.0133500000
106 200.9884 0.0135000000
107 202.9024 0.0134500000
108 204.8155 0.0134333333
109 206.7272 0.0134500000
110 208.6394 0.0133833333
111 210.5525 0.0134000000
112 212.4663 0.0134000000
113 214.3796 0.0133333333
114 216.2938 0.0134500000
115 218.2073 0.0134000000
116 220.1206 0.0134833333
117 222.0334 0.0134166667
118 223.9463 0.0133333333
119 225.8594 0.0134333333
120 227.7727 0.0134500000
121 229.6871 0.0134000000
122 231.6006 0.0134000000
123 233.5147 0.0134000000
124 235.4283 0.0133166667
125 237.3417 0.0134333333
126 239.2553 0.0134833333
127 241.1681 0.0133666667
128 243.0813 0.0134333333
129 244.9935 0.0133666667
130 246.9070 0.0134166667
131 248.8205 0.0134666667
132 250.7333 0.0134166667
133 252.6444 0.0134666667
134 254.5584 0.0135833333
135 256.4770 0.0134333333
136 258.3904 0.0134166667
137 260.3027 0.0134000000
138 262.2153 0.0134000000
139 264.1292 0.0134833333
140 266.0434 0.0134333333
141 267.9584 0.0135166667
142 269.8731 0.0135000000
143 271.7870 0.0134666667
144 273.7000 0.0134500000
145 275.6131 0.0134333333
146 277.5257 0.0133500000
147 279.4386 0.0134166667
148 281.3530 0.0134000000
149 283.2652 0.0134166667
150 285.1767 0.0134833333
151 287.0903 0.0134000000
152 289.0024 0.0134500000
153 290.9165 0.0134833333
154 292.8314 0.0134666667
155 294.7456 0.0133166667
156 296.6607 0.0134500000
157 298.5751 0.0134666667
158 300.4881 0.0134333333
159 302.4015 0.0133500000
160 304.3147 0.0134833333
161 306.2275 0.0134500000
162 308.1404 0.0134666667
163 310.0524 0.0133666667
164 311.9651 0.0134500000
165 313.8794 0.0133833333
166 315.7920 0.0135333333
167 317.7048 0.0133166667
168 319.6177 0.0134166667
169 321.5309 0.0133833333
170 323.4449 0.0133500000
171 325.3637 0.0133500000
172 327.2769 0.0134000000
173 329.1908 0.0133833333
174 331.1026 0.0134000000
175 333.0150 0.0134166667
176 334.9287 0.0134666667
177 336.8438 0.0135000000
178 338.7657 0.0134666667
179 340.6804 0.0132833333
180 342.5957 0.0134833333
181 344.5117 0.0134166667
182 346.4263 0.0134666667
183 348.3398 0.0132666667
184 350.2551 0.0133333333
185 352.1699 0.0134333333
186 354.0846 0.0133333333
187 356.0001 0.0134000000
188 357.9133 0.0134166667
189 359.8254 0.0133666667
190 361.7383 0.0133333333
191 363.6513 0.0133833333
192 365.5648 0.0134333333
193 367.4772 0.0134500000
194 369.3920 0.0134166667
195 371.3043 0.0133833333
196 373.2170 0.0133500000
197 375.1288 0.0133500000
198 377.0414 0.0134166667
199 378.9561 0.0135166667
200 380.8691 0.0133666667
