1 0.0000 8.6900000000
2 1.9155 7.3600000000
3 3.8245 6.5000000000
4 5.7344 5.6600000000
5 7.6509 4.9700000000
6 9.5607 4.6500000000
7 11.4688 4.1600000000
8 13.3772 3.8000000000
9 15.2865 3.5700000000
10 17.1974 3.4000000000
11 19.1064 3.2000000000
12 21.0148 3.0100000000
13 22.9244 2.9200000000
14 24.8339 2.8800000000
15 26.7424 2.8000000000
16 28.6516 2.7500000000
17 30.5629 2.6600000000
18 32.4761 2.5700000000
19 34.3877 2.5200000000
20 36.2982 2.4900000000
21 38.2098 2.4300000000
22 40.1218 2.3700000000
23 42.0320 2.3200000000
24 43.9453 2.3100000000
25 45.8561 2.3100000000
26 47.7786 2.3300000000
27 49.7144 2.2800000000
28 51.6442 2.2600000000
29 53.5534 2.2600000000
30 55.4632 2.2600000000
31 57.3731 2.2600000000
32 59.2821 2.2600000000
33 61.1914 2.2400000000
34 63.1017 2.2100000000
35 65.0114 2.2100000000
36 66.9200 2.2000000000
37 68.8317 2.2000000000
38 70.7413 2.1900000000
39 72.6509 2.1800000000
40 74.5625 2.1800000000
41 76.4743 2.1500000000
42 78.3870 2.1400000000
43 80.2978 2.1400000000
44 82.2090 2.1400000000
45 84.1187 2.1400000000
46 86.0291 2.1300000000
47 87.9393 2.1100000000
48 89.8485 2.0900000000
49 91.7588 2.0700000000
50 93.6683 2.0700000000
51 95.5761 2.0600000000
52 97.4854 2.0400000000
53 99.3937 2.0300000000
54 101.3032 2.0200000000
55 103.2127 2.0000000000
56 105.1221 1.9900000000
57 107.0311 1.9800000000
58 108.9422 1.9500000000
59 110.8528 1.9400000000
60 112.7633 1.9400000000
61 114.6718 1.9300000000
62 116.5816 1.9200000000
63 118.4917 1.9300000000
64 120.4032 1.9300000000
65 122.3128 1.9300000000
66 124.2228 1.9100000000
67 126.1327 1.9100000000
68 128.0418 1.9100000000
69 129.9517 1.8800000000
70 131.8628 1.8400000000
71 133.7724 1.8400000000
72 135.6814 1.8200000000
73 137.5917 1.8100000000
74 139.5028 1.7900000000
75 141.4124 1.7900000000
76 143.3233 1.7900000000
77 145.2335 1.7800000000
78 147.1437 1.7800000000
79 149.0530 1.7900000000
80 150.9632 1.7900000000
81 152.8730 1.8000000000
82 154.7835 1.8100000000
83 156.6928 1.7900000000
84 158.6022 1.7900000000
85 160.5126 1.7900000000
86 162.4227 1.7800000000
87 164.3324 1.7900000000
88 166.2427 1.8000000000
89 168.1519 1.7900000000
90 170.0618 1.7900000000
91 171.9713 1.8000000000
92 173.8810 1.8000000000
93 175.7911 1.7900000000
94 177.7008 1.7800000000
95 179.6106 1.7700000000
96 181.5209 1.7700000000
97 183.4314 1.7700000000
98 185.3416 1.7700000000
99 187.2511 1.7700000000
100 189.1611 1.7700000000
101 191.0705 1.7700000000
102 192.9798 1.7700000000
103 194.8900 1.7700000000
104 196.8000 1.7700000000
105 198.7107 1.7700000000
106 200.6202 1.7600000000
107 202.5297 1.7700000000
108 204.4397 1.7700000000
109 206.3492 1.7700000000
110 208.2595 1.7700000000
111 210.1694 1.7700000000
112 212.0808 1.7700000000
113 213.9912 1.7700000000
114 215.9014 1.7700000000
115 217.8117 1.7700000000
116 219.7211 1.7700000000
117 221.6312 1.7700000000
118 223.5411 1.7900000000
119 225.4504 1.7900000000
120 227.3598 1.7900000000
121 229.2718 1.7900000000
122 231.1826 1.7700000000
123 233.0917 1.7700000000
124 235.0007 1.7600000000
125 236.9103 1.7600000000
126 238.8207 1.7600000000
127 240.7310 1.7600000000
128 242.6405 1.7600000000
129 244.5506 1.7600000000
130 246.4608 1.7600000000
131 248.3714 1.7600000000
132 250.2811 1.7600000000
133 252.1914 1.7600000000
134 254.1014 1.7600000000
135 256.0105 1.7600000000
136 257.9198 1.7600000000
137 259.8289 1.7600000000
138 261.7368 1.7600000000
139 263.6462 1.7500000000
140 265.5546 1.7500000000
141 267.4641 1.7500000000
142 269.3739 1.7400000000
143 271.2837 1.7400000000
144 273.1932 1.7400000000
145 275.1037 1.7400000000
146 277.0128 1.7300000000
147 278.9221 1.7300000000
148 280.8319 1.7300000000
149 282.7417 1.7300000000
150 284.6500 1.7400000000
151 286.5591 1.7400000000
152 288.4684 1.7400000000
153 290.3767 1.7400000000
154 292.2858 1.7400000000
155 294.1951 1.7400000000
156 296.1051 1.7400000000
157 298.0147 1.7400000000
158 299.9241 1.7400000000
159 301.8327 1.7400000000
160 303.7427 1.7400000000
161 305.6536 1.7400000000
162 307.5641 1.7400000000
163 309.4740 1.7400000000
164 311.3845 1.7400000000
165 313.2951 1.7500000000
166 315.2044 1.7500000000
167 317.1148 1.7500000000
168 319.0231 1.7500000000
169 320.9321 1.7500000000
170 322.8414 1.7500000000
171 324.7510 1.7500000000
172 326.6594 1.7500000000
173 328.5681 1.7500000000
174 330.4782 1.7500000000
175 332.3875 1.7500000000
176 334.2976 1.7500000000
177 336.2079 1.7500000000
178 338.1210 1.7500000000
179 340.0313 1.7500000000
180 341.9403 1.7500000000
181 343.8504 1.7500000000
182 345.7602 1.7500000000
183 347.6699 1.7500000000
184 349.5784 1.7500000000
185 351.4871 1.7500000000
186 353.3981 1.7500000000
187 355.3075 1.7500000000
188 357.2166 1.7500000000
189 359.1259 1.7500000000
190 361.0355 1.7500000000
191 362.9444 1.7500000000
192 364.8538 1.7500000000
193 366.7635 1.7500000000
194 368.6713 1.7600000000
195 370.5810 1.7600000000
196 372.4928 1.7600000000
197 374.4029 1.7600000000
198 376.3137 1.7600000000
199 378.2231 1.7500000000
200 380.1329 1.7500000000
