1 0.0000 0.1246166667
2 1.9155 0.0799666667
3 3.8245 0.0672166667
4 5.7344 0.0576500000
5 7.6509 0.0496333333
6 9.5607 0.0435833333
7 11.4688 0.0385666667
8 13.3772 0.0343333333
9 15.2865 0.0309666667
10 17.1974 0.0282166667
11 19.1064 0.0258000000
12 21.0148 0.0237333333
13 22.9244 0.0217500000
14 24.8339 0.0199166667
15 26.7424 0.0186000000
16 28.6516 0.0168833333
17 30.5629 0.0156666667
18 32.4761 0.0146000000
19 34.3877 0.0137333333
20 36.2982 0.0127666667
21 38.2098 0.0118166667
22 40.1218 0.0110833333
23 42.0320 0.0101833333
24 43.9453 0.0094500000
25 45.8561 0.0087333333
26 47.7786 0.0081666667
27 49.7144 0.0075000000
28 51.6442 0.0067000000
29 53.5534 0.0061500000
30 55.4632 0.0056500000
31 57.3731 0.0052500000
32 59.2821 0.0048333333
33 61.1914 0.0044500000
34 63.1017 0.0039000000
35 65.0114 0.0035166667
36 66.9200 0.0031833333
37 68.8317 0.0029000000
38 70.7413 0.0027000000
39 72.6509 0.0023666667
40 74.5625 0.0021500000
41 76.4743 0.0019333333
42 78.3870 0.0017666667
43 80.2978 0.0016500000
44 82.2090 0.0015333333
45 84.1187 0.0014166667
46 86.0291 0.0013333333
47 87.9393 0.0011333333
48 89.8485 0.0010000000
49 91.7588 0.0008666667
50 93.6683 0.0008166667
51 95.5761 0.0007000000
52 97.4854 0.0006333333
53 99.3937 0.0006166667
54 101.3032 0.0005833333
55 103.2127 0.0005333333
56 105.1221 0.0005166667
57 107.0311 0.0004666667
58 108.9422 0.0004500000
59 110.8528 0.0004000000
60 112.7633 0.0003666667
61 114.6718 0.0003500000
62 116.5816 0.0003166667
63 118.4917 0.0003000000
64 120.4032 0.0003000000
65 122.3128 0.0002833333
66 124.2228 0.0002833333
67 126.1327 0.0002833333
68 128.0418 0.0002833333
69 129.9517 0.0002833333
70 131.8628 0.0002666667
71 133.7724 0.0002666667
72 135.6814 0.0002333333
73 137.5917 0.0001833333
74 139.5028 0.0001666667
75 141.4124 0.0001666667
76 143.3233 0.0001500000
77 145.2335 0.0001333333
78 147.1437 0.0001333333
79 149.0530 0.0001333333
80 150.9632 0.0001166667
81 152.8730 0.0001000000
82 154.7835 0.0001000000
83 156.6928 0.0001000000
84 158.6022 0.0000833333
85 160.5126 0.0000666667
86 162.4227 0.0000666667
87 164.3324 0.0000666667
88 166.2427 0.0000500000
89 168.1519 0.0000500000
90 170.0618 0.0000500000
91 171.9713 0.0000333333
92 173.8810 0.0000333333
93 175.7911 0.0000333333
94 177.7008 0.0000333333
95 179.6106 0.0000333333
96 181.5209 0.0000333333
97 183.4314 0.0000333333
98 185.3416 0.0000333333
99 187.2511 0.0000333333
100 189.1611 0.0000333333
101 191.0705 0.0000333333
102 192.9798 0.0000333333
103 194.8900 0.0000166667
104 196.8000 0.0000166667
105 198.7107 0.0000166667
106 200.6202 0.0000166667
107 202.5297 0.0000166667
108 204.4397 0.0000166667
109 206.3492 0.0000166667
110 208.2595 0.0000166667
111 210.1694 0.0000166667
112 212.0808 0.0000166667
113 213.9912 0.0000166667
114 215.9014 0.0000166667
115 217.8117 0.0000166667
116 219.7211 0.0000166667
117 221.6312 0.0000166667
118 223.5411 0.0000000000
119 225.4504 0.0000000000
120 227.3598 0.0000000000
121 229.2718 0.0000000000
122 231.1826 0.0000000000
123 233.0917 0.0000000000
124 235.0007 0.0000000000
125 236.9103 0.0000000000
126 238.8207 0.0000000000
127 240.7310 0.0000000000
128 242.6405 0.0000000000
129 244.5506 0.0000000000
130 246.4608 0.0000000000
131 248.3714 0.0000000000
132 250.2811 0.0000000000
133 252.1914 0.0000000000
134 254.1014 0.0000000000
135 256.0105 0.0000000000
136 257.9198 0.0000000000
137 259.8289 0.0000000000
138 261.7368 0.0000000000
139 263.6462 0.0000000000
140 265.5546 0.0000000000
141 267.4641 0.0000000000
142 269.3739 0.0000000000
143 271.2837 0.0000000000
144 273.1932 0.0000000000
145 275.1037 0.0000000000
146 277.0128 0.0000000000
147 278.9221 0.0000000000
148 280.8319 0.0000000000
149 282.7417 0.0000000000
150 284.6500 0.0000000000
151 286.5591 0.0000000000
152 288.4684 0.0000000000
153 290.3767 0.0000000000
154 292.2858 0.0000000000
155 294.1951 0.0000000000
156 296.1051 0.0000000000
157 298.0147 0.0000000000
158 299.9241 0.0000000000
159 301.8327 0.0000000000
160 303.7427 0.0000000000
161 305.6536 0.0000000000
162 307.5641 0.0000000000
163 309.4740 0.0000000000
164 311.3845 0.0000000000
165 313.2951 0.0000000000
166 315.2044 0.0000000000
167 317.1148 0.0000000000
168 319.0231 0.0000000000
169 320.9321 0.0000000000
170 322.8414 0.0000000000
171 324.7510 0.0000000000
172 326.6594 0.0000000000
173 328.5681 0.0000000000
174 330.4782 0.0000000000
175 332.3875 0.0000000000
176 334.2976 0.0000000000
177 336.2079 0.0000000000
178 338.1210 0.0000000000
179 340.0313 0.0000000000
180 341.9403 0.0000000000
181 343.8504 0.0000000000
182 345.7602 0.0000000000
183 347.6699 0.0000000000
184 349.5784 0.0000000000
185 351.4871 0.0000000000
186 353.3981 0.0000000000
187 355.3075 0.0000000000
188 357.2166 0.0000000000
189 359.1259 0.0000000000
190 361.0355 0.0000000000
191 362.9444 0.0000000000
192 364.8538 0.0000000000
193 366.7635 0.0000000000
194 368.6713 0.0000000000
195 370.5810 0.0000000000
196 372.4928 0.0000000000
197 374.4029 0.0000000000
198 376.3137 0.0000000000
199 378.2231 0.0000000000
200 380.1329 0.0000000000
