1 0.0000 4.7600000000
2 1.9176 3.4900000000
3 3.8305 2.9000000000
4 5.7428 2.5700000000
5 7.6550 2.3700000000
6 9.5668 2.3100000000
7 11.4780 2.2100000000
8 13.3899 2.1800000000
9 15.2992 2.0700000000
10 17.2108 2.0500000000
11 19.1212 2.0400000000
12 21.0323 1.9900000000
13 22.9430 1.9300000000
14 24.8544 1.9100000000
15 26.7634 1.9300000000
16 28.6755 1.9300000000
17 30.5857 1.9100000000
18 32.4965 1.9000000000
19 34.4070 1.8600000000
20 36.3182 1.8300000000
21 38.2276 1.7900000000
22 40.1536 1.7500000000
23 42.0670 1.7300000000
24 43.9857 1.7000000000
25 45.8967 1.7100000000
26 47.8131 1.7200000000
27 49.7251 1.6900000000
28 51.6363 1.7100000000
29 53.5483 1.7100000000
30 55.4612 1.6800000000
31 57.3717 1.6700000000
32 59.2850 1.6800000000
33 61.1949 1.6800000000
34 63.1062 1.7000000000
35 65.0201 1.7100000000
36 66.9360 1.7000000000
37 68.8479 1.7000000000
38 70.7599 1.7000000000
39 72.6713 1.6800000000
40 74.5832 1.6800000000
41 76.4941 1.6900000000
42 78.4060 1.6800000000
43 80.3184 1.6900000000
44 82.2302 1.6900000000
45 84.1419 1.6900000000
46 86.0544 1.7000000000
47 87.9702 1.7000000000
48 89.8876 1.7200000000
49 91.7990 1.7200000000
50 93.7117 1.7200000000
51 95.6239 1.7300000000
52 97.5370 1.7300000000
53 99.4488 1.7300000000
54 101.3609 1.7300000000
55 103.2721 1.7300000000
56 105.1848 1.7200000000
57 107.0967 1.7200000000
58 109.0092 1.7300000000
59 110.9246 1.7300000000
60 112.8418 1.7400000000
61 114.7545 1.7400000000
62 116.6670 1.7400000000
63 118.5794 1.7300000000
64 120.4932 1.7400000000
65 122.4051 1.7300000000
66 124.3177 1.7300000000
67 126.2304 1.7300000000
68 128.1419 1.7300000000
69 130.0541 1.7300000000
70 131.9669 1.7300000000
71 133.8785 1.7400000000
72 135.7912 1.7400000000
73 137.7019 1.7400000000
74 139.6129 1.7400000000
75 141.5227 1.7500000000
76 143.4349 1.7500000000
77 145.3458 1.7500000000
78 147.2580 1.7500000000
79 149.1722 1.7500000000
80 151.0866 1.7600000000
81 153.0007 1.7500000000
82 154.9128 1.7500000000
83 156.8246 1.7400000000
84 158.7366 1.7500000000
85 160.6475 1.7400000000
86 162.5606 1.7500000000
87 164.4726 1.7400000000
88 166.3846 1.7400000000
89 168.2959 1.7400000000
90 170.2072 1.7500000000
91 172.1212 1.7400000000
92 174.0374 1.7400000000
93 175.9488 1.7500000000
94 177.8626 1.7500000000
95 179.7731 1.7500000000
96 181.6864 1.7600000000
97 183.5976 1.7600000000
98 185.5093 1.7600000000
99 187.4222 1.7500000000
100 189.3349 1.7500000000
101 191.2495 1.7500000000
102 193.1618 1.7500000000
103 195.0744 1.7500000000
104 196.9860 1.7500000000
105 198.8981 1.7500000000
106 200.8090 1.7500000000
107 202.7199 1.7500000000
108 204.6321 1.7500000000
109 206.5432 1.7500000000
110 208.4578 1.7500000000
111 210.3705 1.7500000000
112 212.2824 1.7500000000
113 214.1941 1.7500000000
114 216.1074 1.7500000000
115 218.0184 1.7500000000
116 219.9332 1.7500000000
117 221.8515 1.7500000000
118 223.7656 1.7500000000
119 225.6789 1.7500000000
120 227.5918 1.7600000000
121 229.5049 1.7600000000
122 231.4183 1.7600000000
123 233.3306 1.7600000000
124 235.2448 1.7600000000
125 237.1578 1.7600000000
126 239.0704 1.7600000000
127 240.9821 1.7600000000
128 242.8940 1.7500000000
129 244.8066 1.7500000000
130 246.7190 1.7500000000
131 248.6307 1.7500000000
132 250.5436 1.7500000000
133 252.4560 1.7500000000
134 254.3690 1.7500000000
135 256.2810 1.7500000000
136 258.1929 1.7500000000
137 260.1043 1.7500000000
138 262.0185 1.7500000000
139 263.9287 1.7500000000
140 265.8414 1.7500000000
141 267.7548 1.7500000000
142 269.6674 1.7500000000
143 271.5791 1.7500000000
144 273.4914 1.7500000000
145 275.4032 1.7500000000
146 277.3159 1.7500000000
147 279.2278 1.7500000000
148 281.1399 1.7500000000
149 283.0555 1.7500000000
150 284.9717 1.7500000000
151 286.8841 1.7400000000
152 288.7997 1.7500000000
153 290.7133 1.7500000000
154 292.6269 1.7500000000
155 294.5396 1.7600000000
156 296.4529 1.7600000000
157 298.3649 1.7600000000
158 300.2929 1.7600000000
159 302.2087 1.7600000000
160 304.1225 1.7600000000
161 306.0366 1.7600000000
162 307.9502 1.7600000000
163 309.8639 1.7600000000
164 311.7782 1.7600000000
165 313.6903 1.7600000000
166 315.6026 1.7600000000
167 317.5154 1.7600000000
168 319.4282 1.7600000000
169 321.3401 1.7600000000
170 323.2523 1.7600000000
171 325.1639 1.7600000000
172 327.0766 1.7600000000
173 328.9889 1.7600000000
174 330.9026 1.7600000000
175 332.8140 1.7600000000
176 334.7340 1.7600000000
177 336.6483 1.7600000000
178 338.5615 1.7600000000
179 340.4750 1.7600000000
180 342.3899 1.7600000000
181 344.3029 1.7600000000
182 346.2169 1.7600000000
183 348.1304 1.7600000000
184 350.0451 1.7500000000
185 351.9614 1.7600000000
186 353.8809 1.7600000000
187 355.7958 1.7500000000
188 357.7118 1.7500000000
189 359.6270 1.7400000000
190 361.5420 1.7400000000
191 363.4562 1.7400000000
192 365.3709 1.7400000000
193 367.2850 1.7400000000
194 369.1995 1.7400000000
195 371.1122 1.7400000000
196 373.0270 1.7400000000
197 374.9433 1.7400000000
198 376.8658 1.7300000000
199 378.7799 1.7400000000
200 380.6952 1.7300000000
