1 0.0000 0.0725666667
2 1.9176 0.0321666667
3 3.8305 0.0212666667
4 5.7428 0.0157166667
5 7.6550 0.0114166667
6 9.5668 0.0082500000
7 11.4780 0.0055500000
8 13.3899 0.0037166667
9 15.2992 0.0024500000
10 17.2108 0.0016666667
11 19.1212 0.0011333333
12 21.0323 0.0008500000
13 22.9430 0.0006333333
14 24.8544 0.0004000000
15 26.7634 0.0003000000
16 28.6755 0.0002000000
17 30.5857 0.0001166667
18 32.4965 0.0000666667
19 34.4070 0.0000666667
20 36.3182 0.0000166667
21 38.2276 0.0000166667
22 40.1536 0.0000166667
23 42.0670 0.0000166667
24 43.9857 0.0000166667
25 45.8967 0.0000166667
26 47.8131 0.0000000000
27 49.7251 0.0000000000
28 51.6363 0.0000000000
29 53.5483 0.0000000000
30 55.4612 0.0000000000
31 57.3717 0.0000000000
32 59.2850 0.0000000000
33 61.1949 0.0000000000
34 63.1062 0.0000000000
35 65.0201 0.0000000000
36 66.9360 0.0000000000
37 68.8479 0.0000000000
38 70.7599 0.0000000000
39 72.6713 0.0000000000
40 74.5832 0.0000000000
41 76.4941 0.0000000000
42 78.4060 0.0000000000
43 80.3184 0.0000000000
44 82.2302 0.0000000000
45 84.1419 0.0000000000
46 86.0544 0.0000000000
47 87.9702 0.0000000000
48 89.8876 0.0000000000
49 91.7990 0.0000000000
50 93.7117 0.0000000000
51 95.6239 0.0000000000
52 97.5370 0.0000000000
53 99.4488 0.0000000000
54 101.3609 0.0000000000
55 103.2721 0.0000000000
56 105.1848 0.0000000000
57 107.0967 0.0000000000
58 109.0092 0.0000000000
59 110.9246 0.0000000000
60 112.8418 0.0000000000
61 114.7545 0.0000000000
62 116.6670 0.0000000000
63 118.5794 0.0000000000
64 120.4932 0.0000000000
65 122.4051 0.0000000000
66 124.3177 0.0000000000
67 126.2304 0.0000000000
68 128.1419 0.0000000000
69 130.0541 0.0000000000
70 131.9669 0.0000000000
71 133.8785 0.0000000000
72 135.7912 0.0000000000
73 137.7019 0.0000000000
74 139.6129 0.0000000000
75 141.5227 0.0000000000
76 143.4349 0.0000000000
77 145.3458 0.0000000000
78 147.2580 0.0000000000
79 149.1722 0.0000000000
80 151.0866 0.0000000000
81 153.0007 0.0000000000
82 154.9128 0.0000000000
83 156.8246 0.0000000000
84 158.7366 0.0000000000
85 160.6475 0.0000000000
86 162.5606 0.0000000000
87 164.4726 0.0000000000
88 166.3846 0.0000000000
89 168.2959 0.0000000000
90 170.2072 0.0000000000
91 172.1212 0.0000000000
92 174.0374 0.0000000000
93 175.9488 0.0000000000
94 177.8626 0.0000000000
95 179.7731 0.0000000000
96 181.6864 0.0000000000
97 183.5976 0.0000000000
98 185.5093 0.0000000000
99 187.4222 0.0000000000
100 189.3349 0.0000000000
101 191.2495 0.0000000000
102 193.1618 0.0000000000
103 195.0744 0.0000000000
104 196.9860 0.0000000000
105 198.8981 0.0000000000
106 200.8090 0.0000000000
107 202.7199 0.0000000000
108 204.6321 0.0000000000
109 206.5432 0.0000000000
110 208.4578 0.0000000000
111 210.3705 0.0000000000
112 212.2824 0.0000000000
113 214.1941 0.0000000000
114 216.1074 0.0000000000
115 218.0184 0.0000000000
116 219.9332 0.0000000000
117 221.8515 0.0000000000
118 223.7656 0.0000000000
119 225.6789 0.0000000000
120 227.5918 0.0000000000
121 229.5049 0.0000000000
122 231.4183 0.0000000000
123 233.3306 0.0000000000
124 235.2448 0.0000000000
125 237.1578 0.0000000000
126 239.0704 0.0000000000
127 240.9821 0.0000000000
128 242.8940 0.0000000000
129 244.8066 0.0000000000
130 246.7190 0.0000000000
131 248.6307 0.0000000000
132 250.5436 0.0000000000
133 252.4560 0.0000000000
134 254.3690 0.0000000000
135 256.2810 0.0000000000
136 258.1929 0.0000000000
137 260.1043 0.0000000000
138 262.0185 0.0000000000
139 263.9287 0.0000000000
140 265.8414 0.0000000000
141 267.7548 0.0000000000
142 269.6674 0.0000000000
143 271.5791 0.0000000000
144 273.4914 0.0000000000
145 275.4032 0.0000000000
146 277.3159 0.0000000000
147 279.2278 0.0000000000
148 281.1399 0.0000000000
149 283.0555 0.0000000000
150 284.9717 0.0000000000
151 286.8841 0.0000000000
152 288.7997 0.0000000000
153 290.7133 0.0000000000
154 292.6269 0.0000000000
155 294.5396 0.0000000000
156 296.4529 0.0000000000
157 298.3649 0.0000000000
158 300.2929 0.0000000000
159 302.2087 0.0000000000
160 304.1225 0.0000000000
161 306.0366 0.0000000000
162 307.9502 0.0000000000
163 309.8639 0.0000000000
164 311.7782 0.0000000000
165 313.6903 0.0000000000
166 315.6026 0.0000000000
167 317.5154 0.0000000000
168 319.4282 0.0000000000
169 321.3401 0.0000000000
170 323.2523 0.0000000000
171 325.1639 0.0000000000
172 327.0766 0.0000000000
173 328.9889 0.0000000000
174 330.9026 0.0000000000
175 332.8140 0.0000000000
176 334.7340 0.0000000000
177 336.6483 0.0000000000
178 338.5615 0.0000000000
179 340.4750 0.0000000000
180 342.3899 0.0000000000
181 344.3029 0.0000000000
182 346.2169 0.0000000000
183 348.1304 0.0000000000
184 350.0451 0.0000000000
185 351.9614 0.0000000000
186 353.8809 0.0000000000
187 355.7958 0.0000000000
188 357.7118 0.0000000000
189 359.6270 0.0000000000
190 361.5420 0.0000000000
191 363.4562 0.0000000000
192 365.3709 0.0000000000
193 367.2850 0.0000000000
194 369.1995 0.0000000000
195 371.1122 0.0000000000
196 373.0270 0.0000000000
197 374.9433 0.0000000000
198 376.8658 0.0000000000
199 378.7799 0.0000000000
200 380.6952 0.0000000000
