1 0.0000 5.0500000000
2 1.9350 3.7700000000
3 3.8786 3.4000000000
4 5.8059 3.1800000000
5 7.7335 3.0800000000
6 9.6589 2.9600000000
7 11.5878 2.8700000000
8 13.5146 2.8900000000
9 15.4407 2.8600000000
10 17.3712 2.8200000000
11 19.3099 2.7600000000
12 21.2378 2.7600000000
13 23.1663 2.7400000000
14 25.0953 2.6900000000
15 27.0240 2.6700000000
16 28.9533 2.6700000000
17 30.8809 2.6500000000
18 32.8096 2.6100000000
19 34.7368 2.6200000000
20 36.6660 2.6300000000
21 38.6039 2.6300000000
22 40.5336 2.6500000000
23 42.4597 2.6200000000
24 44.3878 2.6200000000
25 46.3169 2.5900000000
26 48.2518 2.5800000000
27 50.1808 2.6200000000
28 52.1119 2.6200000000
29 54.0402 2.5900000000
30 55.9694 2.5900000000
31 57.8978 2.5900000000
32 59.8289 2.5800000000
33 61.7558 2.5700000000
34 63.6849 2.6200000000
35 65.6133 2.5900000000
36 67.5434 2.5900000000
37 69.4719 2.5900000000
38 71.4005 2.5500000000
39 73.3287 2.5700000000
40 75.2616 2.5800000000
41 77.1944 2.5900000000
42 79.1254 2.6000000000
43 81.0526 2.5900000000
44 82.9809 2.6000000000
45 84.9091 2.5800000000
46 86.8382 2.5900000000
47 88.7659 2.5800000000
48 90.6940 2.5800000000
49 92.6215 2.5800000000
50 94.5488 2.5700000000
51 96.4765 2.6000000000
52 98.4041 2.6000000000
53 100.3336 2.6000000000
54 102.2622 2.5900000000
55 104.1930 2.5700000000
56 106.1276 2.6000000000
57 108.0585 2.5900000000
58 110.0088 2.5700000000
59 111.9378 2.6200000000
60 113.8670 2.6100000000
61 115.7947 2.5800000000
62 117.7296 2.6100000000
63 119.6589 2.6100000000
64 121.5877 2.6100000000
65 123.5146 2.5900000000
66 125.4419 2.5900000000
67 127.3705 2.6000000000
68 129.2973 2.5800000000
69 131.2250 2.6000000000
70 133.1532 2.6000000000
71 135.0806 2.5900000000
72 137.0094 2.6300000000
73 138.9378 2.6200000000
74 140.8665 2.5900000000
75 142.7937 2.6000000000
76 144.7269 2.6000000000
77 146.6539 2.5800000000
78 148.5816 2.5900000000
79 150.5097 2.5800000000
80 152.4375 2.5800000000
81 154.3657 2.5700000000
82 156.2943 2.5800000000
83 158.2215 2.5800000000
84 160.1510 2.5700000000
85 162.0798 2.5700000000
86 164.0079 2.5800000000
87 165.9362 2.5600000000
88 167.8658 2.5800000000
89 169.7931 2.5800000000
90 171.7205 2.5600000000
91 173.6475 2.5600000000
92 175.5763 2.5700000000
93 177.5037 2.5700000000
94 179.4309 2.6000000000
95 181.3585 2.5400000000
96 183.2866 2.5400000000
97 185.2140 2.5500000000
98 187.1426 2.5700000000
99 189.0694 2.5600000000
100 190.9965 2.5500000000
101 192.9243 2.5500000000
102 194.8527 2.5400000000
103 196.7792 2.5500000000
104 198.7085 2.5200000000
105 200.6363 2.5400000000
106 202.5648 2.5500000000
107 204.4936 2.5500000000
108 206.4217 2.5700000000
109 208.3492 2.5400000000
110 210.2776 2.5900000000
111 212.2076 2.5300000000
112 214.1405 2.5900000000
113 216.0702 2.5800000000
114 217.9999 2.5600000000
115 219.9302 2.5500000000
116 221.8604 2.5900000000
117 223.7902 2.5700000000
118 225.7201 2.6300000000
119 227.6501 2.5800000000
120 229.5838 2.5900000000
121 231.5136 2.5800000000
122 233.4432 2.6100000000
123 235.3702 2.5900000000
124 237.3002 2.6000000000
125 239.2325 2.5800000000
126 241.1702 2.6300000000
127 243.0985 2.6100000000
128 245.0282 2.6000000000
129 246.9574 2.6000000000
130 248.8874 2.6000000000
131 250.8166 2.6200000000
132 252.7462 2.6100000000
133 254.6745 2.5800000000
134 256.6047 2.6200000000
135 258.5355 2.6100000000
136 260.4644 2.6000000000
137 262.3929 2.5600000000
138 264.3215 2.6100000000
139 266.2525 2.5800000000
140 268.1823 2.6100000000
141 270.1097 2.5700000000
142 272.0390 2.5800000000
143 273.9677 2.5500000000
144 275.8969 2.5800000000
145 277.8245 2.6000000000
146 279.7562 2.5600000000
147 281.6957 2.5900000000
148 283.6269 2.5700000000
149 285.5547 2.5400000000
150 287.4848 2.5400000000
151 289.4137 2.5400000000
152 291.3461 2.5300000000
153 293.2778 2.5600000000
154 295.2078 2.5300000000
155 297.1372 2.5400000000
156 299.0685 2.5400000000
157 300.9963 2.5500000000
158 302.9259 2.5300000000
159 304.8549 2.5300000000
160 306.7834 2.5300000000
161 308.7103 2.5300000000
162 310.6390 2.5200000000
163 312.5669 2.5300000000
164 314.4962 2.5100000000
165 316.4247 2.5200000000
166 318.3547 2.4900000000
167 320.2835 2.5000000000
168 322.2124 2.5200000000
169 324.1415 2.5000000000
170 326.0692 2.5000000000
171 327.9965 2.5700000000
172 329.9272 2.5100000000
173 331.8573 2.5200000000
174 333.7872 2.5500000000
175 335.7155 2.5100000000
176 337.6435 2.5000000000
177 339.5728 2.5200000000
178 341.5020 2.5100000000
179 343.4302 2.5400000000
180 345.3595 2.5200000000
181 347.2910 2.5400000000
182 349.2240 2.5200000000
183 351.1779 2.5300000000
184 353.1103 2.5300000000
185 355.0392 2.5600000000
186 356.9679 2.5500000000
187 358.8998 2.5500000000
188 360.8276 2.5400000000
189 362.7562 2.5400000000
190 364.6839 2.5500000000
191 366.6129 2.5700000000
192 368.5416 2.5600000000
193 370.4700 2.5400000000
194 372.3982 2.5700000000
195 374.3268 2.5200000000
196 376.2560 2.5500000000
197 378.1838 2.5200000000
198 380.1127 2.5500000000
199 382.0401 2.5200000000
200 383.9689 2.5200000000
