1 0.0000 0.0710333333
2 1.9350 0.0345666667
3 3.8786 0.0264500000
4 5.8059 0.0228833333
5 7.7335 0.0207000000
6 9.6589 0.0191833333
7 11.5878 0.0181333333
8 13.5146 0.0177166667
9 15.4407 0.0170500000
10 17.3712 0.0165833333
11 19.3099 0.0162666667
12 21.2378 0.0161000000
13 23.1663 0.0158833333
14 25.0953 0.0156333333
15 27.0240 0.0154666667
16 28.9533 0.0152000000
17 30.8809 0.0151166667
18 32.8096 0.0151500000
19 34.7368 0.0150666667
20 36.6660 0.0149166667
21 38.6039 0.0148500000
22 40.5336 0.0148166667
23 42.4597 0.0146000000
24 44.3878 0.0145500000
25 46.3169 0.0146000000
26 48.2518 0.0145166667
27 50.1808 0.0144166667
28 52.1119 0.0143333333
29 54.0402 0.0142833333
30 55.9694 0.0143166667
31 57.8978 0.0142666667
32 59.8289 0.0142333333
33 61.7558 0.0143166667
34 63.6849 0.0141666667
35 65.6133 0.0142166667
36 67.5434 0.0141333333
37 69.4719 0.0141500000
38 71.4005 0.0140833333
39 73.3287 0.0140833333
40 75.2616 0.0140666667
41 77.1944 0.0139833333
42 79.1254 0.0140166667
43 81.0526 0.0139333333
44 82.9809 0.0139333333
45 84.9091 0.0139333333
46 86.8382 0.0138666667
47 88.7659 0.0137833333
48 90.6940 0.0138500000
49 92.6215 0.0138000000
50 94.5488 0.0138333333
51 96.4765 0.0138500000
52 98.4041 0.0138333333
53 100.3336 0.0137833333
54 102.2622 0.0137833333
55 104.1930 0.0138166667
56 106.1276 0.0135833333
57 108.0585 0.0139000000
58 110.0088 0.0137500000
59 111.9378 0.0137666667
60 113.8670 0.0136833333
61 115.7947 0.0136333333
62 117.7296 0.0137333333
63 119.6589 0.0136666667
64 121.5877 0.0136833333
65 123.5146 0.0136500000
66 125.4419 0.0136333333
67 127.3705 0.0135833333
68 129.2973 0.0135166667
69 131.2250 0.0136333333
70 133.1532 0.0135333333
71 135.0806 0.0133833333
72 137.0094 0.0136333333
73 138.9378 0.0134666667
74 140.8665 0.0135166667
75 142.7937 0.0134833333
76 144.7269 0.0135166667
77 146.6539 0.0135166667
78 148.5816 0.0135166667
79 150.5097 0.0134333333
80 152.4375 0.0134166667
81 154.3657 0.0135666667
82 156.2943 0.0133833333
83 158.2215 0.0134000000
84 160.1510 0.0134333333
85 162.0798 0.0134500000
86 164.0079 0.0133666667
87 165.9362 0.0133500000
88 167.8658 0.0133000000
89 169.7931 0.0134000000
90 171.7205 0.0135166667
91 173.6475 0.0133833333
92 175.5763 0.0133166667
93 177.5037 0.0134000000
94 179.4309 0.0133333333
95 181.3585 0.0134000000
96 183.2866 0.0134333333
97 185.2140 0.0133333333
98 187.1426 0.0133666667
99 189.0694 0.0133666667
100 190.9965 0.0133166667
101 192.9243 0.0134500000
102 194.8527 0.0132333333
103 196.7792 0.0132666667
104 198.7085 0.0133333333
105 200.6363 0.0132833333
106 202.5648 0.0133000000
107 204.4936 0.0132833333
108 206.4217 0.0133833333
109 208.3492 0.0132000000
110 210.2776 0.0132666667
111 212.2076 0.0133833333
112 214.1405 0.0133333333
113 216.0702 0.0132166667
114 217.9999 0.0132833333
115 219.9302 0.0132500000
116 221.8604 0.0133166667
117 223.7902 0.0132500000
118 225.7201 0.0131666667
119 227.6501 0.0132500000
120 229.5838 0.0132333333
121 231.5136 0.0131833333
122 233.4432 0.0133166667
123 235.3702 0.0131833333
124 237.3002 0.0131333333
125 239.2325 0.0132166667
126 241.1702 0.0132166667
127 243.0985 0.0132166667
128 245.0282 0.0132166667
129 246.9574 0.0132000000
130 248.8874 0.0131666667
131 250.8166 0.0131500000
132 252.7462 0.0131500000
133 254.6745 0.0130833333
134 256.6047 0.0131666667
135 258.5355 0.0131833333
136 260.4644 0.0132333333
137 262.3929 0.0130333333
138 264.3215 0.0131000000
139 266.2525 0.0131666667
140 268.1823 0.0130333333
141 270.1097 0.0131333333
142 272.0390 0.0131333333
143 273.9677 0.0131000000
144 275.8969 0.0131833333
145 277.8245 0.0131333333
146 279.7562 0.0131000000
147 281.6957 0.0131500000
148 283.6269 0.0131333333
149 285.5547 0.0131000000
150 287.4848 0.0131500000
151 289.4137 0.0131500000
152 291.3461 0.0132000000
153 293.2778 0.0132166667
154 295.2078 0.0131333333
155 297.1372 0.0131666667
156 299.0685 0.0131166667
157 300.9963 0.0132166667
158 302.9259 0.0131833333
159 304.8549 0.0131833333
160 306.7834 0.0132000000
161 308.7103 0.0131333333
162 310.6390 0.0131000000
163 312.5669 0.0131166667
164 314.4962 0.0132333333
165 316.4247 0.0131500000
166 318.3547 0.0131833333
167 320.2835 0.0132166667
168 322.2124 0.0131500000
169 324.1415 0.0132833333
170 326.0692 0.0131333333
171 327.9965 0.0131833333
172 329.9272 0.0132333333
173 331.8573 0.0131833333
174 333.7872 0.0131500000
175 335.7155 0.0131000000
176 337.6435 0.0132166667
177 339.5728 0.0131666667
178 341.5020 0.0132500000
179 343.4302 0.0131333333
180 345.3595 0.0131000000
181 347.2910 0.0131000000
182 349.2240 0.0131833333
183 351.1779 0.0132000000
184 353.1103 0.0132166667
185 355.0392 0.0132500000
186 356.9679 0.0132000000
187 358.8998 0.0131666667
188 360.8276 0.0131666667
189 362.7562 0.0131500000
190 364.6839 0.0131833333
191 366.6129 0.0132166667
192 368.5416 0.0132833333
193 370.4700 0.0131666667
194 372.3982 0.0132333333
195 374.3268 0.0132666667
196 376.2560 0.0131833333
197 378.1838 0.0131666667
198 380.1127 0.0132500000
199 382.0401 0.0131500000
200 383.9689 0.0132000000
