1 0.0000 4.9200000000
2 4.1377 3.3900000000
3 8.2109 3.0000000000
4 12.2830 2.5200000000
5 16.3530 2.2800000000
6 20.4505 2.1600000000
7 24.5197 2.1100000000
8 28.5910 2.1400000000
9 32.6609 2.0500000000
10 36.7304 1.9300000000
11 40.7987 1.7400000000
12 44.8699 1.8400000000
13 48.9390 1.8000000000
14 53.0088 1.8000000000
15 57.0783 1.8100000000
16 61.1479 1.6400000000
17 65.2160 1.6700000000
18 69.2847 1.6700000000
19 73.3548 1.6100000000
20 77.4260 1.5400000000
21 81.4937 1.5500000000
22 85.5620 1.5200000000
23 89.6307 1.5400000000
24 93.6991 1.4800000000
25 97.7665 1.5700000000
26 101.8358 1.4100000000
27 105.9053 1.5500000000
28 109.9735 1.5100000000
29 114.0423 1.4000000000
30 118.1111 1.5100000000
31 122.1781 1.3600000000
32 126.2470 1.4500000000
33 130.3136 1.4400000000
34 134.3814 1.4600000000
35 138.4500 1.5200000000
36 142.5186 1.4000000000
37 146.5877 1.3400000000
38 150.6568 1.4000000000
39 154.7242 1.3200000000
40 158.7931 1.2300000000
41 162.8609 1.4600000000
42 166.9290 1.3100000000
43 170.9986 1.3300000000
44 175.0695 1.3100000000
45 179.1380 1.2400000000
46 183.2064 1.3200000000
47 187.2741 1.3100000000
48 191.3415 1.3600000000
49 195.4084 1.3800000000
50 199.4785 1.2900000000
51 203.5465 1.2300000000
52 207.6157 1.2500000000
53 211.6837 1.2800000000
54 215.7537 1.2600000000
55 219.8218 1.3400000000
56 223.8905 1.3100000000
57 227.9585 1.3400000000
58 232.0293 1.3800000000
59 236.0968 1.3200000000
60 240.1654 1.2500000000
61 244.2343 1.2900000000
62 248.3074 1.3800000000
63 252.3843 1.2700000000
64 256.4563 1.2700000000
65 260.5264 1.2400000000
66 264.5994 1.2800000000
67 268.6701 1.3200000000
68 272.7411 1.2000000000
69 276.8123 1.2600000000
70 280.8836 1.2700000000
71 284.9558 1.2200000000
72 289.0295 1.3800000000
73 293.1099 1.3000000000
74 297.1830 1.3400000000
75 301.2548 1.2400000000
76 305.3281 1.1900000000
77 309.4048 1.4200000000
78 313.4755 1.2100000000
79 317.5475 1.1900000000
80 321.6181 1.2900000000
81 325.6898 1.2100000000
82 329.7616 1.2900000000
83 333.8399 1.3300000000
84 337.9121 1.2500000000
85 341.9834 1.1300000000
86 346.0540 1.3000000000
87 350.1242 1.2400000000
88 354.1959 1.2500000000
89 358.2668 1.2400000000
90 362.3393 1.3400000000
91 366.4107 1.1500000000
92 370.4887 1.2600000000
93 374.5633 1.3500000000
94 378.6407 1.2500000000
95 382.7183 1.2400000000
96 386.7957 1.2500000000
97 390.8680 1.1700000000
98 394.9411 1.2200000000
99 399.0128 1.2500000000
100 403.0836 1.2300000000
101 407.1776 1.1600000000
102 411.2507 1.2900000000
103 415.3210 1.1900000000
104 419.3924 1.1900000000
105 423.4647 1.1800000000
106 427.5362 1.2600000000
107 431.6063 1.2200000000
108 435.6776 1.1900000000
109 439.7475 1.1600000000
110 443.8201 1.1400000000
111 447.8902 1.2200000000
112 451.9631 1.1400000000
113 456.0329 1.1200000000
114 460.1036 1.2000000000
115 464.1730 1.1900000000
116 468.2429 1.2400000000
117 472.3166 1.2600000000
118 476.3942 1.2300000000
119 480.4682 1.2300000000
120 484.5401 1.2800000000
121 488.6135 1.3300000000
122 492.6857 1.2900000000
123 496.7567 1.2500000000
124 500.8298 1.1700000000
125 504.9014 1.1400000000
126 508.9782 1.1900000000
127 513.1223 1.2000000000
128 517.1939 1.2700000000
129 521.2652 1.2200000000
130 525.3379 1.2000000000
131 529.4077 1.1900000000
132 533.4637 1.1700000000
133 537.5161 1.1200000000
134 541.5695 1.1100000000
135 545.6214 1.1800000000
136 549.6739 1.2000000000
137 553.7261 1.3000000000
138 557.7786 1.1900000000
139 561.8315 1.1800000000
140 565.8835 1.1300000000
141 569.9382 1.3300000000
142 573.9918 1.2900000000
143 578.0490 1.1000000000
144 582.1072 1.2100000000
145 586.1734 1.1900000000
146 590.2281 1.1600000000
147 594.2810 1.2200000000
148 598.3349 1.2400000000
149 602.3883 1.2600000000
150 606.4414 1.0900000000
151 610.4934 1.1700000000
152 614.5464 1.1600000000
153 618.6026 1.2300000000
154 622.6690 1.2100000000
155 626.7249 1.2700000000
156 630.7794 1.2000000000
157 634.8341 1.3000000000
158 638.8879 1.2800000000
159 642.9453 1.0500000000
160 647.0018 1.0400000000
161 651.0566 1.1000000000
162 655.1105 1.1800000000
163 659.1682 1.1400000000
164 663.2278 1.1900000000
165 667.2832 1.1400000000
166 671.3393 1.2100000000
167 675.3952 1.1800000000
168 679.4501 1.2600000000
169 683.5052 1.2500000000
170 687.5607 1.2200000000
171 691.6154 1.2700000000
172 695.6772 1.2600000000
173 699.7315 1.2900000000
174 703.7864 1.1300000000
175 707.8405 1.1900000000
176 711.8965 1.2900000000
177 715.9507 1.2800000000
178 720.0057 1.1800000000
179 724.0588 1.2000000000
180 728.1149 1.1800000000
181 732.1689 1.2800000000
182 736.2230 1.1200000000
183 740.2762 1.1700000000
184 744.3308 1.1700000000
185 748.3843 1.2100000000
186 752.4386 1.1500000000
187 756.4931 1.1500000000
188 760.5489 1.1000000000
189 764.6138 1.0900000000
190 768.6979 1.2000000000
191 772.7542 1.1700000000
192 776.8082 1.1400000000
193 780.8630 1.2200000000
194 784.9166 1.2500000000
195 788.9699 1.2400000000
196 793.0234 1.1900000000
197 797.0761 1.1800000000
198 801.1311 1.1600000000
199 805.1872 1.1200000000
200 809.2521 1.1800000000
