1 0.0000 0.0733500000
2 4.1377 0.0343666667
3 8.2109 0.0247833333
4 12.2830 0.0201000000
5 16.3530 0.0163500000
6 20.4505 0.0143500000
7 24.5197 0.0123333333
8 28.5910 0.0107833333
9 32.6609 0.0094500000
10 36.7304 0.0087000000
11 40.7987 0.0072000000
12 44.8699 0.0064166667
13 48.9390 0.0058000000
14 53.0088 0.0052000000
15 57.0783 0.0046333333
16 61.1479 0.0041500000
17 65.2160 0.0037333333
18 69.2847 0.0033666667
19 73.3548 0.0028833333
20 77.4260 0.0030500000
21 81.4937 0.0027333333
22 85.5620 0.0025000000
23 89.6307 0.0023333333
24 93.6991 0.0021500000
25 97.7665 0.0016833333
26 101.8358 0.0017000000
27 105.9053 0.0017500000
28 109.9735 0.0014000000
29 114.0423 0.0014333333
30 118.1111 0.0012500000
31 122.1781 0.0011333333
32 126.2470 0.0010666667
33 130.3136 0.0009833333
34 134.3814 0.0009333333
35 138.4500 0.0009666667
36 142.5186 0.0009000000
37 146.5877 0.0007166667
38 150.6568 0.0006666667
39 154.7242 0.0007333333
40 158.7931 0.0006833333
41 162.8609 0.0005333333
42 166.9290 0.0006500000
43 170.9986 0.0006500000
44 175.0695 0.0004666667
45 179.1380 0.0004500000
46 183.2064 0.0005000000
47 187.2741 0.0004166667
48 191.3415 0.0003833333
49 195.4084 0.0004000000
50 199.4785 0.0003000000
51 203.5465 0.0003333333
52 207.6157 0.0003500000
53 211.6837 0.0002000000
54 215.7537 0.0003500000
55 219.8218 0.0003166667
56 223.8905 0.0001833333
57 227.9585 0.0002500000
58 232.0293 0.0002666667
59 236.0968 0.0001333333
60 240.1654 0.0002666667
61 244.2343 0.0001333333
62 248.3074 0.0002000000
63 252.3843 0.0003000000
64 256.4563 0.0003333333
65 260.5264 0.0002666667
66 264.5994 0.0001000000
67 268.6701 0.0002333333
68 272.7411 0.0001000000
69 276.8123 0.0001500000
70 280.8836 0.0001666667
71 284.9558 0.0001833333
72 289.0295 0.0000333333
73 293.1099 0.0001666667
74 297.1830 0.0001000000
75 301.2548 0.0001333333
76 305.3281 0.0000500000
77 309.4048 0.0000166667
78 313.4755 0.0000333333
79 317.5475 0.0001000000
80 321.6181 0.0000500000
81 325.6898 0.0000666667
82 329.7616 0.0001000000
83 333.8399 0.0000500000
84 337.9121 0.0000833333
85 341.9834 0.0001000000
86 346.0540 0.0000666667
87 350.1242 0.0000833333
88 354.1959 0.0000666667
89 358.2668 0.0001000000
90 362.3393 0.0000166667
91 366.4107 0.0000500000
92 370.4887 0.0000666667
93 374.5633 0.0000333333
94 378.6407 0.0000333333
95 382.7183 0.0000333333
96 386.7957 0.0000166667
97 390.8680 0.0000333333
98 394.9411 0.0000833333
99 399.0128 0.0000333333
100 403.0836 0.0000333333
101 407.1776 0.0000333333
102 411.2507 0.0000833333
103 415.3210 0.0000333333
104 419.3924 0.0000500000
105 423.4647 0.0000333333
106 427.5362 0.0000500000
107 431.6063 0.0000000000
108 435.6776 0.0000166667
109 439.7475 0.0000333333
110 443.8201 0.0000333333
111 447.8902 0.0000333333
112 451.9631 0.0000166667
113 456.0329 0.0000833333
114 460.1036 0.0000333333
115 464.1730 0.0000333333
116 468.2429 0.0000333333
117 472.3166 0.0000500000
118 476.3942 0.0000500000
119 480.4682 0.0000000000
120 484.5401 0.0000500000
121 488.6135 0.0000166667
122 492.6857 0.0000000000
123 496.7567 0.0000166667
124 500.8298 0.0000333333
125 504.9014 0.0000166667
126 508.9782 0.0000166667
127 513.1223 0.0000833333
128 517.1939 0.0000000000
129 521.2652 0.0000000000
130 525.3379 0.0000166667
131 529.4077 0.0000000000
132 533.4637 0.0000166667
133 537.5161 0.0000500000
134 541.5695 0.0000000000
135 545.6214 0.0000166667
136 549.6739 0.0000166667
137 553.7261 0.0000500000
138 557.7786 0.0000166667
139 561.8315 0.0000000000
140 565.8835 0.0000000000
141 569.9382 0.0000000000
142 573.9918 0.0000000000
143 578.0490 0.0000000000
144 582.1072 0.0000000000
145 586.1734 0.0000000000
146 590.2281 0.0000000000
147 594.2810 0.0000000000
148 598.3349 0.0000000000
149 602.3883 0.0000000000
150 606.4414 0.0000000000
151 610.4934 0.0000000000
152 614.5464 0.0000000000
153 618.6026 0.0000000000
154 622.6690 0.0000000000
155 626.7249 0.0000000000
156 630.7794 0.0000333333
157 634.8341 0.0000333333
158 638.8879 0.0000000000
159 642.9453 0.0000000000
160 647.0018 0.0000000000
161 651.0566 0.0000000000
162 655.1105 0.0000000000
163 659.1682 0.0000000000
164 663.2278 0.0000000000
165 667.2832 0.0000000000
166 671.3393 0.0000166667
167 675.3952 0.0000000000
168 679.4501 0.0000000000
169 683.5052 0.0000166667
170 687.5607 0.0000000000
171 691.6154 0.0000000000
172 695.6772 0.0000000000
173 699.7315 0.0000000000
174 703.7864 0.0000166667
175 707.8405 0.0000000000
176 711.8965 0.0000000000
177 715.9507 0.0000000000
178 720.0057 0.0000166667
179 724.0588 0.0000000000
180 728.1149 0.0000000000
181 732.1689 0.0000000000
182 736.2230 0.0000000000
183 740.2762 0.0000000000
184 744.3308 0.0000000000
185 748.3843 0.0000000000
186 752.4386 0.0000333333
187 756.4931 0.0000000000
188 760.5489 0.0000000000
189 764.6138 0.0000000000
190 768.6979 0.0000000000
191 772.7542 0.0000166667
192 776.8082 0.0000333333
193 780.8630 0.0000000000
194 784.9166 0.0000000000
195 788.9699 0.0000166667
196 793.0234 0.0000166667
197 797.0761 0.0000000000
198 801.1311 0.0000000000
199 805.1872 0.0000000000
200 809.2521 0.0000166667
