1 0.0000 4.5300000000
2 4.2401 3.2800000000
3 8.3415 2.7600000000
4 12.4229 2.5400000000
5 16.4995 2.2500000000
6 20.5800 2.1800000000
7 24.6579 2.0800000000
8 28.7343 1.9100000000
9 32.8145 1.9000000000
10 36.8953 1.8100000000
11 40.9702 1.8600000000
12 45.0524 1.7400000000
13 49.1273 1.6500000000
14 53.2025 1.6100000000
15 57.2789 1.6700000000
16 61.3561 1.6000000000
17 65.4327 1.5800000000
18 69.5063 1.6400000000
19 73.5810 1.6000000000
20 77.6551 1.5400000000
21 81.7290 1.4900000000
22 85.8042 1.5800000000
23 89.8799 1.5400000000
24 93.9568 1.3300000000
25 98.0338 1.4800000000
26 102.1088 1.4900000000
27 106.1830 1.4700000000
28 110.2579 1.4500000000
29 114.3482 1.5200000000
30 118.4233 1.4800000000
31 122.4991 1.4000000000
32 126.5732 1.4000000000
33 130.6462 1.4200000000
34 134.7210 1.4200000000
35 138.7945 1.3800000000
36 142.8683 1.3100000000
37 146.9426 1.4200000000
38 151.0177 1.4300000000
39 155.0949 1.3100000000
40 159.1750 1.4500000000
41 163.2484 1.3200000000
42 167.3225 1.3900000000
43 171.3961 1.3700000000
44 175.4699 1.3500000000
45 179.5429 1.3400000000
46 183.6183 1.3400000000
47 187.7178 1.3300000000
48 191.7930 1.4400000000
49 195.8729 1.3400000000
50 199.9465 1.2800000000
51 204.0236 1.3900000000
52 208.1099 1.2500000000
53 212.1856 1.2800000000
54 216.2631 1.3100000000
55 220.3420 1.2300000000
56 224.4201 1.3000000000
57 228.4958 1.2700000000
58 232.5728 1.2700000000
59 236.6481 1.3700000000
60 240.7247 1.2700000000
61 244.8021 1.2100000000
62 248.8797 1.3200000000
63 252.9555 1.2700000000
64 257.0308 1.2800000000
65 261.1070 1.2900000000
66 265.1822 1.3000000000
67 269.2572 1.2700000000
68 273.3320 1.2600000000
69 277.4088 1.2700000000
70 281.4852 1.2600000000
71 285.5608 1.2000000000
72 289.6372 1.1800000000
73 293.7151 1.2300000000
74 297.7901 1.2100000000
75 301.8663 1.1600000000
76 305.9431 1.1700000000
77 310.0216 1.2500000000
78 314.1004 1.2600000000
79 318.1776 1.2200000000
80 322.2534 1.2400000000
81 326.3305 1.2100000000
82 330.4083 1.1900000000
83 334.4855 1.3300000000
84 338.5614 1.2400000000
85 342.6380 1.2400000000
86 346.7150 1.2800000000
87 350.7905 1.1800000000
88 354.8664 1.2400000000
89 358.9444 1.2100000000
90 363.0219 1.2300000000
91 367.0991 1.1900000000
92 371.1782 1.2900000000
93 375.2578 1.2400000000
94 379.3355 1.3100000000
95 383.4123 1.2900000000
96 387.4889 1.1400000000
97 391.5657 1.2500000000
98 395.6443 1.1800000000
99 399.7208 1.1200000000
100 403.8000 1.2400000000
101 407.8788 1.1900000000
102 411.9573 1.1900000000
103 416.0348 1.2200000000
104 420.1125 1.1200000000
105 424.1901 1.1900000000
106 428.2682 1.2300000000
107 432.3455 1.1400000000
108 436.4221 1.2300000000
109 440.5001 1.1200000000
110 444.5801 1.2600000000
111 448.6578 1.1900000000
112 452.7357 1.1500000000
113 456.8134 1.2500000000
114 460.8899 1.2000000000
115 464.9661 1.2600000000
116 469.0457 1.1700000000
117 473.1225 1.1900000000
118 477.2001 1.2200000000
119 481.2777 1.1800000000
120 485.3562 1.1200000000
121 489.4333 1.2000000000
122 493.5113 1.1800000000
123 497.5891 1.2500000000
124 501.6668 1.2000000000
125 505.7445 1.0900000000
126 509.8231 1.2700000000
127 513.9008 1.1900000000
128 517.9780 1.1100000000
129 522.0539 1.1900000000
130 526.1320 1.1500000000
131 530.2079 1.2000000000
132 534.2854 1.2600000000
133 538.3638 1.1000000000
134 542.4427 1.1800000000
135 546.5198 1.1600000000
136 550.5992 1.2300000000
137 554.6779 1.1400000000
138 558.7553 1.1900000000
139 562.8334 1.2100000000
140 566.9114 1.1900000000
141 570.9886 1.1800000000
142 575.0657 1.2300000000
143 579.1439 1.1800000000
144 583.2208 1.1400000000
145 587.2979 1.2000000000
146 591.3753 1.1800000000
147 595.4532 1.2600000000
148 599.5307 1.2100000000
149 603.6084 1.2500000000
150 607.6872 1.1700000000
151 611.7651 1.1400000000
152 615.8430 1.2300000000
153 619.9201 1.2000000000
154 623.9992 1.1700000000
155 628.0778 1.1600000000
156 632.1554 1.2200000000
157 636.2335 1.2900000000
158 640.3108 1.2500000000
159 644.3877 1.1900000000
160 648.4647 1.1900000000
161 652.5421 1.2500000000
162 656.6209 1.2400000000
163 660.7002 1.1900000000
164 664.7792 1.2100000000
165 668.8562 1.2100000000
166 672.9345 1.2000000000
167 677.0122 1.1500000000
168 681.0892 1.1100000000
169 685.1669 1.2100000000
170 689.2459 1.1900000000
171 693.3248 1.1600000000
172 697.4036 1.2300000000
173 701.4698 1.1500000000
174 705.5308 1.2100000000
175 709.5922 1.1700000000
176 713.6521 1.1900000000
177 717.7126 1.2000000000
178 721.7761 1.0700000000
179 725.8382 1.2000000000
180 729.8978 1.2200000000
181 733.9594 1.1600000000
182 738.0199 1.2800000000
183 742.0795 1.1500000000
184 746.1412 1.2100000000
185 750.2003 1.2300000000
186 754.2617 1.1900000000
187 758.3254 1.2000000000
188 762.3852 1.1700000000
189 766.4453 1.1500000000
190 770.5062 1.2100000000
191 774.5681 1.1700000000
192 778.6297 1.1800000000
193 782.6905 1.1900000000
194 786.7504 1.2000000000
195 790.8102 1.2500000000
196 794.8707 1.2100000000
197 798.9317 1.1800000000
198 802.9919 1.1400000000
199 807.0513 1.1600000000
200 811.1120 1.0800000000
