1 0.0000 0.0732333333
2 4.2401 0.0337166667
3 8.3415 0.0246166667
4 12.4229 0.0195000000
5 16.4995 0.0161166667
6 20.5800 0.0140000000
7 24.6579 0.0119500000
8 28.7343 0.0105000000
9 32.8145 0.0093500000
10 36.8953 0.0079333333
11 40.9702 0.0071500000
12 45.0524 0.0059333333
13 49.1273 0.0057666667
14 53.2025 0.0053666667
15 57.2789 0.0046666667
16 61.3561 0.0041333333
17 65.4327 0.0037666667
18 69.5063 0.0035000000
19 73.5810 0.0031500000
20 77.6551 0.0029333333
21 81.7290 0.0028000000
22 85.8042 0.0022500000
23 89.8799 0.0020833333
24 93.9568 0.0019166667
25 98.0338 0.0019666667
26 102.1088 0.0015833333
27 106.1830 0.0014166667
28 110.2579 0.0015000000
29 114.3482 0.0011166667
30 118.4233 0.0011833333
31 122.4991 0.0010666667
32 126.5732 0.0009333333
33 130.6462 0.0009166667
34 134.7210 0.0010833333
35 138.7945 0.0009333333
36 142.8683 0.0009833333
37 146.9426 0.0009666667
38 151.0177 0.0009500000
39 155.0949 0.0007000000
40 159.1750 0.0005500000
41 163.2484 0.0006166667
42 167.3225 0.0005500000
43 171.3961 0.0006000000
44 175.4699 0.0005166667
45 179.5429 0.0005000000
46 183.6183 0.0004666667
47 187.7178 0.0005000000
48 191.7930 0.0004833333
49 195.8729 0.0004000000
50 199.9465 0.0003666667
51 204.0236 0.0004166667
52 208.1099 0.0004666667
53 212.1856 0.0003166667
54 216.2631 0.0002500000
55 220.3420 0.0003333333
56 224.4201 0.0003166667
57 228.4958 0.0001666667
58 232.5728 0.0002166667
59 236.6481 0.0003000000
60 240.7247 0.0001833333
61 244.8021 0.0002333333
62 248.8797 0.0001833333
63 252.9555 0.0002166667
64 257.0308 0.0002333333
65 261.1070 0.0002000000
66 265.1822 0.0001333333
67 269.2572 0.0001833333
68 273.3320 0.0002000000
69 277.4088 0.0002000000
70 281.4852 0.0001333333
71 285.5608 0.0001166667
72 289.6372 0.0001166667
73 293.7151 0.0001166667
74 297.7901 0.0001833333
75 301.8663 0.0000666667
76 305.9431 0.0000500000
77 310.0216 0.0000333333
78 314.1004 0.0000833333
79 318.1776 0.0000666667
80 322.2534 0.0001333333
81 326.3305 0.0000666667
82 330.4083 0.0001166667
83 334.4855 0.0001166667
84 338.5614 0.0000666667
85 342.6380 0.0000833333
86 346.7150 0.0000833333
87 350.7905 0.0000833333
88 354.8664 0.0000833333
89 358.9444 0.0001166667
90 363.0219 0.0000833333
91 367.0991 0.0000833333
92 371.1782 0.0000333333
93 375.2578 0.0000666667
94 379.3355 0.0000500000
95 383.4123 0.0000500000
96 387.4889 0.0000000000
97 391.5657 0.0000500000
98 395.6443 0.0000333333
99 399.7208 0.0000333333
100 403.8000 0.0000333333
101 407.8788 0.0000500000
102 411.9573 0.0000833333
103 416.0348 0.0000333333
104 420.1125 0.0000833333
105 424.1901 0.0000166667
106 428.2682 0.0000000000
107 432.3455 0.0000000000
108 436.4221 0.0000333333
109 440.5001 0.0000333333
110 444.5801 0.0000166667
111 448.6578 0.0000000000
112 452.7357 0.0000333333
113 456.8134 0.0000000000
114 460.8899 0.0000333333
115 464.9661 0.0000166667
116 469.0457 0.0000000000
117 473.1225 0.0000000000
118 477.2001 0.0000500000
119 481.2777 0.0000166667
120 485.3562 0.0000166667
121 489.4333 0.0000000000
122 493.5113 0.0000000000
123 497.5891 0.0000166667
124 501.6668 0.0000166667
125 505.7445 0.0000000000
126 509.8231 0.0000166667
127 513.9008 0.0000333333
128 517.9780 0.0000166667
129 522.0539 0.0000000000
130 526.1320 0.0000166667
131 530.2079 0.0000166667
132 534.2854 0.0000166667
133 538.3638 0.0000000000
134 542.4427 0.0000333333
135 546.5198 0.0000333333
136 550.5992 0.0000500000
137 554.6779 0.0000000000
138 558.7553 0.0000166667
139 562.8334 0.0000000000
140 566.9114 0.0000000000
141 570.9886 0.0000166667
142 575.0657 0.0000166667
143 579.1439 0.0000000000
144 583.2208 0.0000333333
145 587.2979 0.0000000000
146 591.3753 0.0000166667
147 595.4532 0.0000000000
148 599.5307 0.0000166667
149 603.6084 0.0000166667
150 607.6872 0.0000000000
151 611.7651 0.0000500000
152 615.8430 0.0000166667
153 619.9201 0.0000000000
154 623.9992 0.0000000000
155 628.0778 0.0000666667
156 632.1554 0.0000166667
157 636.2335 0.0000166667
158 640.3108 0.0000000000
159 644.3877 0.0000000000
160 648.4647 0.0000000000
161 652.5421 0.0000000000
162 656.6209 0.0000000000
163 660.7002 0.0000166667
164 664.7792 0.0000000000
165 668.8562 0.0000166667
166 672.9345 0.0000000000
167 677.0122 0.0000000000
168 681.0892 0.0000000000
169 685.1669 0.0000000000
170 689.2459 0.0000000000
171 693.3248 0.0000166667
172 697.4036 0.0000166667
173 701.4698 0.0000166667
174 705.5308 0.0000000000
175 709.5922 0.0000000000
176 713.6521 0.0000166667
177 717.7126 0.0000166667
178 721.7761 0.0000000000
179 725.8382 0.0000000000
180 729.8978 0.0000166667
181 733.9594 0.0000000000
182 738.0199 0.0000166667
183 742.0795 0.0000000000
184 746.1412 0.0000000000
185 750.2003 0.0000000000
186 754.2617 0.0000000000
187 758.3254 0.0000000000
188 762.3852 0.0000166667
189 766.4453 0.0000000000
190 770.5062 0.0000000000
191 774.5681 0.0000000000
192 778.6297 0.0000166667
193 782.6905 0.0000000000
194 786.7504 0.0000166667
195 790.8102 0.0000000000
196 794.8707 0.0000166667
197 798.9317 0.0000000000
198 802.9919 0.0000000000
199 807.0513 0.0000166667
200 811.1120 0.0000166667
