1 0.0000 7.6200000000
2 1.9244 4.9700000000
3 3.8685 3.9200000000
4 5.7830 3.3700000000
5 7.7010 3.1400000000
6 9.6173 2.8300000000
7 11.5334 2.7900000000
8 13.4511 2.7400000000
9 15.3713 2.6700000000
10 17.2871 2.6600000000
11 19.2029 2.5600000000
12 21.1180 2.5300000000
13 23.0331 2.4800000000
14 24.9481 2.5200000000
15 26.8625 2.4900000000
16 28.7773 2.4600000000
17 30.6919 2.3800000000
18 32.6070 2.3900000000
19 34.5235 2.3700000000
20 36.4432 2.3300000000
21 38.3676 2.3100000000
22 40.2832 2.2500000000
23 42.1979 2.2100000000
24 44.1138 2.1500000000
25 46.0284 2.1300000000
26 47.9430 2.1300000000
27 49.8580 2.1300000000
28 51.7720 2.1200000000
29 53.6885 2.1300000000
30 55.6089 2.1100000000
31 57.5253 2.1100000000
32 59.4430 2.1200000000
33 61.3574 2.1200000000
34 63.2721 2.1000000000
35 65.1868 2.0800000000
36 67.1017 2.0600000000
37 69.0160 2.0700000000
38 70.9309 2.0700000000
39 72.8436 2.0500000000
40 74.7590 2.0500000000
41 76.6757 2.0500000000
42 78.5931 2.0300000000
43 80.5097 2.0100000000
44 82.4272 2.0000000000
45 84.3420 2.0000000000
46 86.2562 2.0000000000
47 88.1719 1.9900000000
48 90.0872 1.9900000000
49 92.0015 2.0000000000
50 93.9172 1.9900000000
51 95.8319 1.9900000000
52 97.7463 2.0000000000
53 99.6596 1.9700000000
54 101.5747 1.9800000000
55 103.4900 1.9800000000
56 105.4060 1.9700000000
57 107.3199 1.9600000000
58 109.2343 1.9500000000
59 111.1498 1.9400000000
60 113.0650 1.9400000000
61 114.9796 1.9200000000
62 116.8936 1.9200000000
63 118.8073 1.9100000000
64 120.7217 1.9100000000
65 122.6391 1.9100000000
66 124.5641 1.9200000000
67 126.4794 1.9200000000
68 128.3943 1.9200000000
69 130.3072 1.9200000000
70 132.2214 1.9200000000
71 134.1343 1.9200000000
72 136.0486 1.9200000000
73 137.9623 1.9100000000
74 139.8777 1.9200000000
75 141.7909 1.9300000000
76 143.7049 1.9300000000
77 145.6214 1.9300000000
78 147.5415 1.9300000000
79 149.4569 1.9400000000
80 151.3730 1.9400000000
81 153.2873 1.9400000000
82 155.2032 1.9400000000
83 157.1176 1.9400000000
84 159.0309 1.9400000000
85 160.9459 1.9400000000
86 162.8610 1.9400000000
87 164.7749 1.9400000000
88 166.6889 1.9400000000
89 168.6055 1.9300000000
90 170.5234 1.9100000000
91 172.4384 1.9100000000
92 174.3555 1.9200000000
93 176.2697 1.9200000000
94 178.1856 1.9200000000
95 180.1003 1.9200000000
96 182.0153 1.9200000000
97 183.9296 1.9200000000
98 185.8473 1.9200000000
99 187.7623 1.9200000000
100 189.6774 1.9200000000
101 191.5955 1.9100000000
102 193.5193 1.9100000000
103 195.4366 1.9000000000
104 197.3519 1.9000000000
105 199.2651 1.9000000000
106 201.1796 1.9000000000
107 203.0943 1.9000000000
108 205.0096 1.9000000000
109 206.9236 1.9000000000
110 208.8365 1.9100000000
111 210.7500 1.9100000000
112 212.6638 1.9100000000
113 214.5798 1.9100000000
114 216.4960 1.9100000000
115 218.4116 1.9200000000
116 220.3263 1.9200000000
117 222.2405 1.9200000000
118 224.1555 1.9200000000
119 226.0711 1.9200000000
120 227.9865 1.9200000000
121 229.9002 1.9200000000
122 231.8152 1.9200000000
123 233.7294 1.9100000000
124 235.6442 1.9100000000
125 237.5606 1.9000000000
126 239.4784 1.9000000000
127 241.3947 1.9000000000
128 243.3100 1.9000000000
129 245.2239 1.9000000000
130 247.1400 1.9000000000
131 249.0545 1.9000000000
132 250.9693 1.9000000000
133 252.8841 1.9000000000
134 254.7992 1.9000000000
135 256.7139 1.9000000000
136 258.6286 1.9000000000
137 260.5487 1.9000000000
138 262.4720 1.9000000000
139 264.3872 1.9000000000
140 266.3026 1.9000000000
141 268.2170 1.9000000000
142 270.1325 1.9000000000
143 272.0469 1.8900000000
144 273.9624 1.8900000000
145 275.8776 1.8900000000
146 277.7933 1.8900000000
147 279.7064 1.8900000000
148 281.6209 1.8900000000
149 283.5376 1.8900000000
150 285.4570 1.8900000000
151 287.3719 1.8900000000
152 289.2872 1.8900000000
153 291.2113 1.8900000000
154 293.1263 1.8900000000
155 295.0418 1.8900000000
156 296.9561 1.8900000000
157 298.8702 1.8900000000
158 300.7862 1.8900000000
159 302.6995 1.8900000000
160 304.6146 1.8900000000
161 306.5324 1.8900000000
162 308.4526 1.8900000000
163 310.3676 1.8900000000
164 312.2833 1.8900000000
165 314.1979 1.8900000000
166 316.1125 1.8900000000
167 318.0276 1.8900000000
168 319.9419 1.8900000000
169 321.8597 1.8900000000
170 323.7753 1.9000000000
171 325.6898 1.9000000000
172 327.6046 1.9000000000
173 329.5216 1.9000000000
174 331.4453 1.9000000000
175 333.3616 1.8900000000
176 335.2783 1.8900000000
177 337.1930 1.8900000000
178 339.1097 1.8900000000
179 341.0245 1.8900000000
180 342.9393 1.8900000000
181 344.8522 1.8900000000
182 346.7664 1.8900000000
183 348.6805 1.8900000000
184 350.5960 1.8900000000
185 352.5130 1.8900000000
186 354.4333 1.8900000000
187 356.3489 1.8900000000
188 358.2639 1.8900000000
189 360.1802 1.8900000000
190 362.0954 1.8900000000
191 364.0099 1.8900000000
192 365.9252 1.8900000000
193 367.8410 1.8900000000
194 369.7559 1.8900000000
195 371.6710 1.8900000000
196 373.5856 1.8900000000
197 375.5034 1.8900000000
198 377.4234 1.8900000000
199 379.3389 1.8900000000
200 381.2550 1.8900000000
