1 0.0000 4.5000000000
2 1.9393 3.0700000000
3 3.8736 2.6500000000
4 5.8051 2.3900000000
5 7.7393 2.2200000000
6 9.6713 2.2700000000
7 11.6046 2.2600000000
8 13.5354 2.2100000000
9 15.4685 2.1900000000
10 17.4008 2.2300000000
11 19.3335 2.1800000000
12 21.2698 2.1500000000
13 23.2019 2.1200000000
14 25.1349 2.0700000000
15 27.0681 2.0300000000
16 29.0025 2.0300000000
17 30.9365 2.0000000000
18 32.8734 1.9200000000
19 34.8069 1.8600000000
20 36.7408 1.8000000000
21 38.6741 1.7700000000
22 40.6077 1.7900000000
23 42.5406 1.7600000000
24 44.4736 1.7600000000
25 46.4061 1.7200000000
26 48.3404 1.7300000000
27 50.2729 1.7300000000
28 52.2063 1.7300000000
29 54.1401 1.7200000000
30 56.0729 1.7100000000
31 58.0049 1.7100000000
32 59.9389 1.7100000000
33 61.8726 1.6900000000
34 63.8059 1.7000000000
35 65.7382 1.6800000000
36 67.6723 1.6800000000
37 69.6054 1.6800000000
38 71.5389 1.6800000000
39 73.4713 1.6800000000
40 75.4056 1.6800000000
41 77.3378 1.6900000000
42 79.2700 1.7000000000
43 81.2031 1.7000000000
44 83.1358 1.7000000000
45 85.0686 1.7000000000
46 87.0018 1.7100000000
47 88.9378 1.7100000000
48 90.8771 1.7100000000
49 92.8119 1.7100000000
50 94.7461 1.7100000000
51 96.6798 1.7100000000
52 98.6138 1.7100000000
53 100.5473 1.7100000000
54 102.4816 1.7100000000
55 104.4152 1.7100000000
56 106.3485 1.7100000000
57 108.2823 1.7000000000
58 110.2166 1.7100000000
59 112.1505 1.7100000000
60 114.0845 1.7300000000
61 116.0184 1.7200000000
62 117.9539 1.7200000000
63 119.8992 1.7200000000
64 121.8348 1.7300000000
65 123.7705 1.7300000000
66 125.7055 1.7400000000
67 127.6399 1.7300000000
68 129.5765 1.7200000000
69 131.5118 1.7300000000
70 133.4455 1.7200000000
71 135.3804 1.7300000000
72 137.3153 1.7200000000
73 139.2495 1.7200000000
74 141.1849 1.7300000000
75 143.1203 1.7100000000
76 145.0539 1.7300000000
77 146.9928 1.7000000000
78 148.9331 1.7100000000
79 150.8672 1.7100000000
80 152.8026 1.7200000000
81 154.7390 1.7100000000
82 156.6738 1.7100000000
83 158.6081 1.7000000000
84 160.5419 1.7000000000
85 162.4758 1.7100000000
86 164.4099 1.7100000000
87 166.3446 1.7100000000
88 168.2782 1.7100000000
89 170.2125 1.7100000000
90 172.1456 1.7000000000
91 174.0782 1.7000000000
92 176.0127 1.7000000000
93 177.9478 1.7000000000
94 179.8822 1.7000000000
95 181.8152 1.7000000000
96 183.7488 1.7000000000
97 185.6822 1.7000000000
98 187.6158 1.7000000000
99 189.5495 1.7000000000
100 191.4832 1.7000000000
101 193.4171 1.7000000000
102 195.3499 1.7000000000
103 197.2829 1.7000000000
104 199.2175 1.7100000000
105 201.1514 1.7100000000
106 203.0851 1.7100000000
107 205.0211 1.7100000000
108 206.9568 1.7100000000
109 208.8912 1.7100000000
110 210.8262 1.7100000000
111 212.7601 1.7100000000
112 214.6946 1.7100000000
113 216.6291 1.7100000000
114 218.5631 1.7100000000
115 220.4968 1.7100000000
116 222.4301 1.7100000000
117 224.3635 1.7100000000
118 226.2982 1.7100000000
119 228.2308 1.7100000000
120 230.1645 1.7100000000
121 232.0974 1.7100000000
122 234.0339 1.7100000000
123 235.9718 1.7100000000
124 237.9062 1.7100000000
125 239.8412 1.7100000000
126 241.7749 1.7100000000
127 243.7086 1.7100000000
128 245.6428 1.7100000000
129 247.5774 1.7100000000
130 249.5105 1.7100000000
131 251.4442 1.7100000000
132 253.3771 1.7100000000
133 255.3109 1.7100000000
134 257.2452 1.7100000000
135 259.1793 1.7100000000
136 261.1136 1.7100000000
137 263.0513 1.7100000000
138 264.9894 1.7100000000
139 266.9252 1.7100000000
140 268.8599 1.7000000000
141 270.7952 1.7100000000
142 272.7291 1.7000000000
143 274.6646 1.7000000000
144 276.5985 1.7000000000
145 278.5326 1.7000000000
146 280.4665 1.7000000000
147 282.4003 1.7000000000
148 284.3342 1.7000000000
149 286.2691 1.7000000000
150 288.2035 1.7000000000
151 290.1364 1.7000000000
152 292.0737 1.7000000000
153 294.0143 1.7000000000
154 295.9506 1.6900000000
155 297.8861 1.6900000000
156 299.8234 1.6900000000
157 301.7599 1.6900000000
158 303.6953 1.6900000000
159 305.6308 1.6900000000
160 307.5681 1.6900000000
161 309.5042 1.6900000000
162 311.4395 1.6900000000
163 313.3743 1.6900000000
164 315.3098 1.6900000000
165 317.2448 1.6900000000
166 319.1806 1.6900000000
167 321.1181 1.6900000000
168 323.0595 1.6900000000
169 324.9954 1.6900000000
170 326.9319 1.6900000000
171 328.8684 1.6900000000
172 330.8052 1.6900000000
173 332.7421 1.6900000000
174 334.6772 1.6900000000
175 336.6122 1.6900000000
176 338.5472 1.6900000000
177 340.4821 1.6900000000
178 342.4164 1.6900000000
179 344.3376 1.6900000000
180 346.2590 1.6900000000
181 348.1791 1.6900000000
182 350.1008 1.6900000000
183 352.0225 1.6900000000
184 353.9435 1.6900000000
185 355.8651 1.6900000000
186 357.7863 1.6900000000
187 359.7078 1.6900000000
188 361.6293 1.6900000000
189 363.5496 1.6900000000
190 365.4704 1.6900000000
191 367.3926 1.6900000000
192 369.3127 1.6900000000
193 371.2343 1.6900000000
194 373.1554 1.6900000000
195 375.0753 1.6900000000
196 376.9966 1.6900000000
197 378.9174 1.6900000000
198 380.8377 1.6900000000
199 382.7582 1.6900000000
200 384.6784 1.6900000000
