1 0.0000 0.0712333333
2 1.9393 0.0318500000
3 3.8736 0.0215000000
4 5.8051 0.0157666667
5 7.7393 0.0113000000
6 9.6713 0.0082000000
7 11.6046 0.0057000000
8 13.5354 0.0040500000
9 15.4685 0.0027166667
10 17.4008 0.0017166667
11 19.3335 0.0011000000
12 21.2698 0.0007666667
13 23.2019 0.0005833333
14 25.1349 0.0003833333
15 27.0681 0.0002666667
16 29.0025 0.0001166667
17 30.9365 0.0001000000
18 32.8734 0.0000666667
19 34.8069 0.0000500000
20 36.7408 0.0000333333
21 38.6741 0.0000333333
22 40.6077 0.0000166667
23 42.5406 0.0000166667
24 44.4736 0.0000166667
25 46.4061 0.0000166667
26 48.3404 0.0000166667
27 50.2729 0.0000000000
28 52.2063 0.0000000000
29 54.1401 0.0000000000
30 56.0729 0.0000000000
31 58.0049 0.0000000000
32 59.9389 0.0000000000
33 61.8726 0.0000000000
34 63.8059 0.0000000000
35 65.7382 0.0000000000
36 67.6723 0.0000000000
37 69.6054 0.0000000000
38 71.5389 0.0000000000
39 73.4713 0.0000000000
40 75.4056 0.0000000000
41 77.3378 0.0000000000
42 79.2700 0.0000000000
43 81.2031 0.0000000000
44 83.1358 0.0000000000
45 85.0686 0.0000000000
46 87.0018 0.0000000000
47 88.9378 0.0000000000
48 90.8771 0.0000000000
49 92.8119 0.0000000000
50 94.7461 0.0000000000
51 96.6798 0.0000000000
52 98.6138 0.0000000000
53 100.5473 0.0000000000
54 102.4816 0.0000000000
55 104.4152 0.0000000000
56 106.3485 0.0000000000
57 108.2823 0.0000000000
58 110.2166 0.0000000000
59 112.1505 0.0000000000
60 114.0845 0.0000000000
61 116.0184 0.0000000000
62 117.9539 0.0000000000
63 119.8992 0.0000000000
64 121.8348 0.0000000000
65 123.7705 0.0000000000
66 125.7055 0.0000000000
67 127.6399 0.0000000000
68 129.5765 0.0000000000
69 131.5118 0.0000000000
70 133.4455 0.0000000000
71 135.3804 0.0000000000
72 137.3153 0.0000000000
73 139.2495 0.0000000000
74 141.1849 0.0000000000
75 143.1203 0.0000000000
76 145.0539 0.0000000000
77 146.9928 0.0000000000
78 148.9331 0.0000000000
79 150.8672 0.0000000000
80 152.8026 0.0000000000
81 154.7390 0.0000000000
82 156.6738 0.0000000000
83 158.6081 0.0000000000
84 160.5419 0.0000000000
85 162.4758 0.0000000000
86 164.4099 0.0000000000
87 166.3446 0.0000000000
88 168.2782 0.0000000000
89 170.2125 0.0000000000
90 172.1456 0.0000000000
91 174.0782 0.0000000000
92 176.0127 0.0000000000
93 177.9478 0.0000000000
94 179.8822 0.0000000000
95 181.8152 0.0000000000
96 183.7488 0.0000000000
97 185.6822 0.0000000000
98 187.6158 0.0000000000
99 189.5495 0.0000000000
100 191.4832 0.0000000000
101 193.4171 0.0000000000
102 195.3499 0.0000000000
103 197.2829 0.0000000000
104 199.2175 0.0000000000
105 201.1514 0.0000000000
106 203.0851 0.0000000000
107 205.0211 0.0000000000
108 206.9568 0.0000000000
109 208.8912 0.0000000000
110 210.8262 0.0000000000
111 212.7601 0.0000000000
112 214.6946 0.0000000000
113 216.6291 0.0000000000
114 218.5631 0.0000000000
115 220.4968 0.0000000000
116 222.4301 0.0000000000
117 224.3635 0.0000000000
118 226.2982 0.0000000000
119 228.2308 0.0000000000
120 230.1645 0.0000000000
121 232.0974 0.0000000000
122 234.0339 0.0000000000
123 235.9718 0.0000000000
124 237.9062 0.0000000000
125 239.8412 0.0000000000
126 241.7749 0.0000000000
127 243.7086 0.0000000000
128 245.6428 0.0000000000
129 247.5774 0.0000000000
130 249.5105 0.0000000000
131 251.4442 0.0000000000
132 253.3771 0.0000000000
133 255.3109 0.0000000000
134 257.2452 0.0000000000
135 259.1793 0.0000000000
136 261.1136 0.0000000000
137 263.0513 0.0000000000
138 264.9894 0.0000000000
139 266.9252 0.0000000000
140 268.8599 0.0000000000
141 270.7952 0.0000000000
142 272.7291 0.0000000000
143 274.6646 0.0000000000
144 276.5985 0.0000000000
145 278.5326 0.0000000000
146 280.4665 0.0000000000
147 282.4003 0.0000000000
148 284.3342 0.0000000000
149 286.2691 0.0000000000
150 288.2035 0.0000000000
151 290.1364 0.0000000000
152 292.0737 0.0000000000
153 294.0143 0.0000000000
154 295.9506 0.0000000000
155 297.8861 0.0000000000
156 299.8234 0.0000000000
157 301.7599 0.0000000000
158 303.6953 0.0000000000
159 305.6308 0.0000000000
160 307.5681 0.0000000000
161 309.5042 0.0000000000
162 311.4395 0.0000000000
163 313.3743 0.0000000000
164 315.3098 0.0000000000
165 317.2448 0.0000000000
166 319.1806 0.0000000000
167 321.1181 0.0000000000
168 323.0595 0.0000000000
169 324.9954 0.0000000000
170 326.9319 0.0000000000
171 328.8684 0.0000000000
172 330.8052 0.0000000000
173 332.7421 0.0000000000
174 334.6772 0.0000000000
175 336.6122 0.0000000000
176 338.5472 0.0000000000
177 340.4821 0.0000000000
178 342.4164 0.0000000000
179 344.3376 0.0000000000
180 346.2590 0.0000000000
181 348.1791 0.0000000000
182 350.1008 0.0000000000
183 352.0225 0.0000000000
184 353.9435 0.0000000000
185 355.8651 0.0000000000
186 357.7863 0.0000000000
187 359.7078 0.0000000000
188 361.6293 0.0000000000
189 363.5496 0.0000000000
190 365.4704 0.0000000000
191 367.3926 0.0000000000
192 369.3127 0.0000000000
193 371.2343 0.0000000000
194 373.1554 0.0000000000
195 375.0753 0.0000000000
196 376.9966 0.0000000000
197 378.9174 0.0000000000
198 380.8377 0.0000000000
199 382.7582 0.0000000000
200 384.6784 0.0000000000
