1 0.0000 5.6800000000
2 4.2867 4.3700000000
3 8.4002 3.7500000000
4 12.5154 3.5300000000
5 16.6304 3.1900000000
6 20.7440 3.1800000000
7 24.8574 3.0500000000
8 28.9705 2.8100000000
9 33.0937 2.7900000000
10 37.2084 2.8100000000
11 41.3225 2.8400000000
12 45.4359 2.6400000000
13 49.5475 2.8000000000
14 53.6622 2.7400000000
15 57.7750 2.4800000000
16 61.8882 2.4600000000
17 66.0017 2.5300000000
18 70.1131 2.5300000000
19 74.2263 2.4400000000
20 78.3390 2.5700000000
21 82.4493 2.4600000000
22 86.5626 2.4800000000
23 90.6749 2.3000000000
24 94.7827 2.5400000000
25 98.8951 2.3200000000
26 103.0072 2.2900000000
27 107.1158 2.2900000000
28 111.2250 2.3000000000
29 115.3375 2.3100000000
30 119.4482 2.3300000000
31 123.5593 2.4500000000
32 127.6710 2.5000000000
33 131.7835 2.2200000000
34 135.8951 2.2700000000
35 140.0077 2.2500000000
36 144.1210 2.2000000000
37 148.2322 2.4800000000
38 152.3458 2.3200000000
39 156.4579 2.1000000000
40 160.5704 2.4000000000
41 164.6828 2.2800000000
42 168.7939 2.3400000000
43 172.9039 2.2000000000
44 177.0168 2.1700000000
45 181.1305 2.3000000000
46 185.2430 2.0700000000
47 189.3510 2.1400000000
48 193.4632 2.2000000000
49 197.5737 2.4000000000
50 201.6878 2.0400000000
51 205.7985 2.0300000000
52 209.9120 2.1200000000
53 214.0242 1.9900000000
54 218.1333 2.2500000000
55 222.2392 2.0300000000
56 226.3487 2.2100000000
57 230.4591 2.0700000000
58 234.5686 2.2000000000
59 238.6796 2.1600000000
60 242.7917 2.1000000000
61 246.9141 2.2300000000
62 251.0225 2.3300000000
63 255.1342 2.1700000000
64 259.2468 2.0100000000
65 263.3577 1.9800000000
66 267.4709 2.0300000000
67 271.5827 1.9700000000
68 275.6949 2.2600000000
69 279.8055 2.0800000000
70 283.9204 2.0600000000
71 288.0320 1.9000000000
72 292.1449 2.1000000000
73 296.2571 1.9100000000
74 300.3667 1.9200000000
75 304.4788 2.0000000000
76 308.5880 2.0300000000
77 312.6986 2.0300000000
78 316.8104 1.9500000000
79 320.9210 2.0100000000
80 325.0318 2.2500000000
81 329.1443 1.8900000000
82 333.2547 2.1100000000
83 337.3620 2.1700000000
84 341.4672 1.8400000000
85 345.5733 1.9100000000
86 349.6808 1.8900000000
87 353.7890 1.9700000000
88 357.8982 1.9300000000
89 362.0075 1.8200000000
90 366.1120 1.9500000000
91 370.2139 2.0100000000
92 374.3188 2.0500000000
93 378.4187 2.2300000000
94 382.5207 2.0200000000
95 386.6267 1.8700000000
96 390.7319 2.0000000000
97 394.8383 2.0800000000
98 398.9465 1.9500000000
99 403.0514 2.0100000000
100 407.1581 2.0600000000
101 411.2649 1.8600000000
102 415.3712 2.1700000000
103 419.4859 2.0700000000
104 423.5999 1.9500000000
105 427.7115 1.9700000000
106 431.8239 1.8700000000
107 435.9360 2.0300000000
108 440.0480 1.8100000000
109 444.1595 1.8600000000
110 448.2727 2.0300000000
111 452.3939 2.0900000000
112 456.5201 1.9800000000
113 460.6448 2.0900000000
114 464.7699 1.9300000000
115 468.8905 1.9300000000
116 473.0141 1.9900000000
117 477.1384 2.0400000000
118 481.2609 1.9300000000
119 485.3847 1.8100000000
120 489.5058 1.9900000000
121 493.6270 2.0200000000
122 497.7501 1.8400000000
123 501.8752 1.9400000000
124 505.9928 1.9300000000
125 510.1108 1.8800000000
126 514.2349 1.8300000000
127 518.3482 1.9600000000
128 522.4642 1.9200000000
129 526.5770 2.0700000000
130 530.6922 2.0900000000
131 534.8060 1.8900000000
132 538.9318 1.9700000000
133 543.0576 1.8500000000
134 547.1818 1.8900000000
135 551.3132 2.0600000000
136 555.4327 1.7700000000
137 559.5430 1.9600000000
138 563.6543 1.9900000000
139 567.7651 1.9700000000
140 571.8814 1.7600000000
141 575.9960 1.9300000000
142 580.1094 2.0500000000
143 584.2234 2.0200000000
144 588.3354 1.9300000000
145 592.4456 1.7600000000
146 596.5557 1.8700000000
147 600.6658 1.9600000000
148 604.7710 2.0100000000
149 608.8780 1.9700000000
150 612.9736 1.9000000000
151 617.0765 1.8500000000
152 621.1865 1.9700000000
153 625.3152 1.8900000000
154 629.4270 1.9200000000
155 633.5498 1.8200000000
156 637.6571 1.9100000000
157 641.7739 2.0400000000
158 645.8942 1.9000000000
159 650.0083 2.0100000000
160 654.1162 1.7800000000
161 658.2224 1.9100000000
162 662.3332 1.9300000000
163 666.4454 1.7900000000
164 670.5575 1.7800000000
165 674.6677 1.9100000000
166 678.7800 1.8000000000
167 682.8913 1.7700000000
168 687.0058 1.9800000000
169 691.1275 1.9000000000
170 695.2466 1.8600000000
171 699.3776 2.0200000000
172 703.4919 1.8300000000
173 707.6055 1.9200000000
174 711.7210 2.0300000000
175 715.8349 1.8400000000
176 719.9499 1.9200000000
177 724.0642 1.7400000000
178 728.1785 1.8400000000
179 732.2937 1.7700000000
180 736.4063 1.6900000000
181 740.5222 1.8400000000
182 744.6362 1.9100000000
183 748.7519 1.9100000000
184 752.8675 2.0700000000
185 756.9813 1.7900000000
186 761.0973 1.8500000000
187 765.2124 1.8200000000
188 769.3258 1.8700000000
189 773.4398 1.8100000000
190 777.5528 1.8700000000
191 781.7044 1.7600000000
192 785.8207 1.7900000000
193 789.9349 1.9000000000
194 794.0486 1.8800000000
195 798.1619 1.7800000000
196 802.2788 1.7400000000
197 806.3917 1.9100000000
198 810.5087 1.8200000000
199 814.6235 1.9300000000
200 818.7385 1.9000000000
