1 0.0000 0.0848833333
2 4.2867 0.0457500000
3 8.4002 0.0359166667
4 12.5154 0.0319833333
5 16.6304 0.0293833333
6 20.7440 0.0276333333
7 24.8574 0.0253166667
8 28.9705 0.0251666667
9 33.0937 0.0236666667
10 37.2084 0.0228666667
11 41.3225 0.0219000000
12 45.4359 0.0215000000
13 49.5475 0.0204000000
14 53.6622 0.0202666667
15 57.7750 0.0197000000
16 61.8882 0.0185333333
17 66.0017 0.0187166667
18 70.1131 0.0185166667
19 74.2263 0.0180500000
20 78.3390 0.0175166667
21 82.4493 0.0176666667
22 86.5626 0.0169333333
23 90.6749 0.0165833333
24 94.7827 0.0165666667
25 98.8951 0.0163333333
26 103.0072 0.0162333333
27 107.1158 0.0158166667
28 111.2250 0.0155500000
29 115.3375 0.0154500000
30 119.4482 0.0148666667
31 123.5593 0.0142666667
32 127.6710 0.0150333333
33 131.7835 0.0146166667
34 135.8951 0.0144000000
35 140.0077 0.0138000000
36 144.1210 0.0138333333
37 148.2322 0.0139166667
38 152.3458 0.0135666667
39 156.4579 0.0132333333
40 160.5704 0.0132500000
41 164.6828 0.0136500000
42 168.7939 0.0129666667
43 172.9039 0.0128833333
44 177.0168 0.0130666667
45 181.1305 0.0128333333
46 185.2430 0.0124166667
47 189.3510 0.0125500000
48 193.4632 0.0128000000
49 197.5737 0.0118000000
50 201.6878 0.0119833333
51 205.7985 0.0119166667
52 209.9120 0.0117333333
53 214.0242 0.0118500000
54 218.1333 0.0116333333
55 222.2392 0.0112000000
56 226.3487 0.0111833333
57 230.4591 0.0112666667
58 234.5686 0.0111000000
59 238.6796 0.0115333333
60 242.7917 0.0113666667
61 246.9141 0.0112333333
62 251.0225 0.0106666667
63 255.1342 0.0108833333
64 259.2468 0.0103666667
65 263.3577 0.0104333333
66 267.4709 0.0102166667
67 271.5827 0.0106000000
68 275.6949 0.0100666667
69 279.8055 0.0109166667
70 283.9204 0.0097333333
71 288.0320 0.0101000000
72 292.1449 0.0096500000
73 296.2571 0.0100000000
74 300.3667 0.0100833333
75 304.4788 0.0097166667
76 308.5880 0.0095000000
77 312.6986 0.0099000000
78 316.8104 0.0095000000
79 320.9210 0.0099500000
80 325.0318 0.0099000000
81 329.1443 0.0099166667
82 333.2547 0.0096666667
83 337.3620 0.0095500000
84 341.4672 0.0091333333
85 345.5733 0.0091166667
86 349.6808 0.0091000000
87 353.7890 0.0097333333
88 357.8982 0.0091333333
89 362.0075 0.0093166667
90 366.1120 0.0092333333
91 370.2139 0.0091000000
92 374.3188 0.0090166667
93 378.4187 0.0087000000
94 382.5207 0.0091166667
95 386.6267 0.0088166667
96 390.7319 0.0086666667
97 394.8383 0.0089500000
98 398.9465 0.0090333333
99 403.0514 0.0082000000
100 407.1581 0.0086166667
101 411.2649 0.0081666667
102 415.3712 0.0083500000
103 419.4859 0.0085833333
104 423.5999 0.0083166667
105 427.7115 0.0082000000
106 431.8239 0.0077666667
107 435.9360 0.0079500000
108 440.0480 0.0078666667
109 444.1595 0.0080000000
110 448.2727 0.0079833333
111 452.3939 0.0077666667
112 456.5201 0.0080833333
113 460.6448 0.0076666667
114 464.7699 0.0080166667
115 468.8905 0.0078666667
116 473.0141 0.0080500000
117 477.1384 0.0080166667
118 481.2609 0.0079500000
119 485.3847 0.0077000000
120 489.5058 0.0075833333
121 493.6270 0.0080000000
122 497.7501 0.0078333333
123 501.8752 0.0076666667
124 505.9928 0.0073333333
125 510.1108 0.0076500000
126 514.2349 0.0074666667
127 518.3482 0.0077833333
128 522.4642 0.0076833333
129 526.5770 0.0075833333
130 530.6922 0.0073500000
131 534.8060 0.0072500000
132 538.9318 0.0075666667
133 543.0576 0.0075166667
134 547.1818 0.0071000000
135 551.3132 0.0072166667
136 555.4327 0.0074166667
137 559.5430 0.0073333333
138 563.6543 0.0075500000
139 567.7651 0.0070000000
140 571.8814 0.0070500000
141 575.9960 0.0069666667
142 580.1094 0.0073666667
143 584.2234 0.0073000000
144 588.3354 0.0072166667
145 592.4456 0.0063500000
146 596.5557 0.0067333333
147 600.6658 0.0071500000
148 604.7710 0.0067666667
149 608.8780 0.0070000000
150 612.9736 0.0067666667
151 617.0765 0.0062833333
152 621.1865 0.0070166667
153 625.3152 0.0066666667
154 629.4270 0.0065666667
155 633.5498 0.0068166667
156 637.6571 0.0067000000
157 641.7739 0.0065000000
158 645.8942 0.0067833333
159 650.0083 0.0064500000
160 654.1162 0.0066333333
161 658.2224 0.0065666667
162 662.3332 0.0066000000
163 666.4454 0.0069500000
164 670.5575 0.0061666667
165 674.6677 0.0063166667
166 678.7800 0.0061000000
167 682.8913 0.0061666667
168 687.0058 0.0064000000
169 691.1275 0.0063333333
170 695.2466 0.0062333333
171 699.3776 0.0063000000
172 703.4919 0.0064166667
173 707.6055 0.0068000000
174 711.7210 0.0061666667
175 715.8349 0.0060333333
176 719.9499 0.0062333333
177 724.0642 0.0062333333
178 728.1785 0.0065166667
179 732.2937 0.0059166667
180 736.4063 0.0061333333
181 740.5222 0.0058500000
182 744.6362 0.0063333333
183 748.7519 0.0059000000
184 752.8675 0.0057666667
185 756.9813 0.0063166667
186 761.0973 0.0060000000
187 765.2124 0.0063333333
188 769.3258 0.0059666667
189 773.4398 0.0061333333
190 777.5528 0.0061166667
191 781.7044 0.0059333333
192 785.8207 0.0061333333
193 789.9349 0.0057166667
194 794.0486 0.0062666667
195 798.1619 0.0058333333
196 802.2788 0.0055833333
197 806.3917 0.0059666667
198 810.5087 0.0054666667
199 814.6235 0.0057833333
200 818.7385 0.0056500000
