1 0.0000 4.8300000000
2 1.9084 3.5200000000
3 3.8112 3.0400000000
4 5.7155 2.7100000000
5 7.6189 2.5400000000
6 9.5199 2.4100000000
7 11.4219 2.3500000000
8 13.3243 2.3300000000
9 15.2260 2.3000000000
10 17.1290 2.3100000000
11 19.0353 2.2900000000
12 20.9433 2.2700000000
13 22.8472 2.2300000000
14 24.7508 2.2000000000
15 26.6542 2.1800000000
16 28.5573 2.0200000000
17 30.4606 1.9400000000
18 32.3660 1.8400000000
19 34.2673 1.8200000000
20 36.1732 1.8100000000
21 38.0835 1.8000000000
22 39.9862 1.7700000000
23 41.8898 1.7900000000
24 43.8011 1.7900000000
25 45.7055 1.8000000000
26 47.6090 1.7900000000
27 49.5133 1.7800000000
28 51.4178 1.7800000000
29 53.3225 1.7800000000
30 55.2256 1.7700000000
31 57.1293 1.7500000000
32 59.0352 1.7600000000
33 60.9474 1.7500000000
34 62.8519 1.7600000000
35 64.7569 1.7500000000
36 66.6631 1.7600000000
37 68.5912 1.7600000000
38 70.5132 1.7500000000
39 72.4183 1.7400000000
40 74.3220 1.7400000000
41 76.2255 1.7500000000
42 78.1302 1.7500000000
43 80.0346 1.7500000000
44 81.9372 1.7600000000
45 83.8415 1.7500000000
46 85.7462 1.7500000000
47 87.6501 1.7500000000
48 89.5548 1.7500000000
49 91.4593 1.7400000000
50 93.3637 1.7400000000
51 95.2673 1.7400000000
52 97.1710 1.7500000000
53 99.0759 1.7600000000
54 100.9785 1.7600000000
55 102.8818 1.7600000000
56 104.7863 1.7700000000
57 106.6905 1.7400000000
58 108.5977 1.7400000000
59 110.5022 1.7400000000
60 112.4058 1.7300000000
61 114.3106 1.7300000000
62 116.2148 1.7300000000
63 118.1189 1.7300000000
64 120.0230 1.7300000000
65 121.9257 1.7300000000
66 123.8289 1.7300000000
67 125.7324 1.7300000000
68 127.6361 1.7300000000
69 129.5407 1.7300000000
70 131.4456 1.7300000000
71 133.3486 1.7200000000
72 135.2525 1.7200000000
73 137.1560 1.7200000000
74 139.0604 1.7100000000
75 140.9634 1.7000000000
76 142.8673 1.7000000000
77 144.7713 1.7000000000
78 146.6758 1.7000000000
79 148.5790 1.7000000000
80 150.4823 1.7000000000
81 152.3860 1.7000000000
82 154.2885 1.7000000000
83 156.1925 1.7000000000
84 158.0966 1.7000000000
85 160.0000 1.7000000000
86 161.9027 1.7000000000
87 163.8061 1.7000000000
88 165.7097 1.7000000000
89 167.6133 1.7000000000
90 169.5172 1.7000000000
91 171.4209 1.7000000000
92 173.3243 1.7000000000
93 175.2289 1.7000000000
94 177.1321 1.7000000000
95 179.0355 1.7000000000
96 180.9390 1.6900000000
97 182.8424 1.6900000000
98 184.7464 1.6900000000
99 186.6501 1.6900000000
100 188.5530 1.6900000000
101 190.4562 1.6900000000
102 192.3610 1.6900000000
103 194.2636 1.6900000000
104 196.1669 1.6900000000
105 198.0713 1.6900000000
106 199.9752 1.6900000000
107 201.8799 1.6900000000
108 203.7853 1.6900000000
109 205.6883 1.6900000000
110 207.5929 1.6900000000
111 209.5084 1.6900000000
112 211.4426 1.6900000000
113 213.3558 1.6900000000
114 215.2607 1.6900000000
115 217.1647 1.6900000000
116 219.0694 1.6900000000
117 220.9730 1.6900000000
118 222.8767 1.6900000000
119 224.7819 1.6900000000
120 226.6855 1.6900000000
121 228.5903 1.6900000000
122 230.4955 1.6900000000
123 232.3985 1.6900000000
124 234.3028 1.6900000000
125 236.2062 1.6900000000
126 238.1087 1.6900000000
127 240.0120 1.6900000000
128 241.9156 1.6900000000
129 243.8190 1.6900000000
130 245.7242 1.6900000000
131 247.6288 1.6900000000
132 249.5324 1.6900000000
133 251.4356 1.6900000000
134 253.3395 1.6900000000
135 255.2433 1.6900000000
136 257.1479 1.6900000000
137 259.0553 1.6900000000
138 260.9659 1.6900000000
139 262.8724 1.6900000000
140 264.7785 1.6900000000
141 266.6839 1.6900000000
142 268.5890 1.6900000000
143 270.4935 1.6900000000
144 272.3983 1.6900000000
145 274.3027 1.6900000000
146 276.2077 1.7000000000
147 278.1133 1.7000000000
148 280.0208 1.6900000000
149 281.9289 1.6900000000
150 283.8365 1.6900000000
151 285.7403 1.6900000000
152 287.6437 1.6900000000
153 289.5481 1.6900000000
154 291.4531 1.6900000000
155 293.3557 1.6900000000
156 295.2594 1.6900000000
157 297.1622 1.6900000000
158 299.0663 1.6900000000
159 300.9680 1.6900000000
160 302.8722 1.6900000000
161 304.7749 1.6900000000
162 306.6775 1.6900000000
163 308.5790 1.6900000000
164 310.4822 1.6900000000
165 312.3850 1.6900000000
166 314.2877 1.6900000000
167 316.1909 1.6900000000
168 318.0941 1.6900000000
169 320.0135 1.6900000000
170 321.9350 1.6900000000
171 323.8456 1.6900000000
172 325.7497 1.6900000000
173 327.6536 1.6900000000
174 329.5565 1.6900000000
175 331.4610 1.6900000000
176 333.3643 1.6900000000
177 335.2684 1.6900000000
178 337.1723 1.6900000000
179 339.0778 1.6900000000
180 340.9863 1.6900000000
181 342.8919 1.6900000000
182 344.7979 1.6900000000
183 346.7040 1.6900000000
184 348.6091 1.6900000000
185 350.5142 1.6900000000
186 352.4192 1.6900000000
187 354.3254 1.6900000000
188 356.2308 1.6900000000
189 358.1344 1.6900000000
190 360.0397 1.6900000000
191 361.9439 1.6900000000
192 363.8487 1.6900000000
193 365.7541 1.6800000000
194 367.6595 1.6800000000
195 369.5648 1.6800000000
196 371.4706 1.6800000000
197 373.3745 1.6800000000
198 375.2797 1.6800000000
199 377.1846 1.6800000000
200 379.0890 1.6800000000
