1 0.0000 0.0713166667
2 1.9084 0.0322000000
3 3.8112 0.0216833333
4 5.7155 0.0158833333
5 7.6189 0.0114333333
6 9.5199 0.0082333333
7 11.4219 0.0058500000
8 13.3243 0.0036833333
9 15.2260 0.0025833333
10 17.1290 0.0016666667
11 19.0353 0.0012500000
12 20.9433 0.0008333333
13 22.8472 0.0005500000
14 24.7508 0.0003833333
15 26.6542 0.0002333333
16 28.5573 0.0001833333
17 30.4606 0.0001000000
18 32.3660 0.0000666667
19 34.2673 0.0000666667
20 36.1732 0.0000500000
21 38.0835 0.0000166667
22 39.9862 0.0000166667
23 41.8898 0.0000166667
24 43.8011 0.0000166667
25 45.7055 0.0000000000
26 47.6090 0.0000000000
27 49.5133 0.0000000000
28 51.4178 0.0000000000
29 53.3225 0.0000000000
30 55.2256 0.0000000000
31 57.1293 0.0000000000
32 59.0352 0.0000000000
33 60.9474 0.0000000000
34 62.8519 0.0000000000
35 64.7569 0.0000000000
36 66.6631 0.0000000000
37 68.5912 0.0000000000
38 70.5132 0.0000000000
39 72.4183 0.0000000000
40 74.3220 0.0000000000
41 76.2255 0.0000000000
42 78.1302 0.0000000000
43 80.0346 0.0000000000
44 81.9372 0.0000000000
45 83.8415 0.0000000000
46 85.7462 0.0000000000
47 87.6501 0.0000000000
48 89.5548 0.0000000000
49 91.4593 0.0000000000
50 93.3637 0.0000000000
51 95.2673 0.0000000000
52 97.1710 0.0000000000
53 99.0759 0.0000000000
54 100.9785 0.0000000000
55 102.8818 0.0000000000
56 104.7863 0.0000000000
57 106.6905 0.0000000000
58 108.5977 0.0000000000
59 110.5022 0.0000000000
60 112.4058 0.0000000000
61 114.3106 0.0000000000
62 116.2148 0.0000000000
63 118.1189 0.0000000000
64 120.0230 0.0000000000
65 121.9257 0.0000000000
66 123.8289 0.0000000000
67 125.7324 0.0000000000
68 127.6361 0.0000000000
69 129.5407 0.0000000000
70 131.4456 0.0000000000
71 133.3486 0.0000000000
72 135.2525 0.0000000000
73 137.1560 0.0000000000
74 139.0604 0.0000000000
75 140.9634 0.0000000000
76 142.8673 0.0000000000
77 144.7713 0.0000000000
78 146.6758 0.0000000000
79 148.5790 0.0000000000
80 150.4823 0.0000000000
81 152.3860 0.0000000000
82 154.2885 0.0000000000
83 156.1925 0.0000000000
84 158.0966 0.0000000000
85 160.0000 0.0000000000
86 161.9027 0.0000000000
87 163.8061 0.0000000000
88 165.7097 0.0000000000
89 167.6133 0.0000000000
90 169.5172 0.0000000000
91 171.4209 0.0000000000
92 173.3243 0.0000000000
93 175.2289 0.0000000000
94 177.1321 0.0000000000
95 179.0355 0.0000000000
96 180.9390 0.0000000000
97 182.8424 0.0000000000
98 184.7464 0.0000000000
99 186.6501 0.0000000000
100 188.5530 0.0000000000
101 190.4562 0.0000000000
102 192.3610 0.0000000000
103 194.2636 0.0000000000
104 196.1669 0.0000000000
105 198.0713 0.0000000000
106 199.9752 0.0000000000
107 201.8799 0.0000000000
108 203.7853 0.0000000000
109 205.6883 0.0000000000
110 207.5929 0.0000000000
111 209.5084 0.0000000000
112 211.4426 0.0000000000
113 213.3558 0.0000000000
114 215.2607 0.0000000000
115 217.1647 0.0000000000
116 219.0694 0.0000000000
117 220.9730 0.0000000000
118 222.8767 0.0000000000
119 224.7819 0.0000000000
120 226.6855 0.0000000000
121 228.5903 0.0000000000
122 230.4955 0.0000000000
123 232.3985 0.0000000000
124 234.3028 0.0000000000
125 236.2062 0.0000000000
126 238.1087 0.0000000000
127 240.0120 0.0000000000
128 241.9156 0.0000000000
129 243.8190 0.0000000000
130 245.7242 0.0000000000
131 247.6288 0.0000000000
132 249.5324 0.0000000000
133 251.4356 0.0000000000
134 253.3395 0.0000000000
135 255.2433 0.0000000000
136 257.1479 0.0000000000
137 259.0553 0.0000000000
138 260.9659 0.0000000000
139 262.8724 0.0000000000
140 264.7785 0.0000000000
141 266.6839 0.0000000000
142 268.5890 0.0000000000
143 270.4935 0.0000000000
144 272.3983 0.0000000000
145 274.3027 0.0000000000
146 276.2077 0.0000000000
147 278.1133 0.0000000000
148 280.0208 0.0000000000
149 281.9289 0.0000000000
150 283.8365 0.0000000000
151 285.7403 0.0000000000
152 287.6437 0.0000000000
153 289.5481 0.0000000000
154 291.4531 0.0000000000
155 293.3557 0.0000000000
156 295.2594 0.0000000000
157 297.1622 0.0000000000
158 299.0663 0.0000000000
159 300.9680 0.0000000000
160 302.8722 0.0000000000
161 304.7749 0.0000000000
162 306.6775 0.0000000000
163 308.5790 0.0000000000
164 310.4822 0.0000000000
165 312.3850 0.0000000000
166 314.2877 0.0000000000
167 316.1909 0.0000000000
168 318.0941 0.0000000000
169 320.0135 0.0000000000
170 321.9350 0.0000000000
171 323.8456 0.0000000000
172 325.7497 0.0000000000
173 327.6536 0.0000000000
174 329.5565 0.0000000000
175 331.4610 0.0000000000
176 333.3643 0.0000000000
177 335.2684 0.0000000000
178 337.1723 0.0000000000
179 339.0778 0.0000000000
180 340.9863 0.0000000000
181 342.8919 0.0000000000
182 344.7979 0.0000000000
183 346.7040 0.0000000000
184 348.6091 0.0000000000
185 350.5142 0.0000000000
186 352.4192 0.0000000000
187 354.3254 0.0000000000
188 356.2308 0.0000000000
189 358.1344 0.0000000000
190 360.0397 0.0000000000
191 361.9439 0.0000000000
192 363.8487 0.0000000000
193 365.7541 0.0000000000
194 367.6595 0.0000000000
195 369.5648 0.0000000000
196 371.4706 0.0000000000
197 373.3745 0.0000000000
198 375.2797 0.0000000000
199 377.1846 0.0000000000
200 379.0890 0.0000000000
