1 0.0000 4.5900000000
2 1.9451 3.2800000000
3 3.8822 2.8100000000
4 5.8192 2.5600000000
5 7.7535 2.3700000000
6 9.6891 2.3000000000
7 11.6238 2.2700000000
8 13.5577 2.2400000000
9 15.4908 2.2700000000
10 17.4244 2.2100000000
11 19.3569 2.1900000000
12 21.2900 2.1700000000
13 23.2234 2.1500000000
14 25.1568 2.1200000000
15 27.0897 2.1200000000
16 29.0224 2.0900000000
17 30.9543 2.1000000000
18 32.8880 2.1000000000
19 34.8208 2.0600000000
20 36.7535 2.0400000000
21 38.7014 2.0200000000
22 40.6368 2.0000000000
23 42.5708 2.0200000000
24 44.5043 1.9800000000
25 46.4372 1.9800000000
26 48.3717 2.0300000000
27 50.3058 1.9900000000
28 52.2399 2.0000000000
29 54.1744 2.0400000000
30 56.1072 2.0100000000
31 58.0395 1.9600000000
32 59.9725 1.9700000000
33 61.9064 1.9700000000
34 63.8397 1.9600000000
35 65.7726 1.9800000000
36 67.7064 1.9600000000
37 69.6394 1.9600000000
38 71.5735 1.9900000000
39 73.5064 1.9300000000
40 75.4402 1.9500000000
41 77.3739 1.9500000000
42 79.3068 1.9400000000
43 81.2406 1.9500000000
44 83.1741 1.9400000000
45 85.1070 1.9200000000
46 87.0398 1.9100000000
47 88.9735 1.9000000000
48 90.9070 1.8900000000
49 92.8408 1.9100000000
50 94.7748 1.8700000000
51 96.7091 1.8900000000
52 98.6433 1.8700000000
53 100.5785 1.8800000000
54 102.5114 1.9200000000
55 104.4487 1.9100000000
56 106.3897 1.8500000000
57 108.3255 1.8700000000
58 110.2609 1.8800000000
59 112.1948 1.8700000000
60 114.1288 1.9100000000
61 116.0635 1.8800000000
62 118.0116 1.8900000000
63 119.9455 1.8700000000
64 121.8791 1.8700000000
65 123.8132 1.8500000000
66 125.7475 1.8700000000
67 127.6823 1.8500000000
68 129.6165 1.8900000000
69 131.5500 1.8900000000
70 133.4831 1.8800000000
71 135.4171 1.8900000000
72 137.3506 1.8700000000
73 139.2837 1.9000000000
74 141.2180 1.8500000000
75 143.1506 1.8800000000
76 145.0860 1.8600000000
77 147.0191 1.8700000000
78 148.9528 1.8800000000
79 150.8845 1.8800000000
80 152.8175 1.8800000000
81 154.7505 1.8700000000
82 156.6876 1.8900000000
83 158.6270 1.8900000000
84 160.5636 1.8400000000
85 162.4992 1.9000000000
86 164.4352 1.8500000000
87 166.3701 1.8600000000
88 168.3065 1.9000000000
89 170.2404 1.8900000000
90 172.1751 1.8900000000
91 174.1095 1.9000000000
92 176.0449 1.9000000000
93 177.9805 1.8900000000
94 179.9158 1.9000000000
95 181.8504 1.8800000000
96 183.7858 1.8800000000
97 185.7196 1.8900000000
98 187.6602 1.9100000000
99 189.5952 1.8700000000
100 191.5310 1.8900000000
101 193.4652 1.9000000000
102 195.4009 1.8900000000
103 197.3358 1.9100000000
104 199.2715 1.9100000000
105 201.2055 1.9000000000
106 203.1405 1.9100000000
107 205.0746 1.9100000000
108 207.0091 1.9000000000
109 208.9435 1.8800000000
110 210.8792 1.9100000000
111 212.8121 1.9000000000
112 214.7468 1.9100000000
113 216.6814 1.8700000000
114 218.6169 1.8900000000
115 220.5542 1.8900000000
116 222.4963 1.8700000000
117 224.4633 1.9000000000
118 226.4181 1.8800000000
119 228.3537 1.8800000000
120 230.2899 1.8600000000
121 232.2255 1.9000000000
122 234.1599 1.8800000000
123 236.0948 1.9100000000
124 238.0303 1.8900000000
125 239.9661 1.8800000000
126 241.8998 1.8700000000
127 243.8341 1.8700000000
128 245.7692 1.9000000000
129 247.7037 1.8800000000
130 249.6385 1.8700000000
131 251.5725 1.8700000000
132 253.5079 1.8800000000
133 255.4424 1.9100000000
134 257.3765 1.8800000000
135 259.3104 1.8600000000
136 261.2451 1.8700000000
137 263.1795 1.9100000000
138 265.1138 1.8900000000
139 267.0485 1.8500000000
140 268.9836 1.8600000000
141 270.9165 1.9200000000
142 272.8519 1.8900000000
143 274.7861 1.8800000000
144 276.7203 1.8900000000
145 278.6543 1.8800000000
146 280.5893 1.8800000000
147 282.5245 1.8800000000
148 284.4595 1.8700000000
149 286.3948 1.8800000000
150 288.3310 1.8800000000
151 290.2657 1.8600000000
152 292.2017 1.9000000000
153 294.1370 1.9100000000
154 296.0718 1.8800000000
155 298.0067 1.9100000000
156 299.9415 1.9000000000
157 301.8748 1.8800000000
158 303.8106 1.8700000000
159 305.7452 1.8800000000
160 307.6799 1.8800000000
161 309.6127 1.9000000000
162 311.5482 1.9100000000
163 313.4824 1.8900000000
164 315.4173 1.8800000000
165 317.3525 1.8900000000
166 319.2888 1.8600000000
167 321.2235 1.8800000000
168 323.1581 1.9200000000
169 325.0932 1.8700000000
170 327.0285 1.9100000000
171 328.9637 1.8800000000
172 330.8978 1.8800000000
173 332.8317 1.8800000000
174 334.7648 1.8800000000
175 336.7000 1.8800000000
176 338.6342 1.8800000000
177 340.5673 1.8700000000
178 342.5017 1.8900000000
179 344.4358 1.8900000000
180 346.3691 1.8500000000
181 348.3033 1.9100000000
182 350.2377 1.8800000000
183 352.1733 1.8600000000
184 354.1078 1.8900000000
185 356.0428 1.8700000000
186 357.9782 1.9000000000
187 359.9120 1.9000000000
188 361.8494 1.8800000000
189 363.7824 1.8900000000
190 365.7169 1.8600000000
191 367.6511 1.9000000000
192 369.5841 1.8900000000
193 371.5195 1.8900000000
194 373.4535 1.8900000000
195 375.3878 1.8800000000
196 377.3224 1.9000000000
197 379.2557 1.9100000000
198 381.1903 1.9100000000
199 383.1254 1.9000000000
200 385.0611 1.9100000000
