1 0.0000 0.0709166667
2 1.9451 0.0321833333
3 3.8822 0.0218833333
4 5.8192 0.0164666667
5 7.7535 0.0129666667
6 9.6891 0.0101000000
7 11.6238 0.0080000000
8 13.5577 0.0066833333
9 15.4908 0.0052166667
10 17.4244 0.0041000000
11 19.3569 0.0032000000
12 21.2900 0.0026833333
13 23.2234 0.0022666667
14 25.1568 0.0019666667
15 27.0897 0.0017333333
16 29.0224 0.0016166667
17 30.9543 0.0014500000
18 32.8880 0.0013500000
19 34.8208 0.0013000000
20 36.7535 0.0012333333
21 38.7014 0.0011833333
22 40.6368 0.0011000000
23 42.5708 0.0010333333
24 44.5043 0.0010000000
25 46.4372 0.0008833333
26 48.3717 0.0008833333
27 50.3058 0.0008000000
28 52.2399 0.0007500000
29 54.1744 0.0007333333
30 56.1072 0.0007166667
31 58.0395 0.0007000000
32 59.9725 0.0007166667
33 61.9064 0.0006833333
34 63.8397 0.0006833333
35 65.7726 0.0006833333
36 67.7064 0.0006666667
37 69.6394 0.0006500000
38 71.5735 0.0006166667
39 73.5064 0.0006666667
40 75.4402 0.0006500000
41 77.3739 0.0006166667
42 79.3068 0.0005666667
43 81.2406 0.0005666667
44 83.1741 0.0005666667
45 85.1070 0.0005333333
46 87.0398 0.0005000000
47 88.9735 0.0006000000
48 90.9070 0.0005333333
49 92.8408 0.0005333333
50 94.7748 0.0005666667
51 96.7091 0.0004500000
52 98.6433 0.0005000000
53 100.5785 0.0004333333
54 102.5114 0.0004666667
55 104.4487 0.0005000000
56 106.3897 0.0005000000
57 108.3255 0.0004666667
58 110.2609 0.0004666667
59 112.1948 0.0004500000
60 114.1288 0.0004666667
61 116.0635 0.0004666667
62 118.0116 0.0004500000
63 119.9455 0.0004500000
64 121.8791 0.0004666667
65 123.8132 0.0004666667
66 125.7475 0.0004500000
67 127.6823 0.0004333333
68 129.6165 0.0004666667
69 131.5500 0.0004500000
70 133.4831 0.0004500000
71 135.4171 0.0004333333
72 137.3506 0.0004333333
73 139.2837 0.0004166667
74 141.2180 0.0004333333
75 143.1506 0.0004333333
76 145.0860 0.0004166667
77 147.0191 0.0004166667
78 148.9528 0.0004500000
79 150.8845 0.0004333333
80 152.8175 0.0004333333
81 154.7505 0.0004000000
82 156.6876 0.0004333333
83 158.6270 0.0003833333
84 160.5636 0.0004166667
85 162.4992 0.0004166667
86 164.4352 0.0004000000
87 166.3701 0.0004000000
88 168.3065 0.0004166667
89 170.2404 0.0004000000
90 172.1751 0.0003833333
91 174.1095 0.0003833333
92 176.0449 0.0004333333
93 177.9805 0.0004000000
94 179.9158 0.0004000000
95 181.8504 0.0003833333
96 183.7858 0.0003666667
97 185.7196 0.0004000000
98 187.6602 0.0003833333
99 189.5952 0.0003833333
100 191.5310 0.0004000000
101 193.4652 0.0004000000
102 195.4009 0.0004000000
103 197.3358 0.0003833333
104 199.2715 0.0004000000
105 201.2055 0.0004000000
106 203.1405 0.0003833333
107 205.0746 0.0003833333
108 207.0091 0.0003666667
109 208.9435 0.0003833333
110 210.8792 0.0003666667
111 212.8121 0.0003500000
112 214.7468 0.0003833333
113 216.6814 0.0004000000
114 218.6169 0.0003500000
115 220.5542 0.0003666667
116 222.4963 0.0003833333
117 224.4633 0.0003500000
118 226.4181 0.0003500000
119 228.3537 0.0003666667
120 230.2899 0.0003500000
121 232.2255 0.0003666667
122 234.1599 0.0003833333
123 236.0948 0.0003666667
124 238.0303 0.0003666667
125 239.9661 0.0003500000
126 241.8998 0.0003666667
127 243.8341 0.0003333333
128 245.7692 0.0003666667
129 247.7037 0.0003666667
130 249.6385 0.0003833333
131 251.5725 0.0003500000
132 253.5079 0.0004000000
133 255.4424 0.0003333333
134 257.3765 0.0003833333
135 259.3104 0.0003333333
136 261.2451 0.0003500000
137 263.1795 0.0003166667
138 265.1138 0.0003500000
139 267.0485 0.0003500000
140 268.9836 0.0003500000
141 270.9165 0.0003333333
142 272.8519 0.0003500000
143 274.7861 0.0003333333
144 276.7203 0.0003166667
145 278.6543 0.0003333333
146 280.5893 0.0003500000
147 282.5245 0.0003500000
148 284.4595 0.0003500000
149 286.3948 0.0003500000
150 288.3310 0.0003333333
151 290.2657 0.0003500000
152 292.2017 0.0003333333
153 294.1370 0.0003333333
154 296.0718 0.0003166667
155 298.0067 0.0003333333
156 299.9415 0.0003166667
157 301.8748 0.0003500000
158 303.8106 0.0003333333
159 305.7452 0.0003166667
160 307.6799 0.0003333333
161 309.6127 0.0003166667
162 311.5482 0.0003166667
163 313.4824 0.0003166667
164 315.4173 0.0003333333
165 317.3525 0.0003333333
166 319.2888 0.0003166667
167 321.2235 0.0003166667
168 323.1581 0.0003166667
169 325.0932 0.0003166667
170 327.0285 0.0003333333
171 328.9637 0.0003333333
172 330.8978 0.0003333333
173 332.8317 0.0003166667
174 334.7648 0.0003166667
175 336.7000 0.0003333333
176 338.6342 0.0003166667
177 340.5673 0.0003333333
178 342.5017 0.0003333333
179 344.4358 0.0003333333
180 346.3691 0.0003166667
181 348.3033 0.0003166667
182 350.2377 0.0003333333
183 352.1733 0.0003166667
184 354.1078 0.0003166667
185 356.0428 0.0003333333
186 357.9782 0.0003166667
187 359.9120 0.0003166667
188 361.8494 0.0003333333
189 363.7824 0.0003166667
190 365.7169 0.0003333333
191 367.6511 0.0003333333
192 369.5841 0.0003000000
193 371.5195 0.0003333333
194 373.4535 0.0003000000
195 375.3878 0.0003333333
196 377.3224 0.0003166667
197 379.2557 0.0003166667
198 381.1903 0.0003333333
199 383.1254 0.0003333333
200 385.0611 0.0003166667
