1 0.0000 5.8700000000
2 4.1345 4.3100000000
3 8.2324 3.9900000000
4 12.3369 3.7000000000
5 16.4329 3.1700000000
6 20.5283 2.9900000000
7 24.6279 3.1800000000
8 28.7219 3.1500000000
9 32.8148 2.9200000000
10 36.9088 2.8000000000
11 41.0277 2.9100000000
12 45.1201 2.6700000000
13 49.2129 2.5800000000
14 53.2973 2.7700000000
15 57.3956 2.5400000000
16 61.4864 2.5600000000
17 65.5792 2.7600000000
18 69.6707 2.4900000000
19 73.7647 2.5200000000
20 77.8628 2.4400000000
21 81.9680 2.5000000000
22 86.0756 2.6800000000
23 90.1865 2.4600000000
24 94.2896 2.4400000000
25 98.3888 2.4200000000
26 102.4828 2.3300000000
27 106.5824 2.3600000000
28 110.6817 2.3800000000
29 114.7780 2.3800000000
30 118.8762 2.1800000000
31 122.9735 2.2500000000
32 127.0725 2.3500000000
33 131.1667 2.3300000000
34 135.2625 2.1100000000
35 139.3568 2.3100000000
36 143.4524 2.3400000000
37 147.5479 2.1300000000
38 151.6451 2.4400000000
39 155.7428 2.3200000000
40 159.8407 2.3300000000
41 163.9352 2.1200000000
42 168.0264 2.1800000000
43 172.1257 2.2700000000
44 176.2249 2.4200000000
45 180.3234 2.2500000000
46 184.4222 2.2000000000
47 188.5198 2.2300000000
48 192.6165 2.3000000000
49 196.7141 2.1300000000
50 200.8157 2.1500000000
51 204.9122 2.2700000000
52 209.0081 2.1900000000
53 213.1024 2.5000000000
54 217.1948 2.1100000000
55 221.2888 2.2000000000
56 225.3837 2.1600000000
57 229.4743 2.1000000000
58 233.5631 2.1300000000
59 237.6533 2.1400000000
60 241.7446 2.2600000000
61 245.8370 1.9500000000
62 249.9289 2.3900000000
63 254.0199 1.9900000000
64 258.1140 2.2300000000
65 262.2071 2.3000000000
66 266.3004 2.1300000000
67 270.3858 2.2600000000
68 274.4974 2.1500000000
69 278.5982 2.2600000000
70 282.7039 2.2700000000
71 286.8067 2.1400000000
72 290.9085 2.0800000000
73 295.0115 1.9600000000
74 299.1065 2.1300000000
75 303.1992 1.9200000000
76 307.2919 2.2000000000
77 311.3865 2.2000000000
78 315.4808 1.9900000000
79 319.5744 2.0800000000
80 323.6688 2.1500000000
81 327.7588 1.9700000000
82 331.8454 2.0800000000
83 335.9324 2.1100000000
84 340.0267 2.2200000000
85 344.1210 2.0400000000
86 348.2157 2.2400000000
87 352.3091 2.0100000000
88 356.4028 2.1300000000
89 360.4985 2.2400000000
90 364.5881 2.1800000000
91 368.6818 2.0900000000
92 372.7763 2.0500000000
93 376.8714 1.9500000000
94 380.9675 2.0000000000
95 385.0658 2.1200000000
96 389.1729 2.0800000000
97 393.2767 1.9800000000
98 397.3832 1.9100000000
99 401.4892 2.1600000000
100 405.5942 2.4000000000
101 409.6961 2.1500000000
102 413.7951 1.9400000000
103 417.8952 2.0200000000
104 421.9940 1.9400000000
105 426.0931 2.1000000000
106 430.1944 1.9800000000
107 434.2860 1.8700000000
108 438.3745 2.1100000000
109 442.4672 2.0400000000
110 446.5577 2.0100000000
111 450.6485 1.9700000000
112 454.7434 1.9100000000
113 458.8371 2.0100000000
114 462.9315 2.0700000000
115 467.0232 1.8700000000
116 471.1138 2.0600000000
117 475.2074 1.9500000000
118 479.2999 1.9800000000
119 483.3888 2.1800000000
120 487.4778 2.0500000000
121 491.5851 1.8700000000
122 495.6947 2.0000000000
123 499.7853 1.7900000000
124 503.8778 1.9700000000
125 507.9714 2.1900000000
126 512.0664 1.9500000000
127 516.1584 2.0500000000
128 520.2533 2.0100000000
129 524.3461 1.8300000000
130 528.4391 2.0000000000
131 532.5322 1.9500000000
132 536.6285 2.0300000000
133 540.7215 1.8400000000
134 544.8148 2.0100000000
135 548.9100 1.8600000000
136 553.0035 2.1100000000
137 557.0968 1.9700000000
138 561.1904 1.9400000000
139 565.2842 1.9200000000
140 569.3792 1.8900000000
141 573.4745 1.9900000000
142 577.5676 1.9600000000
143 581.6604 2.1400000000
144 585.7545 1.8000000000
145 589.8477 1.8500000000
146 593.9404 1.9400000000
147 598.0338 2.0100000000
148 602.1267 2.0400000000
149 606.2222 1.9000000000
150 610.3151 1.9700000000
151 614.4084 1.9600000000
152 618.5006 1.9600000000
153 622.5986 2.0000000000
154 626.6915 1.8700000000
155 630.7871 2.1000000000
156 634.8810 2.0100000000
157 638.9745 1.8600000000
158 643.0689 1.9600000000
159 647.1615 2.0200000000
160 651.2564 1.7800000000
161 655.3541 1.8800000000
162 659.4527 1.9600000000
163 663.5474 1.9000000000
164 667.6448 1.8200000000
165 671.7404 1.8300000000
166 675.8361 1.9800000000
167 679.9312 2.0200000000
168 684.0277 1.9400000000
169 688.1234 1.8000000000
170 692.2191 1.9400000000
171 696.3135 1.8000000000
172 700.4076 1.8900000000
173 704.5023 1.9900000000
174 708.5985 1.9500000000
175 712.6943 1.9400000000
176 716.7705 1.9800000000
177 720.8460 2.0100000000
178 724.9214 1.9100000000
179 728.9950 1.8500000000
180 733.0701 1.9900000000
181 737.1452 1.9300000000
182 741.2198 1.9400000000
183 745.2958 1.9600000000
184 749.3725 2.0200000000
185 753.4469 1.9400000000
186 757.5210 1.9200000000
187 761.5948 1.9300000000
188 765.6717 1.8900000000
189 769.7510 1.9300000000
190 773.8410 1.8700000000
191 777.9390 2.0200000000
192 782.0324 1.9800000000
193 786.1257 1.9200000000
194 790.2184 1.9200000000
195 794.3609 1.9000000000
196 798.4478 2.0300000000
197 802.5330 1.8600000000
198 806.6203 2.1000000000
199 810.7056 2.0200000000
200 814.7831 1.8000000000
