1 0.0000 0.0843666667
2 4.1345 0.0454666667
3 8.2324 0.0367166667
4 12.3369 0.0333666667
5 16.4329 0.0295166667
6 20.5283 0.0276500000
7 24.6279 0.0258166667
8 28.7219 0.0248833333
9 32.8148 0.0236000000
10 36.9088 0.0228333333
11 41.0277 0.0215500000
12 45.1201 0.0210833333
13 49.2129 0.0214666667
14 53.2973 0.0198833333
15 57.3956 0.0190833333
16 61.4864 0.0190333333
17 65.5792 0.0184166667
18 69.6707 0.0176500000
19 73.7647 0.0175666667
20 77.8628 0.0168333333
21 81.9680 0.0163500000
22 86.0756 0.0167500000
23 90.1865 0.0166833333
24 94.2896 0.0159166667
25 98.3888 0.0158666667
26 102.4828 0.0152833333
27 106.5824 0.0153166667
28 110.6817 0.0147500000
29 114.7780 0.0152000000
30 118.8762 0.0147333333
31 122.9735 0.0146666667
32 127.0725 0.0143000000
33 131.1667 0.0140666667
34 135.2625 0.0139833333
35 139.3568 0.0142500000
36 143.4524 0.0137500000
37 147.5479 0.0135500000
38 151.6451 0.0127833333
39 155.7428 0.0131500000
40 159.8407 0.0132500000
41 163.9352 0.0124666667
42 168.0264 0.0123833333
43 172.1257 0.0130166667
44 176.2249 0.0127166667
45 180.3234 0.0127666667
46 184.4222 0.0126166667
47 188.5198 0.0124333333
48 192.6165 0.0123166667
49 196.7141 0.0119666667
50 200.8157 0.0119833333
51 204.9122 0.0118833333
52 209.0081 0.0122000000
53 213.1024 0.0116333333
54 217.1948 0.0112500000
55 221.2888 0.0113833333
56 225.3837 0.0113666667
57 229.4743 0.0111833333
58 233.5631 0.0112500000
59 237.6533 0.0111166667
60 241.7446 0.0113833333
61 245.8370 0.0113500000
62 249.9289 0.0108500000
63 254.0199 0.0101000000
64 258.1140 0.0107000000
65 262.2071 0.0109833333
66 266.3004 0.0103500000
67 270.3858 0.0100333333
68 274.4974 0.0103666667
69 278.5982 0.0107833333
70 282.7039 0.0104833333
71 286.8067 0.0104333333
72 290.9085 0.0099833333
73 295.0115 0.0104833333
74 299.1065 0.0104166667
75 303.1992 0.0096500000
76 307.2919 0.0099000000
77 311.3865 0.0097000000
78 315.4808 0.0097000000
79 319.5744 0.0096333333
80 323.6688 0.0096333333
81 327.7588 0.0095833333
82 331.8454 0.0091666667
83 335.9324 0.0092333333
84 340.0267 0.0093000000
85 344.1210 0.0093333333
86 348.2157 0.0094666667
87 352.3091 0.0095666667
88 356.4028 0.0088666667
89 360.4985 0.0092333333
90 364.5881 0.0088000000
91 368.6818 0.0085500000
92 372.7763 0.0088833333
93 376.8714 0.0091833333
94 380.9675 0.0088000000
95 385.0658 0.0081500000
96 389.1729 0.0087166667
97 393.2767 0.0082000000
98 397.3832 0.0085166667
99 401.4892 0.0083000000
100 405.5942 0.0083666667
101 409.6961 0.0085666667
102 413.7951 0.0085333333
103 417.8952 0.0085000000
104 421.9940 0.0082833333
105 426.0931 0.0084333333
106 430.1944 0.0081500000
107 434.2860 0.0082166667
108 438.3745 0.0086000000
109 442.4672 0.0079333333
110 446.5577 0.0081500000
111 450.6485 0.0079500000
112 454.7434 0.0080833333
113 458.8371 0.0078000000
114 462.9315 0.0074666667
115 467.0232 0.0079666667
116 471.1138 0.0080000000
117 475.2074 0.0074833333
118 479.2999 0.0080833333
119 483.3888 0.0078666667
120 487.4778 0.0082500000
121 491.5851 0.0080666667
122 495.6947 0.0078500000
123 499.7853 0.0077500000
124 503.8778 0.0078166667
125 507.9714 0.0077833333
126 512.0664 0.0075666667
127 516.1584 0.0080833333
128 520.2533 0.0075500000
129 524.3461 0.0073833333
130 528.4391 0.0079166667
131 532.5322 0.0075000000
132 536.6285 0.0074500000
133 540.7215 0.0071000000
134 544.8148 0.0070666667
135 548.9100 0.0070666667
136 553.0035 0.0074833333
137 557.0968 0.0074000000
138 561.1904 0.0072833333
139 565.2842 0.0070666667
140 569.3792 0.0072333333
141 573.4745 0.0072500000
142 577.5676 0.0072500000
143 581.6604 0.0068500000
144 585.7545 0.0069500000
145 589.8477 0.0072000000
146 593.9404 0.0068333333
147 598.0338 0.0068000000
148 602.1267 0.0073500000
149 606.2222 0.0069500000
150 610.3151 0.0068333333
151 614.4084 0.0069666667
152 618.5006 0.0068500000
153 622.5986 0.0068000000
154 626.6915 0.0065500000
155 630.7871 0.0069666667
156 634.8810 0.0068833333
157 638.9745 0.0064500000
158 643.0689 0.0069833333
159 647.1615 0.0069833333
160 651.2564 0.0068833333
161 655.3541 0.0066833333
162 659.4527 0.0064833333
163 663.5474 0.0068500000
164 667.6448 0.0067000000
165 671.7404 0.0062666667
166 675.8361 0.0065833333
167 679.9312 0.0065333333
168 684.0277 0.0067166667
169 688.1234 0.0067500000
170 692.2191 0.0061333333
171 696.3135 0.0059166667
172 700.4076 0.0062333333
173 704.5023 0.0061500000
174 708.5985 0.0064166667
175 712.6943 0.0063000000
176 716.7705 0.0063166667
177 720.8460 0.0063000000
178 724.9214 0.0065500000
179 728.9950 0.0066666667
180 733.0701 0.0064333333
181 737.1452 0.0062333333
182 741.2198 0.0062000000
183 745.2958 0.0064833333
184 749.3725 0.0062500000
185 753.4469 0.0063333333
186 757.5210 0.0060166667
187 761.5948 0.0064500000
188 765.6717 0.0062166667
189 769.7510 0.0055000000
190 773.8410 0.0057166667
191 777.9390 0.0059666667
192 782.0324 0.0058666667
193 786.1257 0.0063833333
194 790.2184 0.0063500000
195 794.3609 0.0060166667
196 798.4478 0.0064166667
197 802.5330 0.0061666667
198 806.6203 0.0059500000
199 810.7056 0.0061500000
200 814.7831 0.0062833333
