1 0.0000 4.9600000000
2 1.9173 3.7400000000
3 3.8363 3.4100000000
4 5.7528 3.1800000000
5 7.6654 3.0600000000
6 9.5774 2.9400000000
7 11.4890 2.8900000000
8 13.4002 2.7500000000
9 15.3105 2.7800000000
10 17.2223 2.7500000000
11 19.1357 2.7300000000
12 21.0682 2.7400000000
13 22.9787 2.6900000000
14 24.8887 2.6900000000
15 26.7992 2.6800000000
16 28.7127 2.6900000000
17 30.6232 2.6900000000
18 32.5334 2.7000000000
19 34.4443 2.6300000000
20 36.3552 2.6400000000
21 38.2655 2.6200000000
22 40.1759 2.6300000000
23 42.0850 2.6300000000
24 43.9980 2.6500000000
25 45.9123 2.6800000000
26 47.8209 2.6400000000
27 49.7300 2.6300000000
28 51.6378 2.6300000000
29 53.5459 2.6200000000
30 55.4632 2.6300000000
31 57.3704 2.6400000000
32 59.2789 2.6400000000
33 61.1872 2.6200000000
34 63.0960 2.6500000000
35 65.0074 2.6600000000
36 66.9218 2.6800000000
37 68.8351 2.6200000000
38 70.7448 2.6600000000
39 72.6543 2.6300000000
40 74.5647 2.6500000000
41 76.4735 2.6200000000
42 78.3832 2.6200000000
43 80.2928 2.6500000000
44 82.2020 2.6200000000
45 84.1139 2.6500000000
46 86.0243 2.6400000000
47 87.9329 2.6200000000
48 89.8431 2.6300000000
49 91.7527 2.6300000000
50 93.6613 2.6200000000
51 95.5695 2.6200000000
52 97.4792 2.6100000000
53 99.3890 2.6000000000
54 101.2980 2.6100000000
55 103.2077 2.6100000000
56 105.1174 2.6100000000
57 107.0266 2.6200000000
58 108.9349 2.5900000000
59 110.8429 2.6300000000
60 112.7539 2.6200000000
61 114.6645 2.6200000000
62 116.5742 2.6000000000
63 118.4847 2.6100000000
64 120.3950 2.6200000000
65 122.3045 2.6100000000
66 124.2151 2.6100000000
67 126.1235 2.6000000000
68 128.0331 2.6400000000
69 129.9436 2.6300000000
70 131.8536 2.6100000000
71 133.7636 2.6000000000
72 135.6736 2.6000000000
73 137.5819 2.5800000000
74 139.4908 2.6200000000
75 141.3995 2.6000000000
76 143.3071 2.6000000000
77 145.2151 2.6000000000
78 147.1242 2.6000000000
79 149.0306 2.6200000000
80 150.9396 2.6000000000
81 152.8488 2.6200000000
82 154.7580 2.5800000000
83 156.6666 2.6200000000
84 158.5755 2.5800000000
85 160.4840 2.6000000000
86 162.3929 2.6000000000
87 164.3019 2.6200000000
88 166.2105 2.6100000000
89 168.1193 2.6000000000
90 170.0287 2.5900000000
91 171.9367 2.6000000000
92 173.8463 2.6300000000
93 175.7541 2.6000000000
94 177.6624 2.5800000000
95 179.5709 2.6100000000
96 181.4829 2.6100000000
97 183.3909 2.6500000000
98 185.2987 2.6100000000
99 187.2063 2.6000000000
100 189.1162 2.5800000000
101 191.0238 2.5700000000
102 192.9328 2.6000000000
103 194.8455 2.6000000000
104 196.7536 2.5800000000
105 198.6603 2.5900000000
106 200.5686 2.5800000000
107 202.4766 2.5400000000
108 204.3855 2.5800000000
109 206.2936 2.5600000000
110 208.2016 2.5400000000
111 210.1104 2.5600000000
112 212.0192 2.5500000000
113 213.9261 2.5800000000
114 215.8371 2.5500000000
115 217.7547 2.5500000000
116 219.6678 2.5500000000
117 221.5787 2.5800000000
118 223.4903 2.5600000000
119 225.4020 2.6000000000
120 227.3135 2.5400000000
121 229.2228 2.6100000000
122 231.1378 2.5500000000
123 233.0499 2.5800000000
124 234.9623 2.5700000000
125 236.8717 2.5800000000
126 238.7819 2.5800000000
127 240.6905 2.5600000000
128 242.5998 2.5800000000
129 244.5103 2.5700000000
130 246.4190 2.6000000000
131 248.3269 2.5800000000
132 250.2349 2.5800000000
133 252.1448 2.5500000000
134 254.0535 2.5500000000
135 255.9620 2.5500000000
136 257.8746 2.5200000000
137 259.7843 2.5500000000
138 261.6919 2.5500000000
139 263.6001 2.5500000000
140 265.5091 2.5500000000
141 267.4194 2.5500000000
142 269.3278 2.5300000000
143 271.2382 2.5600000000
144 273.1470 2.5500000000
145 275.0563 2.5300000000
146 276.9693 2.5600000000
147 278.8843 2.5400000000
148 280.7950 2.5200000000
149 282.7043 2.5800000000
150 284.6139 2.5600000000
151 286.5227 2.5600000000
152 288.4316 2.5400000000
153 290.3401 2.5500000000
154 292.2485 2.5400000000
155 294.1587 2.5200000000
156 296.0690 2.5500000000
157 297.9785 2.5300000000
158 299.8876 2.5400000000
159 301.7962 2.5600000000
160 303.7049 2.5700000000
161 305.6142 2.5100000000
162 307.5222 2.5200000000
163 309.4315 2.5500000000
164 311.3395 2.5000000000
165 313.2475 2.5100000000
166 315.1563 2.5100000000
167 317.0646 2.5700000000
168 318.9743 2.5300000000
169 320.8831 2.5300000000
170 322.7930 2.5600000000
171 324.7013 2.5300000000
172 326.6101 2.5600000000
173 328.5186 2.5400000000
174 330.4282 2.5300000000
175 332.3367 2.5300000000
176 334.2460 2.5400000000
177 336.1661 2.4900000000
178 338.0758 2.5300000000
179 339.9832 2.5200000000
180 341.8906 2.5300000000
181 343.7980 2.5200000000
182 345.7071 2.5100000000
183 347.6149 2.5300000000
184 349.5233 2.5000000000
185 351.4320 2.5300000000
186 353.3411 2.5200000000
187 355.2499 2.5200000000
188 357.1585 2.4900000000
189 359.0653 2.5000000000
190 360.9738 2.5000000000
191 362.8821 2.5300000000
192 364.7912 2.5500000000
193 366.6995 2.5100000000
194 368.6071 2.5400000000
195 370.5155 2.5000000000
196 372.4251 2.5100000000
197 374.3331 2.5200000000
198 376.2419 2.4900000000
199 378.1504 2.5100000000
200 380.0591 2.5100000000
