1 0.0000 0.0732666667
2 1.9173 0.0356333333
3 3.8363 0.0271000000
4 5.7528 0.0230666667
5 7.6654 0.0206166667
6 9.5774 0.0193333333
7 11.4890 0.0182666667
8 13.4002 0.0174833333
9 15.3105 0.0168000000
10 17.2223 0.0164833333
11 19.1357 0.0161666667
12 21.0682 0.0157833333
13 22.9787 0.0155500000
14 24.8887 0.0153666667
15 26.7992 0.0152500000
16 28.7127 0.0151000000
17 30.6232 0.0151166667
18 32.5334 0.0149833333
19 34.4443 0.0149500000
20 36.3552 0.0148000000
21 38.2655 0.0147166667
22 40.1759 0.0146833333
23 42.0850 0.0146000000
24 43.9980 0.0146000000
25 45.9123 0.0146500000
26 47.8209 0.0144166667
27 49.7300 0.0144166667
28 51.6378 0.0143666667
29 53.5459 0.0143333333
30 55.4632 0.0143000000
31 57.3704 0.0142333333
32 59.2789 0.0142833333
33 61.1872 0.0142666667
34 63.0960 0.0142500000
35 65.0074 0.0141666667
36 66.9218 0.0141833333
37 68.8351 0.0141000000
38 70.7448 0.0141666667
39 72.6543 0.0141333333
40 74.5647 0.0140000000
41 76.4735 0.0140166667
42 78.3832 0.0140666667
43 80.2928 0.0140666667
44 82.2020 0.0139833333
45 84.1139 0.0139166667
46 86.0243 0.0140166667
47 87.9329 0.0140166667
48 89.8431 0.0140000000
49 91.7527 0.0139500000
50 93.6613 0.0139666667
51 95.5695 0.0139666667
52 97.4792 0.0139333333
53 99.3890 0.0139000000
54 101.2980 0.0138666667
55 103.2077 0.0137500000
56 105.1174 0.0138333333
57 107.0266 0.0138333333
58 108.9349 0.0138166667
59 110.8429 0.0138333333
60 112.7539 0.0139000000
61 114.6645 0.0138666667
62 116.5742 0.0138500000
63 118.4847 0.0138666667
64 120.3950 0.0138166667
65 122.3045 0.0138333333
66 124.2151 0.0138666667
67 126.1235 0.0138333333
68 128.0331 0.0138500000
69 129.9436 0.0138333333
70 131.8536 0.0139333333
71 133.7636 0.0137500000
72 135.6736 0.0138666667
73 137.5819 0.0138166667
74 139.4908 0.0138333333
75 141.3995 0.0137833333
76 143.3071 0.0137000000
77 145.2151 0.0137833333
78 147.1242 0.0137500000
79 149.0306 0.0137666667
80 150.9396 0.0137333333
81 152.8488 0.0137833333
82 154.7580 0.0136833333
83 156.6666 0.0137833333
84 158.5755 0.0137333333
85 160.4840 0.0135833333
86 162.3929 0.0135833333
87 164.3019 0.0136666667
88 166.2105 0.0137166667
89 168.1193 0.0137166667
90 170.0287 0.0137166667
91 171.9367 0.0137166667
92 173.8463 0.0136333333
93 175.7541 0.0135333333
94 177.6624 0.0136666667
95 179.5709 0.0136666667
96 181.4829 0.0136166667
97 183.3909 0.0136333333
98 185.2987 0.0135833333
99 187.2063 0.0136000000
100 189.1162 0.0136166667
101 191.0238 0.0136333333
102 192.9328 0.0137166667
103 194.8455 0.0137500000
104 196.7536 0.0137333333
105 198.6603 0.0137166667
106 200.5686 0.0135333333
107 202.4766 0.0137166667
108 204.3855 0.0137000000
109 206.2936 0.0136833333
110 208.2016 0.0137333333
111 210.1104 0.0136333333
112 212.0192 0.0135833333
113 213.9261 0.0135500000
114 215.8371 0.0137500000
115 217.7547 0.0136000000
116 219.6678 0.0136666667
117 221.5787 0.0136666667
118 223.4903 0.0135666667
119 225.4020 0.0136166667
120 227.3135 0.0135000000
121 229.2228 0.0135666667
122 231.1378 0.0136833333
123 233.0499 0.0134833333
124 234.9623 0.0134833333
125 236.8717 0.0135166667
126 238.7819 0.0135166667
127 240.6905 0.0134500000
128 242.5998 0.0135000000
129 244.5103 0.0136166667
130 246.4190 0.0135333333
131 248.3269 0.0136166667
132 250.2349 0.0136000000
133 252.1448 0.0135666667
134 254.0535 0.0137000000
135 255.9620 0.0134833333
136 257.8746 0.0135166667
137 259.7843 0.0134833333
138 261.6919 0.0134000000
139 263.6001 0.0135500000
140 265.5091 0.0134000000
141 267.4194 0.0134833333
142 269.3278 0.0134333333
143 271.2382 0.0135166667
144 273.1470 0.0134333333
145 275.0563 0.0136333333
146 276.9693 0.0135833333
147 278.8843 0.0134666667
148 280.7950 0.0134333333
149 282.7043 0.0135166667
150 284.6139 0.0136333333
151 286.5227 0.0135666667
152 288.4316 0.0135000000
153 290.3401 0.0135333333
154 292.2485 0.0135000000
155 294.1587 0.0134666667
156 296.0690 0.0134166667
157 297.9785 0.0135333333
158 299.8876 0.0134666667
159 301.7962 0.0135500000
160 303.7049 0.0135333333
161 305.6142 0.0134833333
162 307.5222 0.0134500000
163 309.4315 0.0134833333
164 311.3395 0.0134166667
165 313.2475 0.0135000000
166 315.1563 0.0135833333
167 317.0646 0.0134000000
168 318.9743 0.0134833333
169 320.8831 0.0135166667
170 322.7930 0.0134833333
171 324.7013 0.0133666667
172 326.6101 0.0133833333
173 328.5186 0.0134500000
174 330.4282 0.0134833333
175 332.3367 0.0135166667
176 334.2460 0.0135500000
177 336.1661 0.0134500000
178 338.0758 0.0135166667
179 339.9832 0.0135500000
180 341.8906 0.0135166667
181 343.7980 0.0135666667
182 345.7071 0.0135833333
183 347.6149 0.0134500000
184 349.5233 0.0134666667
185 351.4320 0.0135333333
186 353.3411 0.0136500000
187 355.2499 0.0134500000
188 357.1585 0.0134333333
189 359.0653 0.0136500000
190 360.9738 0.0135166667
191 362.8821 0.0134333333
192 364.7912 0.0134500000
193 366.6995 0.0134333333
194 368.6071 0.0135833333
195 370.5155 0.0135166667
196 372.4251 0.0134166667
197 374.3331 0.0135666667
198 376.2419 0.0134833333
199 378.1504 0.0135333333
200 380.0591 0.0136166667
