1 0.0000 7.8000000000
2 1.9194 5.0000000000
3 3.8295 4.1000000000
4 5.7413 3.4200000000
5 7.6527 3.0100000000
6 9.5653 2.7500000000
7 11.4773 2.6200000000
8 13.3891 2.4200000000
9 15.3013 2.3600000000
10 17.2143 2.3700000000
11 19.1294 2.3200000000
12 21.0467 2.3000000000
13 22.9583 2.2500000000
14 24.8773 2.1900000000
15 26.7940 2.1600000000
16 28.7054 2.0700000000
17 30.6169 2.0400000000
18 32.5287 2.0100000000
19 34.4396 2.0100000000
20 36.3520 1.9800000000
21 38.2643 1.9600000000
22 40.1761 1.9400000000
23 42.0867 1.9300000000
24 43.9986 1.9100000000
25 45.9097 1.8800000000
26 47.8241 1.8900000000
27 49.7448 1.8600000000
28 51.6597 1.8400000000
29 53.5721 1.8400000000
30 55.4852 1.8200000000
31 57.3970 1.8200000000
32 59.3183 1.8200000000
33 61.2310 1.8200000000
34 63.1438 1.7900000000
35 65.0594 1.7900000000
36 66.9780 1.7900000000
37 68.8890 1.7900000000
38 70.8007 1.8000000000
39 72.7119 1.8000000000
40 74.6226 1.7900000000
41 76.5356 1.7800000000
42 78.4480 1.7900000000
43 80.3600 1.8000000000
44 82.2715 1.8000000000
45 84.1838 1.8000000000
46 86.0956 1.8000000000
47 88.0089 1.7800000000
48 89.9270 1.7800000000
49 91.8401 1.7900000000
50 93.7626 1.8000000000
51 95.7042 1.8100000000
52 97.6271 1.8200000000
53 99.5407 1.8200000000
54 101.4547 1.8200000000
55 103.3674 1.8200000000
56 105.2796 1.7900000000
57 107.1922 1.7900000000
58 109.1051 1.7900000000
59 111.0194 1.8000000000
60 112.9406 1.8000000000
61 114.8532 1.7800000000
62 116.7664 1.7900000000
63 118.6777 1.7900000000
64 120.5902 1.7800000000
65 122.5019 1.7800000000
66 124.4133 1.7700000000
67 126.3245 1.7700000000
68 128.2360 1.7700000000
69 130.1475 1.7800000000
70 132.0602 1.7800000000
71 133.9739 1.7800000000
72 135.8943 1.7800000000
73 137.8074 1.7800000000
74 139.7200 1.7800000000
75 141.6319 1.7800000000
76 143.5444 1.7800000000
77 145.4563 1.7800000000
78 147.3689 1.7800000000
79 149.2821 1.7900000000
80 151.1938 1.7900000000
81 153.1051 1.7900000000
82 155.0168 1.7900000000
83 156.9313 1.7900000000
84 158.8515 1.7900000000
85 160.7644 1.7900000000
86 162.6770 1.7900000000
87 164.5895 1.7900000000
88 166.5022 1.7900000000
89 168.4142 1.7900000000
90 170.3276 1.7800000000
91 172.2390 1.7700000000
92 174.1662 1.7800000000
93 176.0910 1.7800000000
94 178.0038 1.7600000000
95 179.9180 1.7600000000
96 181.8340 1.7600000000
97 183.7459 1.7600000000
98 185.6589 1.7600000000
99 187.5693 1.7600000000
100 189.4812 1.7700000000
101 191.3927 1.7700000000
102 193.3041 1.7700000000
103 195.2158 1.7700000000
104 197.1282 1.7700000000
105 199.0396 1.7700000000
106 200.9507 1.7700000000
107 202.8618 1.7700000000
108 204.7734 1.7700000000
109 206.6833 1.7600000000
110 208.5990 1.7600000000
111 210.5183 1.7600000000
112 212.4293 1.7600000000
113 214.3410 1.7600000000
114 216.2529 1.7600000000
115 218.1630 1.7600000000
116 220.0758 1.7600000000
117 221.9896 1.7600000000
118 223.9016 1.7600000000
119 225.8129 1.7600000000
120 227.7253 1.7600000000
121 229.6371 1.7600000000
122 231.5496 1.7700000000
123 233.4604 1.7700000000
124 235.3716 1.7700000000
125 237.2827 1.7700000000
126 239.1943 1.7700000000
127 241.1060 1.7700000000
128 243.0195 1.7700000000
129 244.9343 1.7700000000
130 246.8480 1.7700000000
131 248.7610 1.7700000000
132 250.6760 1.7700000000
133 252.5887 1.7700000000
134 254.5016 1.7800000000
135 256.4139 1.7700000000
136 258.3275 1.7700000000
137 260.2390 1.7700000000
138 262.1517 1.7700000000
139 264.0633 1.7700000000
140 265.9785 1.7700000000
141 267.8963 1.7700000000
142 269.8087 1.7700000000
143 271.7210 1.7700000000
144 273.6321 1.7700000000
145 275.5436 1.7700000000
146 277.4561 1.7700000000
147 279.3676 1.7700000000
148 281.2790 1.7700000000
149 283.1899 1.7700000000
150 285.1013 1.7700000000
151 287.0125 1.7700000000
152 288.9279 1.7700000000
153 290.8434 1.7700000000
154 292.7563 1.7700000000
155 294.6675 1.7700000000
156 296.5800 1.7700000000
157 298.4917 1.7700000000
158 300.4036 1.7600000000
159 302.3147 1.7600000000
160 304.2246 1.7600000000
161 306.1353 1.7600000000
162 308.0458 1.7500000000
163 309.9565 1.7500000000
164 311.8703 1.7500000000
165 313.7921 1.7500000000
166 315.7043 1.7500000000
167 317.6167 1.7500000000
168 319.5299 1.7500000000
169 321.4420 1.7500000000
170 323.3544 1.7500000000
171 325.2651 1.7500000000
172 327.1773 1.7500000000
173 329.0979 1.7500000000
174 331.0090 1.7500000000
175 332.9207 1.7500000000
176 334.8310 1.7500000000
177 336.7423 1.7500000000
178 338.6536 1.7500000000
179 340.5644 1.7500000000
180 342.4767 1.7500000000
181 344.3879 1.7500000000
182 346.2982 1.7500000000
183 348.2089 1.7500000000
184 350.1201 1.7500000000
185 352.0338 1.7500000000
186 353.9530 1.7500000000
187 355.8640 1.7500000000
188 357.7760 1.7500000000
189 359.6875 1.7500000000
190 361.5994 1.7500000000
191 363.5114 1.7500000000
192 365.4230 1.7500000000
193 367.3353 1.7500000000
194 369.2480 1.7500000000
195 371.1573 1.7500000000
196 373.0675 1.7500000000
197 374.9805 1.7500000000
198 376.8961 1.7500000000
199 378.8073 1.7500000000
200 380.7191 1.7500000000
