1 0.0000 4.6000000000
2 1.9416 3.4200000000
3 3.8663 2.8300000000
4 5.7930 2.6700000000
5 7.7211 2.4600000000
6 9.6480 2.4000000000
7 11.5737 2.2700000000
8 13.5024 2.2300000000
9 15.4277 2.1400000000
10 17.3543 2.1400000000
11 19.2806 2.0800000000
12 21.2064 2.0700000000
13 23.1322 2.0600000000
14 25.0578 2.0100000000
15 26.9840 2.0000000000
16 28.9100 2.0100000000
17 30.8361 2.0100000000
18 32.7673 2.0000000000
19 34.7056 1.9800000000
20 36.6392 1.9900000000
21 38.5730 1.9900000000
22 40.5068 2.0400000000
23 42.4404 2.0100000000
24 44.3734 2.0000000000
25 46.3041 2.0300000000
26 48.2379 2.0100000000
27 50.1694 2.0100000000
28 52.1011 1.9700000000
29 54.0336 1.9900000000
30 55.9661 1.9900000000
31 57.8980 2.0100000000
32 59.8302 1.9800000000
33 61.7642 1.9900000000
34 63.6937 1.9800000000
35 65.6198 1.9600000000
36 67.5481 1.9800000000
37 69.4757 1.9600000000
38 71.4019 1.9700000000
39 73.3272 1.9400000000
40 75.2542 1.9500000000
41 77.1802 1.9500000000
42 79.1059 1.9400000000
43 81.0313 1.9200000000
44 82.9581 1.9200000000
45 84.8832 1.9700000000
46 86.8092 1.9200000000
47 88.7350 1.9000000000
48 90.6614 1.9400000000
49 92.5876 1.8900000000
50 94.5140 1.9300000000
51 96.4390 1.8900000000
52 98.3637 1.9000000000
53 100.2885 1.9200000000
54 102.2137 1.9000000000
55 104.1387 1.8900000000
56 106.0631 1.8800000000
57 107.9881 1.9200000000
58 109.9145 1.9000000000
59 111.8403 1.9100000000
60 113.7642 1.9000000000
61 115.6894 1.8700000000
62 117.6140 1.8800000000
63 119.5374 1.8900000000
64 121.4622 1.8800000000
65 123.3892 1.8600000000
66 125.3148 1.9000000000
67 127.2387 1.8700000000
68 129.1648 1.8500000000
69 131.0894 1.8800000000
70 133.0137 1.8400000000
71 134.9400 1.8700000000
72 136.8656 1.8500000000
73 138.7904 1.9300000000
74 140.7388 1.8300000000
75 142.6628 1.8600000000
76 144.5884 1.8600000000
77 146.5131 1.8500000000
78 148.4389 1.8500000000
79 150.3638 1.8500000000
80 152.2908 1.8500000000
81 154.2160 1.8700000000
82 156.1410 1.8200000000
83 158.0654 1.8500000000
84 159.9911 1.8500000000
85 161.9167 1.8100000000
86 163.8420 1.8300000000
87 165.7687 1.8400000000
88 167.6985 1.8100000000
89 169.6256 1.8400000000
90 171.5528 1.8200000000
91 173.4792 1.8500000000
92 175.4057 1.8600000000
93 177.3311 1.8200000000
94 179.2565 1.8100000000
95 181.1817 1.8600000000
96 183.1075 1.8100000000
97 185.0318 1.8400000000
98 186.9593 1.8400000000
99 188.8855 1.8400000000
100 190.8115 1.8200000000
101 192.7359 1.8200000000
102 194.6619 1.8200000000
103 196.5864 1.8200000000
104 198.5157 1.8000000000
105 200.4452 1.8200000000
106 202.3740 1.8200000000
107 204.3011 1.8200000000
108 206.2284 1.8400000000
109 208.1548 1.8200000000
110 210.0822 1.8100000000
111 212.0066 1.8200000000
112 213.9309 1.8200000000
113 215.8572 1.8400000000
114 217.7821 1.8300000000
115 219.7095 1.8400000000
116 221.6364 1.8300000000
117 223.5642 1.8300000000
118 225.4966 1.8200000000
119 227.4288 1.8200000000
120 229.3574 1.8000000000
121 231.2895 1.8200000000
122 233.2177 1.8400000000
123 235.1480 1.8400000000
124 237.0788 1.8200000000
125 239.0065 1.8300000000
126 240.9376 1.8000000000
127 242.8675 1.8300000000
128 244.7961 1.8300000000
129 246.7294 1.8100000000
130 248.6587 1.8200000000
131 250.5888 1.8400000000
132 252.5185 1.8200000000
133 254.4470 1.8200000000
134 256.3755 1.8100000000
135 258.3067 1.8000000000
136 260.2373 1.8100000000
137 262.1648 1.8200000000
138 264.0963 1.8300000000
139 266.0267 1.8100000000
140 267.9568 1.8100000000
141 269.8892 1.8300000000
142 271.8174 1.8200000000
143 273.7428 1.8200000000
144 275.6750 1.8100000000
145 277.6020 1.8200000000
146 279.5322 1.8300000000
147 281.4630 1.8100000000
148 283.3895 1.8300000000
149 285.3153 1.8000000000
150 287.2413 1.8000000000
151 289.1677 1.8300000000
152 291.0934 1.8100000000
153 293.0194 1.8200000000
154 294.9454 1.7900000000
155 296.8702 1.8200000000
156 298.7965 1.8200000000
157 300.7204 1.8500000000
158 302.6518 1.8100000000
159 304.5869 1.8200000000
160 306.5216 1.8200000000
161 308.4538 1.8100000000
162 310.3858 1.8400000000
163 312.3174 1.8100000000
164 314.2493 1.8100000000
165 316.1833 1.8000000000
166 318.1167 1.8200000000
167 320.0483 1.7900000000
168 321.9826 1.8000000000
169 323.9123 1.8200000000
170 325.8401 1.8000000000
171 327.7689 1.8100000000
172 329.6958 1.8200000000
173 331.6227 1.8000000000
174 333.5512 1.8000000000
175 335.4780 1.7900000000
176 337.4050 1.7900000000
177 339.3325 1.8100000000
178 341.2608 1.7900000000
179 343.1887 1.8000000000
180 345.1158 1.8000000000
181 347.0416 1.8000000000
182 348.9606 1.7900000000
183 350.8820 1.8100000000
184 352.8084 1.8100000000
185 354.7309 1.8100000000
186 356.6529 1.8100000000
187 358.5774 1.8000000000
188 360.5003 1.8100000000
189 362.4227 1.8200000000
190 364.3430 1.8000000000
191 366.2649 1.7900000000
192 368.1885 1.8200000000
193 370.1065 1.8200000000
194 372.0251 1.8100000000
195 373.9432 1.8300000000
196 375.8629 1.8100000000
197 377.7806 1.8000000000
198 379.6990 1.8100000000
199 381.6178 1.8100000000
200 383.5362 1.8000000000
