1 0.0000 0.0700333333
2 1.9416 0.0316666667
3 3.8663 0.0220333333
4 5.7930 0.0168000000
5 7.7211 0.0133333333
6 9.6480 0.0105500000
7 11.5737 0.0083166667
8 13.5024 0.0068166667
9 15.4277 0.0054500000
10 17.3543 0.0042333333
11 19.2806 0.0036333333
12 21.2064 0.0029333333
13 23.1322 0.0025000000
14 25.0578 0.0020666667
15 26.9840 0.0018166667
16 28.9100 0.0015500000
17 30.8361 0.0014833333
18 32.7673 0.0012833333
19 34.7056 0.0012500000
20 36.6392 0.0011000000
21 38.5730 0.0010333333
22 40.5068 0.0009833333
23 42.4404 0.0008666667
24 44.3734 0.0008833333
25 46.3041 0.0008166667
26 48.2379 0.0008000000
27 50.1694 0.0007500000
28 52.1011 0.0007500000
29 54.0336 0.0006666667
30 55.9661 0.0006666667
31 57.8980 0.0006833333
32 59.8302 0.0006500000
33 61.7642 0.0006333333
34 63.6937 0.0006500000
35 65.6198 0.0006500000
36 67.5481 0.0006000000
37 69.4757 0.0005833333
38 71.4019 0.0006166667
39 73.3272 0.0005666667
40 75.2542 0.0006000000
41 77.1802 0.0005666667
42 79.1059 0.0005666667
43 81.0313 0.0005833333
44 82.9581 0.0005500000
45 84.8832 0.0005500000
46 86.8092 0.0005666667
47 88.7350 0.0005666667
48 90.6614 0.0005500000
49 92.5876 0.0005166667
50 94.5140 0.0005333333
51 96.4390 0.0005000000
52 98.3637 0.0005166667
53 100.2885 0.0004666667
54 102.2137 0.0004833333
55 104.1387 0.0005000000
56 106.0631 0.0004500000
57 107.9881 0.0004666667
58 109.9145 0.0004500000
59 111.8403 0.0004833333
60 113.7642 0.0004333333
61 115.6894 0.0004666667
62 117.6140 0.0004666667
63 119.5374 0.0004833333
64 121.4622 0.0004166667
65 123.3892 0.0004666667
66 125.3148 0.0004500000
67 127.2387 0.0004333333
68 129.1648 0.0004666667
69 131.0894 0.0004500000
70 133.0137 0.0004166667
71 134.9400 0.0004833333
72 136.8656 0.0004166667
73 138.7904 0.0004333333
74 140.7388 0.0004333333
75 142.6628 0.0004333333
76 144.5884 0.0004000000
77 146.5131 0.0004500000
78 148.4389 0.0003833333
79 150.3638 0.0004500000
80 152.2908 0.0004000000
81 154.2160 0.0004333333
82 156.1410 0.0003833333
83 158.0654 0.0004333333
84 159.9911 0.0004333333
85 161.9167 0.0003666667
86 163.8420 0.0004000000
87 165.7687 0.0004000000
88 167.6985 0.0004166667
89 169.6256 0.0004000000
90 171.5528 0.0003666667
91 173.4792 0.0004000000
92 175.4057 0.0004166667
93 177.3311 0.0003500000
94 179.2565 0.0003833333
95 181.1817 0.0004166667
96 183.1075 0.0003833333
97 185.0318 0.0004000000
98 186.9593 0.0003666667
99 188.8855 0.0003833333
100 190.8115 0.0003666667
101 192.7359 0.0004000000
102 194.6619 0.0003500000
103 196.5864 0.0003833333
104 198.5157 0.0003666667
105 200.4452 0.0003833333
106 202.3740 0.0003666667
107 204.3011 0.0003500000
108 206.2284 0.0003833333
109 208.1548 0.0003833333
110 210.0822 0.0003666667
111 212.0066 0.0003666667
112 213.9309 0.0003333333
113 215.8572 0.0003500000
114 217.7821 0.0003666667
115 219.7095 0.0003666667
116 221.6364 0.0003666667
117 223.5642 0.0003500000
118 225.4966 0.0003666667
119 227.4288 0.0003500000
120 229.3574 0.0003666667
121 231.2895 0.0003333333
122 233.2177 0.0003333333
123 235.1480 0.0003666667
124 237.0788 0.0003833333
125 239.0065 0.0003333333
126 240.9376 0.0003333333
127 242.8675 0.0003333333
128 244.7961 0.0003333333
129 246.7294 0.0003333333
130 248.6587 0.0003500000
131 250.5888 0.0003000000
132 252.5185 0.0003500000
133 254.4470 0.0003500000
134 256.3755 0.0003166667
135 258.3067 0.0003166667
136 260.2373 0.0003500000
137 262.1648 0.0003166667
138 264.0963 0.0003166667
139 266.0267 0.0003000000
140 267.9568 0.0003166667
141 269.8892 0.0003333333
142 271.8174 0.0003000000
143 273.7428 0.0003000000
144 275.6750 0.0003166667
145 277.6020 0.0003166667
146 279.5322 0.0003166667
147 281.4630 0.0003333333
148 283.3895 0.0003000000
149 285.3153 0.0003000000
150 287.2413 0.0003000000
151 289.1677 0.0003166667
152 291.0934 0.0003000000
153 293.0194 0.0003000000
154 294.9454 0.0003000000
155 296.8702 0.0003166667
156 298.7965 0.0003000000
157 300.7204 0.0003333333
158 302.6518 0.0003000000
159 304.5869 0.0003000000
160 306.5216 0.0003166667
161 308.4538 0.0003166667
162 310.3858 0.0003333333
163 312.3174 0.0003000000
164 314.2493 0.0003166667
165 316.1833 0.0003000000
166 318.1167 0.0003166667
167 320.0483 0.0003166667
168 321.9826 0.0003000000
169 323.9123 0.0003333333
170 325.8401 0.0003000000
171 327.7689 0.0003166667
172 329.6958 0.0003000000
173 331.6227 0.0003166667
174 333.5512 0.0003000000
175 335.4780 0.0003333333
176 337.4050 0.0003166667
177 339.3325 0.0003166667
178 341.2608 0.0003166667
179 343.1887 0.0003333333
180 345.1158 0.0003000000
181 347.0416 0.0003000000
182 348.9606 0.0003000000
183 350.8820 0.0003000000
184 352.8084 0.0003000000
185 354.7309 0.0003333333
186 356.6529 0.0003333333
187 358.5774 0.0003000000
188 360.5003 0.0003333333
189 362.4227 0.0003166667
190 364.3430 0.0003166667
191 366.2649 0.0003166667
192 368.1885 0.0003000000
193 370.1065 0.0002833333
194 372.0251 0.0003000000
195 373.9432 0.0003166667
196 375.8629 0.0003000000
197 377.7806 0.0003000000
198 379.6990 0.0003333333
199 381.6178 0.0003000000
200 383.5362 0.0003000000
