1 0.0000 4.7100000000
2 1.9397 3.4200000000
3 3.8678 2.9000000000
4 5.7945 2.4800000000
5 7.7229 2.3500000000
6 9.6502 2.2500000000
7 11.6072 2.2000000000
8 13.5347 2.1400000000
9 15.4632 2.1500000000
10 17.3917 2.1000000000
11 19.3195 2.1100000000
12 21.2484 2.0800000000
13 23.1768 2.0600000000
14 25.1042 2.0300000000
15 27.0344 1.9800000000
16 28.9656 1.9900000000
17 30.8961 1.9600000000
18 32.8251 1.9700000000
19 34.7528 1.9700000000
20 36.6819 1.9500000000
21 38.6112 1.9300000000
22 40.5399 1.9200000000
23 42.4691 1.9400000000
24 44.3982 1.9000000000
25 46.3452 1.8900000000
26 48.2759 1.9000000000
27 50.2045 1.8600000000
28 52.1335 1.8500000000
29 54.0609 1.8700000000
30 55.9900 1.8800000000
31 57.9179 1.8700000000
32 59.8475 1.8500000000
33 61.7769 1.8700000000
34 63.7052 1.8900000000
35 65.6341 1.8600000000
36 67.5623 1.8400000000
37 69.4909 1.8400000000
38 71.4200 1.8400000000
39 73.3492 1.8400000000
40 75.2776 1.8200000000
41 77.2076 1.7900000000
42 79.1375 1.8100000000
43 81.0639 1.8000000000
44 82.9926 1.7900000000
45 84.9220 1.8300000000
46 86.8512 1.8300000000
47 88.7802 1.8100000000
48 90.7103 1.8000000000
49 92.6397 1.8000000000
50 94.5685 1.7800000000
51 96.4968 1.7800000000
52 98.4283 1.7900000000
53 100.3572 1.7700000000
54 102.2857 1.7700000000
55 104.2142 1.7600000000
56 106.1429 1.7700000000
57 108.0704 1.7800000000
58 109.9990 1.7800000000
59 111.9278 1.7600000000
60 113.8563 1.7700000000
61 115.7855 1.7500000000
62 117.7147 1.7800000000
63 119.6444 1.7500000000
64 121.5843 1.7300000000
65 123.5136 1.7500000000
66 125.4429 1.7400000000
67 127.3712 1.7600000000
68 129.3001 1.7400000000
69 131.2283 1.7400000000
70 133.1568 1.7500000000
71 135.0847 1.7400000000
72 137.0147 1.7400000000
73 138.9418 1.7200000000
74 140.8708 1.7400000000
75 142.7997 1.7500000000
76 144.7286 1.7400000000
77 146.6569 1.7400000000
78 148.5852 1.7500000000
79 150.5143 1.7300000000
80 152.4446 1.7500000000
81 154.3730 1.7300000000
82 156.3180 1.7200000000
83 158.2466 1.7100000000
84 160.1755 1.7000000000
85 162.1033 1.7400000000
86 164.0318 1.7100000000
87 165.9605 1.6900000000
88 167.8895 1.7100000000
89 169.8168 1.6900000000
90 171.7456 1.7100000000
91 173.6742 1.7000000000
92 175.6035 1.6900000000
93 177.5312 1.6900000000
94 179.4596 1.7100000000
95 181.3879 1.7000000000
96 183.3158 1.6900000000
97 185.2451 1.7000000000
98 187.1746 1.7000000000
99 189.1035 1.6900000000
100 191.0432 1.7200000000
101 192.9722 1.6800000000
102 194.9040 1.7000000000
103 196.8322 1.6700000000
104 198.7617 1.7000000000
105 200.6906 1.6900000000
106 202.6191 1.7000000000
107 204.5475 1.7000000000
108 206.4759 1.6800000000
109 208.4044 1.7000000000
110 210.3327 1.7000000000
111 212.2619 1.7100000000
112 214.1909 1.7000000000
113 216.1191 1.7100000000
114 218.0477 1.7100000000
115 219.9765 1.7300000000
116 221.9049 1.7000000000
117 223.8337 1.7000000000
118 225.7671 1.7000000000
119 227.7102 1.7000000000
120 229.6691 1.7200000000
121 231.6086 1.7300000000
122 233.5372 1.7000000000
123 235.4659 1.7000000000
124 237.3939 1.7100000000
125 239.3228 1.6800000000
126 241.2516 1.7100000000
127 243.1796 1.7300000000
128 245.1086 1.6900000000
129 247.0370 1.7200000000
130 248.9658 1.7200000000
131 250.8953 1.6900000000
132 252.8237 1.7200000000
133 254.7516 1.7100000000
134 256.6806 1.7200000000
135 258.6102 1.7000000000
136 260.5403 1.7200000000
137 262.4710 1.7200000000
138 264.3992 1.6900000000
139 266.3278 1.7200000000
140 268.2590 1.7200000000
141 270.1877 1.7000000000
142 272.1168 1.7200000000
143 274.0459 1.7100000000
144 275.9761 1.7400000000
145 277.9039 1.7200000000
146 279.8327 1.7300000000
147 281.7627 1.7300000000
148 283.6928 1.7300000000
149 285.6222 1.7100000000
150 287.5521 1.7300000000
151 289.4809 1.7400000000
152 291.4115 1.7000000000
153 293.3396 1.7400000000
154 295.2691 1.7300000000
155 297.1990 1.7100000000
156 299.1284 1.7100000000
157 301.0576 1.7200000000
158 302.9868 1.7200000000
159 304.9160 1.7200000000
160 306.8453 1.7200000000
161 308.7739 1.7100000000
162 310.7033 1.7300000000
163 312.6332 1.7100000000
164 314.5620 1.7100000000
165 316.4899 1.7200000000
166 318.4187 1.7100000000
167 320.3478 1.7400000000
168 322.2762 1.7000000000
169 324.2047 1.7300000000
170 326.1336 1.7300000000
171 328.0623 1.7100000000
172 329.9895 1.7200000000
173 331.9168 1.7200000000
174 333.8459 1.7200000000
175 335.7787 1.7300000000
176 337.7086 1.7300000000
177 339.6377 1.7200000000
178 341.5675 1.7100000000
179 343.4959 1.7400000000
180 345.4257 1.7200000000
181 347.3559 1.7300000000
182 349.2836 1.7500000000
183 351.2122 1.7100000000
184 353.1406 1.7100000000
185 355.0689 1.7300000000
186 356.9969 1.7300000000
187 358.9253 1.7200000000
188 360.8543 1.7400000000
189 362.7832 1.7300000000
190 364.7116 1.7300000000
191 366.6409 1.7300000000
192 368.5691 1.7400000000
193 370.4970 1.7300000000
194 372.4256 1.7200000000
195 374.3546 1.7500000000
196 376.2840 1.7100000000
197 378.2119 1.7400000000
198 380.1423 1.7500000000
199 382.0708 1.7100000000
200 384.0006 1.7300000000
