1 0.0000 0.0719166667
2 1.9397 0.0318833333
3 3.8678 0.0216333333
4 5.7945 0.0160166667
5 7.7229 0.0121500000
6 9.6502 0.0094833333
7 11.6072 0.0070333333
8 13.5347 0.0052333333
9 15.4632 0.0041000000
10 17.3917 0.0027833333
11 19.3195 0.0021166667
12 21.2484 0.0015833333
13 23.1768 0.0013333333
14 25.1042 0.0010333333
15 27.0344 0.0008000000
16 28.9656 0.0006833333
17 30.8961 0.0005833333
18 32.8251 0.0004833333
19 34.7528 0.0004500000
20 36.6819 0.0003666667
21 38.6112 0.0003166667
22 40.5399 0.0002333333
23 42.4691 0.0002166667
24 44.3982 0.0002000000
25 46.3452 0.0001666667
26 48.2759 0.0001166667
27 50.2045 0.0001000000
28 52.1335 0.0001000000
29 54.0609 0.0000833333
30 55.9900 0.0000666667
31 57.9179 0.0000666667
32 59.8475 0.0000666667
33 61.7769 0.0000666667
34 63.7052 0.0000666667
35 65.6341 0.0000666667
36 67.5623 0.0000666667
37 69.4909 0.0000500000
38 71.4200 0.0000500000
39 73.3492 0.0000500000
40 75.2776 0.0000333333
41 77.2076 0.0000333333
42 79.1375 0.0000333333
43 81.0639 0.0000333333
44 82.9926 0.0000333333
45 84.9220 0.0000333333
46 86.8512 0.0000333333
47 88.7802 0.0000333333
48 90.7103 0.0000333333
49 92.6397 0.0000333333
50 94.5685 0.0000333333
51 96.4968 0.0000333333
52 98.4283 0.0000333333
53 100.3572 0.0000333333
54 102.2857 0.0000333333
55 104.2142 0.0000333333
56 106.1429 0.0000333333
57 108.0704 0.0000333333
58 109.9990 0.0000333333
59 111.9278 0.0000333333
60 113.8563 0.0000333333
61 115.7855 0.0000166667
62 117.7147 0.0000166667
63 119.6444 0.0000166667
64 121.5843 0.0000166667
65 123.5136 0.0000166667
66 125.4429 0.0000333333
67 127.3712 0.0000166667
68 129.3001 0.0000166667
69 131.2283 0.0000166667
70 133.1568 0.0000166667
71 135.0847 0.0000166667
72 137.0147 0.0000166667
73 138.9418 0.0000166667
74 140.8708 0.0000166667
75 142.7997 0.0000166667
76 144.7286 0.0000166667
77 146.6569 0.0000166667
78 148.5852 0.0000166667
79 150.5143 0.0000166667
80 152.4446 0.0000166667
81 154.3730 0.0000166667
82 156.3180 0.0000166667
83 158.2466 0.0000166667
84 160.1755 0.0000166667
85 162.1033 0.0000166667
86 164.0318 0.0000166667
87 165.9605 0.0000166667
88 167.8895 0.0000166667
89 169.8168 0.0000166667
90 171.7456 0.0000166667
91 173.6742 0.0000166667
92 175.6035 0.0000166667
93 177.5312 0.0000166667
94 179.4596 0.0000166667
95 181.3879 0.0000166667
96 183.3158 0.0000166667
97 185.2451 0.0000166667
98 187.1746 0.0000166667
99 189.1035 0.0000166667
100 191.0432 0.0000166667
101 192.9722 0.0000166667
102 194.9040 0.0000166667
103 196.8322 0.0000166667
104 198.7617 0.0000166667
105 200.6906 0.0000166667
106 202.6191 0.0000166667
107 204.5475 0.0000166667
108 206.4759 0.0000166667
109 208.4044 0.0000166667
110 210.3327 0.0000166667
111 212.2619 0.0000166667
112 214.1909 0.0000166667
113 216.1191 0.0000166667
114 218.0477 0.0000166667
115 219.9765 0.0000166667
116 221.9049 0.0000166667
117 223.8337 0.0000166667
118 225.7671 0.0000166667
119 227.7102 0.0000166667
120 229.6691 0.0000166667
121 231.6086 0.0000166667
122 233.5372 0.0000166667
123 235.4659 0.0000166667
124 237.3939 0.0000166667
125 239.3228 0.0000166667
126 241.2516 0.0000166667
127 243.1796 0.0000166667
128 245.1086 0.0000166667
129 247.0370 0.0000166667
130 248.9658 0.0000166667
131 250.8953 0.0000166667
132 252.8237 0.0000166667
133 254.7516 0.0000166667
134 256.6806 0.0000166667
135 258.6102 0.0000166667
136 260.5403 0.0000166667
137 262.4710 0.0000166667
138 264.3992 0.0000166667
139 266.3278 0.0000166667
140 268.2590 0.0000166667
141 270.1877 0.0000166667
142 272.1168 0.0000166667
143 274.0459 0.0000166667
144 275.9761 0.0000166667
145 277.9039 0.0000166667
146 279.8327 0.0000166667
147 281.7627 0.0000166667
148 283.6928 0.0000166667
149 285.6222 0.0000166667
150 287.5521 0.0000166667
151 289.4809 0.0000166667
152 291.4115 0.0000166667
153 293.3396 0.0000166667
154 295.2691 0.0000166667
155 297.1990 0.0000166667
156 299.1284 0.0000166667
157 301.0576 0.0000166667
158 302.9868 0.0000166667
159 304.9160 0.0000166667
160 306.8453 0.0000166667
161 308.7739 0.0000166667
162 310.7033 0.0000166667
163 312.6332 0.0000166667
164 314.5620 0.0000166667
165 316.4899 0.0000166667
166 318.4187 0.0000166667
167 320.3478 0.0000166667
168 322.2762 0.0000166667
169 324.2047 0.0000166667
170 326.1336 0.0000166667
171 328.0623 0.0000166667
172 329.9895 0.0000166667
173 331.9168 0.0000166667
174 333.8459 0.0000166667
175 335.7787 0.0000166667
176 337.7086 0.0000166667
177 339.6377 0.0000166667
178 341.5675 0.0000166667
179 343.4959 0.0000166667
180 345.4257 0.0000166667
181 347.3559 0.0000166667
182 349.2836 0.0000166667
183 351.2122 0.0000166667
184 353.1406 0.0000166667
185 355.0689 0.0000166667
186 356.9969 0.0000166667
187 358.9253 0.0000166667
188 360.8543 0.0000166667
189 362.7832 0.0000166667
190 364.7116 0.0000166667
191 366.6409 0.0000166667
192 368.5691 0.0000166667
193 370.4970 0.0000166667
194 372.4256 0.0000166667
195 374.3546 0.0000166667
196 376.2840 0.0000166667
197 378.2119 0.0000166667
198 380.1423 0.0000166667
199 382.0708 0.0000166667
200 384.0006 0.0000166667
