1 0.0000 9.0500000000
2 1.9237 7.7500000000
3 3.8285 6.7000000000
4 5.7340 5.8400000000
5 7.6391 5.2900000000
6 9.5516 4.8500000000
7 11.4562 4.4400000000
8 13.3607 4.0500000000
9 15.2651 3.7900000000
10 17.1703 3.5900000000
11 19.0780 3.4000000000
12 20.9869 3.2700000000
13 22.8909 3.1500000000
14 24.7971 3.0200000000
15 26.7014 2.9200000000
16 28.6058 2.8700000000
17 30.5109 2.7900000000
18 32.4145 2.7300000000
19 34.3188 2.6800000000
20 36.2230 2.6600000000
21 38.1283 2.5800000000
22 40.0329 2.5300000000
23 41.9379 2.4700000000
24 43.8436 2.4400000000
25 45.7494 2.4000000000
26 47.6522 2.3800000000
27 49.5556 2.3900000000
28 51.4603 2.3500000000
29 53.3640 2.3200000000
30 55.2686 2.3100000000
31 57.1715 2.3200000000
32 59.0760 2.3200000000
33 60.9802 2.3200000000
34 62.8847 2.3100000000
35 64.7876 2.3000000000
36 66.6925 2.3200000000
37 68.5963 2.3100000000
38 70.5009 2.3100000000
39 72.4041 2.3100000000
40 74.3077 2.2800000000
41 76.2109 2.2700000000
42 78.1144 2.2600000000
43 80.0178 2.2100000000
44 81.9226 2.2100000000
45 83.8256 2.1800000000
46 85.7296 2.1600000000
47 87.6337 2.1700000000
48 89.5375 2.1300000000
49 91.4408 2.1300000000
50 93.3438 2.1300000000
51 95.2480 2.1300000000
52 97.1530 2.1300000000
53 99.0572 2.1400000000
54 100.9629 2.1200000000
55 102.8669 2.0800000000
56 104.7703 2.0800000000
57 106.6735 2.0700000000
58 108.5783 2.0600000000
59 110.4842 2.0500000000
60 112.3880 2.0500000000
61 114.2931 2.0200000000
62 116.1961 2.0200000000
63 118.0996 2.0200000000
64 120.0025 2.0000000000
65 121.9069 1.9900000000
66 123.8112 1.9900000000
67 125.7146 1.9700000000
68 127.6182 1.9700000000
69 129.5210 1.9600000000
70 131.4255 1.9600000000
71 133.3287 1.9600000000
72 135.2330 1.9500000000
73 137.1371 1.9300000000
74 139.0410 1.9300000000
75 140.9440 1.9400000000
76 142.8462 1.9400000000
77 144.7499 1.9400000000
78 146.6532 1.9400000000
79 148.5559 1.9300000000
80 150.4596 1.9300000000
81 152.3616 1.9300000000
82 154.2653 1.9200000000
83 156.1692 1.9100000000
84 158.0729 1.9100000000
85 159.9763 1.9100000000
86 161.8795 1.9100000000
87 163.7843 1.9100000000
88 165.6875 1.9100000000
89 167.5912 1.9100000000
90 169.4942 1.9100000000
91 171.3979 1.8900000000
92 173.3016 1.8900000000
93 175.2045 1.8800000000
94 177.1085 1.8800000000
95 179.0119 1.8800000000
96 180.9149 1.8700000000
97 182.8176 1.8700000000
98 184.7208 1.8700000000
99 186.6243 1.8600000000
100 188.5277 1.8600000000
101 190.4310 1.8500000000
102 192.3336 1.8500000000
103 194.2369 1.8500000000
104 196.1405 1.8500000000
105 198.0455 1.8500000000
106 199.9486 1.8500000000
107 201.8523 1.8400000000
108 203.7563 1.8400000000
109 205.6596 1.8400000000
110 207.5633 1.8400000000
111 209.4666 1.8300000000
112 211.3710 1.8300000000
113 213.2738 1.8300000000
114 215.1786 1.8300000000
115 217.0818 1.8300000000
116 218.9846 1.8300000000
117 220.8876 1.8300000000
118 222.7911 1.8300000000
119 224.6938 1.8200000000
120 226.5988 1.8200000000
121 228.5018 1.8200000000
122 230.4062 1.8100000000
123 232.3109 1.8100000000
124 234.2149 1.8100000000
125 236.1181 1.8000000000
126 238.0220 1.8000000000
127 239.9265 1.7900000000
128 241.8315 1.7900000000
129 243.7349 1.7900000000
130 245.6379 1.7900000000
131 247.5409 1.7800000000
132 249.4445 1.7800000000
133 251.3484 1.7800000000
134 253.2520 1.7800000000
135 255.1549 1.7800000000
136 257.0590 1.7800000000
137 258.9628 1.7800000000
138 260.8656 1.7800000000
139 262.7695 1.7800000000
140 264.6736 1.7800000000
141 266.5774 1.7800000000
142 268.4803 1.7800000000
143 270.3839 1.7800000000
144 272.2869 1.7800000000
145 274.1913 1.7800000000
146 276.0956 1.7800000000
147 277.9986 1.7700000000
148 279.9029 1.7600000000
149 281.8050 1.7500000000
150 283.7083 1.7400000000
151 285.6116 1.7400000000
152 287.5158 1.7400000000
153 289.4192 1.7400000000
154 291.3234 1.7300000000
155 293.2263 1.7300000000
156 295.1309 1.7300000000
157 297.0328 1.7400000000
158 298.9372 1.7400000000
159 300.8416 1.7400000000
160 302.7459 1.7400000000
161 304.6486 1.7400000000
162 306.5525 1.7400000000
163 308.4555 1.7400000000
164 310.3595 1.7400000000
165 312.2617 1.7400000000
166 314.1657 1.7400000000
167 316.0679 1.7400000000
168 317.9729 1.7300000000
169 319.8760 1.7300000000
170 321.7808 1.7300000000
171 323.6832 1.7300000000
172 325.5868 1.7300000000
173 327.4902 1.7400000000
174 329.3935 1.7400000000
175 331.2970 1.7400000000
176 333.2003 1.7400000000
177 335.1026 1.7300000000
178 337.0063 1.7300000000
179 338.9074 1.7300000000
180 340.8102 1.7300000000
181 342.7134 1.7200000000
182 344.6192 1.7300000000
183 346.5219 1.7300000000
184 348.4266 1.7300000000
185 350.3296 1.7300000000
186 352.2329 1.7300000000
187 354.1367 1.7300000000
188 356.0402 1.7300000000
189 357.9426 1.7300000000
190 359.8469 1.7300000000
191 361.7506 1.7300000000
192 363.6539 1.7300000000
193 365.5566 1.7300000000
194 367.4610 1.7300000000
195 369.3643 1.7300000000
196 371.2674 1.7300000000
197 373.1709 1.7300000000
198 375.0749 1.7300000000
199 376.9783 1.7300000000
200 378.8821 1.7300000000
