1 0.0000 0.1243000000
2 1.9237 0.0797666667
3 3.8285 0.0663833333
4 5.7340 0.0571500000
5 7.6391 0.0496000000
6 9.5516 0.0433666667
7 11.4562 0.0384166667
8 13.3607 0.0344333333
9 15.2651 0.0311833333
10 17.1703 0.0285833333
11 19.0780 0.0260000000
12 20.9869 0.0238166667
13 22.8909 0.0220166667
14 24.7971 0.0203333333
15 26.7014 0.0184500000
16 28.6058 0.0170833333
17 30.5109 0.0158000000
18 32.4145 0.0147000000
19 34.3188 0.0137333333
20 36.2230 0.0126666667
21 38.1283 0.0117833333
22 40.0329 0.0108666667
23 41.9379 0.0099500000
24 43.8436 0.0092333333
25 45.7494 0.0085333333
26 47.6522 0.0078000000
27 49.5556 0.0071500000
28 51.4603 0.0066666667
29 53.3640 0.0061333333
30 55.2686 0.0055500000
31 57.1715 0.0050833333
32 59.0760 0.0047666667
33 60.9802 0.0042500000
34 62.8847 0.0038666667
35 64.7876 0.0035166667
36 66.6925 0.0033166667
37 68.5963 0.0030166667
38 70.5009 0.0028166667
39 72.4041 0.0025333333
40 74.3077 0.0022833333
41 76.2109 0.0020666667
42 78.1144 0.0018500000
43 80.0178 0.0016666667
44 81.9226 0.0015166667
45 83.8256 0.0013000000
46 85.7296 0.0010833333
47 87.6337 0.0009666667
48 89.5375 0.0009333333
49 91.4408 0.0008333333
50 93.3438 0.0007500000
51 95.2480 0.0007166667
52 97.1530 0.0006500000
53 99.0572 0.0006333333
54 100.9629 0.0006000000
55 102.8669 0.0005833333
56 104.7703 0.0005333333
57 106.6735 0.0005000000
58 108.5783 0.0004166667
59 110.4842 0.0004166667
60 112.3880 0.0003833333
61 114.2931 0.0003500000
62 116.1961 0.0003333333
63 118.0996 0.0003166667
64 120.0025 0.0003166667
65 121.9069 0.0002833333
66 123.8112 0.0002500000
67 125.7146 0.0002500000
68 127.6182 0.0002500000
69 129.5210 0.0002000000
70 131.4255 0.0002000000
71 133.3287 0.0001833333
72 135.2330 0.0001500000
73 137.1371 0.0001500000
74 139.0410 0.0001333333
75 140.9440 0.0001333333
76 142.8462 0.0001000000
77 144.7499 0.0001000000
78 146.6532 0.0000833333
79 148.5559 0.0000666667
80 150.4596 0.0000500000
81 152.3616 0.0000500000
82 154.2653 0.0000333333
83 156.1692 0.0000333333
84 158.0729 0.0000333333
85 159.9763 0.0000333333
86 161.8795 0.0000333333
87 163.7843 0.0000333333
88 165.6875 0.0000333333
89 167.5912 0.0000333333
90 169.4942 0.0000333333
91 171.3979 0.0000333333
92 173.3016 0.0000166667
93 175.2045 0.0000166667
94 177.1085 0.0000166667
95 179.0119 0.0000166667
96 180.9149 0.0000166667
97 182.8176 0.0000166667
98 184.7208 0.0000166667
99 186.6243 0.0000166667
100 188.5277 0.0000166667
101 190.4310 0.0000166667
102 192.3336 0.0000166667
103 194.2369 0.0000166667
104 196.1405 0.0000166667
105 198.0455 0.0000166667
106 199.9486 0.0000166667
107 201.8523 0.0000166667
108 203.7563 0.0000166667
109 205.6596 0.0000166667
110 207.5633 0.0000166667
111 209.4666 0.0000166667
112 211.3710 0.0000166667
113 213.2738 0.0000166667
114 215.1786 0.0000166667
115 217.0818 0.0000000000
116 218.9846 0.0000000000
117 220.8876 0.0000000000
118 222.7911 0.0000000000
119 224.6938 0.0000000000
120 226.5988 0.0000000000
121 228.5018 0.0000000000
122 230.4062 0.0000000000
123 232.3109 0.0000000000
124 234.2149 0.0000000000
125 236.1181 0.0000000000
126 238.0220 0.0000000000
127 239.9265 0.0000000000
128 241.8315 0.0000000000
129 243.7349 0.0000000000
130 245.6379 0.0000000000
131 247.5409 0.0000000000
132 249.4445 0.0000000000
133 251.3484 0.0000000000
134 253.2520 0.0000000000
135 255.1549 0.0000000000
136 257.0590 0.0000000000
137 258.9628 0.0000000000
138 260.8656 0.0000000000
139 262.7695 0.0000000000
140 264.6736 0.0000000000
141 266.5774 0.0000000000
142 268.4803 0.0000000000
143 270.3839 0.0000000000
144 272.2869 0.0000000000
145 274.1913 0.0000000000
146 276.0956 0.0000000000
147 277.9986 0.0000000000
148 279.9029 0.0000000000
149 281.8050 0.0000000000
150 283.7083 0.0000000000
151 285.6116 0.0000000000
152 287.5158 0.0000000000
153 289.4192 0.0000000000
154 291.3234 0.0000000000
155 293.2263 0.0000000000
156 295.1309 0.0000000000
157 297.0328 0.0000000000
158 298.9372 0.0000000000
159 300.8416 0.0000000000
160 302.7459 0.0000000000
161 304.6486 0.0000000000
162 306.5525 0.0000000000
163 308.4555 0.0000000000
164 310.3595 0.0000000000
165 312.2617 0.0000000000
166 314.1657 0.0000000000
167 316.0679 0.0000000000
168 317.9729 0.0000000000
169 319.8760 0.0000000000
170 321.7808 0.0000000000
171 323.6832 0.0000000000
172 325.5868 0.0000000000
173 327.4902 0.0000000000
174 329.3935 0.0000000000
175 331.2970 0.0000000000
176 333.2003 0.0000000000
177 335.1026 0.0000000000
178 337.0063 0.0000000000
179 338.9074 0.0000000000
180 340.8102 0.0000000000
181 342.7134 0.0000000000
182 344.6192 0.0000000000
183 346.5219 0.0000000000
184 348.4266 0.0000000000
185 350.3296 0.0000000000
186 352.2329 0.0000000000
187 354.1367 0.0000000000
188 356.0402 0.0000000000
189 357.9426 0.0000000000
190 359.8469 0.0000000000
191 361.7506 0.0000000000
192 363.6539 0.0000000000
193 365.5566 0.0000000000
194 367.4610 0.0000000000
195 369.3643 0.0000000000
196 371.2674 0.0000000000
197 373.1709 0.0000000000
198 375.0749 0.0000000000
199 376.9783 0.0000000000
200 378.8821 0.0000000000
