1 0.0000 4.5100000000
2 1.9365 3.3600000000
3 3.8677 2.8900000000
4 5.7964 2.5600000000
5 7.7246 2.4600000000
6 9.6528 2.3600000000
7 11.5798 2.3200000000
8 13.5082 2.2500000000
9 15.4359 2.1900000000
10 17.3645 2.2400000000
11 19.2960 2.2400000000
12 21.2260 2.1800000000
13 23.1538 2.0900000000
14 25.0814 2.0800000000
15 27.0094 2.0400000000
16 28.9378 2.0000000000
17 30.8662 1.9600000000
18 32.7940 1.9700000000
19 34.7223 1.9100000000
20 36.6503 1.8700000000
21 38.5783 1.8400000000
22 40.5054 1.8200000000
23 42.4328 1.8000000000
24 44.3597 1.7600000000
25 46.2879 1.7800000000
26 48.2212 1.7600000000
27 50.1557 1.7400000000
28 52.0856 1.7300000000
29 54.0144 1.7300000000
30 55.9441 1.7300000000
31 57.8728 1.7200000000
32 59.8121 1.7200000000
33 61.7639 1.7000000000
34 63.6934 1.7200000000
35 65.6213 1.7100000000
36 67.5502 1.7200000000
37 69.4783 1.7300000000
38 71.4079 1.7300000000
39 73.3363 1.7300000000
40 75.2657 1.7100000000
41 77.1955 1.7100000000
42 79.1253 1.7100000000
43 81.0544 1.7200000000
44 82.9840 1.7100000000
45 84.9134 1.7000000000
46 86.8425 1.6900000000
47 88.7711 1.7000000000
48 90.7006 1.7100000000
49 92.6292 1.7000000000
50 94.5578 1.7100000000
51 96.4851 1.7100000000
52 98.4144 1.7200000000
53 100.3413 1.7300000000
54 102.2706 1.7300000000
55 104.1988 1.7300000000
56 106.1288 1.7300000000
57 108.0623 1.7300000000
58 109.9946 1.7200000000
59 111.9246 1.7500000000
60 113.8561 1.7400000000
61 115.7875 1.7400000000
62 117.7197 1.7400000000
63 119.6495 1.7300000000
64 121.5802 1.7400000000
65 123.5108 1.7300000000
66 125.4417 1.7300000000
67 127.3720 1.7300000000
68 129.3040 1.7200000000
69 131.2350 1.7200000000
70 133.1656 1.7200000000
71 135.0958 1.7200000000
72 137.0255 1.7100000000
73 138.9550 1.7200000000
74 140.8852 1.7100000000
75 142.8149 1.7200000000
76 144.7452 1.7100000000
77 146.6751 1.6900000000
78 148.6047 1.7000000000
79 150.5346 1.6900000000
80 152.4663 1.6900000000
81 154.3975 1.6900000000
82 156.3274 1.6900000000
83 158.2571 1.6800000000
84 160.1873 1.6800000000
85 162.1158 1.6800000000
86 164.0461 1.6700000000
87 165.9751 1.6700000000
88 167.9048 1.6700000000
89 169.8357 1.6600000000
90 171.7655 1.6600000000
91 173.6956 1.6600000000
92 175.6255 1.6600000000
93 177.5551 1.6600000000
94 179.4862 1.6600000000
95 181.4169 1.6600000000
96 183.3475 1.6600000000
97 185.2775 1.6600000000
98 187.2082 1.6600000000
99 189.1451 1.6500000000
100 191.0777 1.6500000000
101 193.0086 1.6500000000
102 194.9408 1.6500000000
103 196.8728 1.6500000000
104 198.8064 1.6500000000
105 200.7372 1.6500000000
106 202.6691 1.6500000000
107 204.6023 1.6500000000
108 206.5340 1.6500000000
109 208.4648 1.6500000000
110 210.3967 1.6500000000
111 212.3264 1.6500000000
112 214.2586 1.6500000000
113 216.1904 1.6500000000
114 218.1224 1.6500000000
115 220.0525 1.6500000000
116 221.9849 1.6500000000
117 223.9158 1.6500000000
118 225.8476 1.6500000000
119 227.7780 1.6500000000
120 229.7089 1.6500000000
121 231.6399 1.6500000000
122 233.5707 1.6500000000
123 235.5013 1.6500000000
124 237.4324 1.6500000000
125 239.3626 1.6500000000
126 241.2935 1.6500000000
127 243.2243 1.6600000000
128 245.1546 1.6700000000
129 247.0847 1.6600000000
130 249.0163 1.6600000000
131 250.9461 1.6500000000
132 252.8777 1.6700000000
133 254.8078 1.6700000000
134 256.7371 1.6700000000
135 258.6671 1.6700000000
136 260.5980 1.6700000000
137 262.5284 1.6700000000
138 264.4585 1.6700000000
139 266.3901 1.6700000000
140 268.3205 1.6800000000
141 270.2520 1.6700000000
142 272.1824 1.6800000000
143 274.1135 1.6800000000
144 276.0450 1.6800000000
145 277.9761 1.6800000000
146 279.9061 1.6800000000
147 281.8376 1.6800000000
148 283.7686 1.6800000000
149 285.6983 1.6800000000
150 287.6297 1.6800000000
151 289.5596 1.6800000000
152 291.4910 1.6800000000
153 293.4210 1.6800000000
154 295.3516 1.6800000000
155 297.2827 1.6800000000
156 299.2134 1.6800000000
157 301.1444 1.6800000000
158 303.0787 1.6800000000
159 305.0169 1.6800000000
160 306.9505 1.6800000000
161 308.8841 1.6800000000
162 310.8162 1.6800000000
163 312.7479 1.6800000000
164 314.6804 1.6800000000
165 316.6111 1.6800000000
166 318.5419 1.6700000000
167 320.4811 1.6700000000
168 322.4139 1.6700000000
169 324.3490 1.6700000000
170 326.2813 1.6700000000
171 328.2118 1.6700000000
172 330.1442 1.6700000000
173 332.0759 1.6700000000
174 334.0088 1.6700000000
175 335.9394 1.6700000000
176 337.8720 1.6700000000
177 339.8045 1.6700000000
178 341.7366 1.6700000000
179 343.6671 1.6700000000
180 345.5987 1.6700000000
181 347.5303 1.6700000000
182 349.4635 1.6800000000
183 351.3957 1.6700000000
184 353.3283 1.6700000000
185 355.2631 1.6700000000
186 357.1976 1.6800000000
187 359.1306 1.6800000000
188 361.0614 1.6700000000
189 362.9931 1.6800000000
190 364.9248 1.6800000000
191 366.8564 1.6800000000
192 368.7869 1.6800000000
193 370.7173 1.6800000000
194 372.6486 1.6800000000
195 374.5795 1.6800000000
196 376.5099 1.6800000000
197 378.4411 1.6800000000
198 380.3720 1.6800000000
199 382.3011 1.6800000000
200 384.2342 1.6800000000
