1 0.0000 0.0723166667
2 1.9365 0.0313000000
3 3.8677 0.0212500000
4 5.7964 0.0153833333
5 7.7246 0.0111500000
6 9.6528 0.0080500000
7 11.5798 0.0058000000
8 13.5082 0.0038500000
9 15.4359 0.0025833333
10 17.3645 0.0015333333
11 19.2960 0.0011000000
12 21.2260 0.0008500000
13 23.1538 0.0005500000
14 25.0814 0.0003833333
15 27.0094 0.0002166667
16 28.9378 0.0001666667
17 30.8662 0.0001000000
18 32.7940 0.0000833333
19 34.7223 0.0000500000
20 36.6503 0.0000333333
21 38.5783 0.0000333333
22 40.5054 0.0000333333
23 42.4328 0.0000166667
24 44.3597 0.0000166667
25 46.2879 0.0000166667
26 48.2212 0.0000166667
27 50.1557 0.0000166667
28 52.0856 0.0000000000
29 54.0144 0.0000000000
30 55.9441 0.0000000000
31 57.8728 0.0000000000
32 59.8121 0.0000000000
33 61.7639 0.0000000000
34 63.6934 0.0000000000
35 65.6213 0.0000000000
36 67.5502 0.0000000000
37 69.4783 0.0000000000
38 71.4079 0.0000000000
39 73.3363 0.0000000000
40 75.2657 0.0000000000
41 77.1955 0.0000000000
42 79.1253 0.0000000000
43 81.0544 0.0000000000
44 82.9840 0.0000000000
45 84.9134 0.0000000000
46 86.8425 0.0000000000
47 88.7711 0.0000000000
48 90.7006 0.0000000000
49 92.6292 0.0000000000
50 94.5578 0.0000000000
51 96.4851 0.0000000000
52 98.4144 0.0000000000
53 100.3413 0.0000000000
54 102.2706 0.0000000000
55 104.1988 0.0000000000
56 106.1288 0.0000000000
57 108.0623 0.0000000000
58 109.9946 0.0000000000
59 111.9246 0.0000000000
60 113.8561 0.0000000000
61 115.7875 0.0000000000
62 117.7197 0.0000000000
63 119.6495 0.0000000000
64 121.5802 0.0000000000
65 123.5108 0.0000000000
66 125.4417 0.0000000000
67 127.3720 0.0000000000
68 129.3040 0.0000000000
69 131.2350 0.0000000000
70 133.1656 0.0000000000
71 135.0958 0.0000000000
72 137.0255 0.0000000000
73 138.9550 0.0000000000
74 140.8852 0.0000000000
75 142.8149 0.0000000000
76 144.7452 0.0000000000
77 146.6751 0.0000000000
78 148.6047 0.0000000000
79 150.5346 0.0000000000
80 152.4663 0.0000000000
81 154.3975 0.0000000000
82 156.3274 0.0000000000
83 158.2571 0.0000000000
84 160.1873 0.0000000000
85 162.1158 0.0000000000
86 164.0461 0.0000000000
87 165.9751 0.0000000000
88 167.9048 0.0000000000
89 169.8357 0.0000000000
90 171.7655 0.0000000000
91 173.6956 0.0000000000
92 175.6255 0.0000000000
93 177.5551 0.0000000000
94 179.4862 0.0000000000
95 181.4169 0.0000000000
96 183.3475 0.0000000000
97 185.2775 0.0000000000
98 187.2082 0.0000000000
99 189.1451 0.0000000000
100 191.0777 0.0000000000
101 193.0086 0.0000000000
102 194.9408 0.0000000000
103 196.8728 0.0000000000
104 198.8064 0.0000000000
105 200.7372 0.0000000000
106 202.6691 0.0000000000
107 204.6023 0.0000000000
108 206.5340 0.0000000000
109 208.4648 0.0000000000
110 210.3967 0.0000000000
111 212.3264 0.0000000000
112 214.2586 0.0000000000
113 216.1904 0.0000000000
114 218.1224 0.0000000000
115 220.0525 0.0000000000
116 221.9849 0.0000000000
117 223.9158 0.0000000000
118 225.8476 0.0000000000
119 227.7780 0.0000000000
120 229.7089 0.0000000000
121 231.6399 0.0000000000
122 233.5707 0.0000000000
123 235.5013 0.0000000000
124 237.4324 0.0000000000
125 239.3626 0.0000000000
126 241.2935 0.0000000000
127 243.2243 0.0000000000
128 245.1546 0.0000000000
129 247.0847 0.0000000000
130 249.0163 0.0000000000
131 250.9461 0.0000000000
132 252.8777 0.0000000000
133 254.8078 0.0000000000
134 256.7371 0.0000000000
135 258.6671 0.0000000000
136 260.5980 0.0000000000
137 262.5284 0.0000000000
138 264.4585 0.0000000000
139 266.3901 0.0000000000
140 268.3205 0.0000000000
141 270.2520 0.0000000000
142 272.1824 0.0000000000
143 274.1135 0.0000000000
144 276.0450 0.0000000000
145 277.9761 0.0000000000
146 279.9061 0.0000000000
147 281.8376 0.0000000000
148 283.7686 0.0000000000
149 285.6983 0.0000000000
150 287.6297 0.0000000000
151 289.5596 0.0000000000
152 291.4910 0.0000000000
153 293.4210 0.0000000000
154 295.3516 0.0000000000
155 297.2827 0.0000000000
156 299.2134 0.0000000000
157 301.1444 0.0000000000
158 303.0787 0.0000000000
159 305.0169 0.0000000000
160 306.9505 0.0000000000
161 308.8841 0.0000000000
162 310.8162 0.0000000000
163 312.7479 0.0000000000
164 314.6804 0.0000000000
165 316.6111 0.0000000000
166 318.5419 0.0000000000
167 320.4811 0.0000000000
168 322.4139 0.0000000000
169 324.3490 0.0000000000
170 326.2813 0.0000000000
171 328.2118 0.0000000000
172 330.1442 0.0000000000
173 332.0759 0.0000000000
174 334.0088 0.0000000000
175 335.9394 0.0000000000
176 337.8720 0.0000000000
177 339.8045 0.0000000000
178 341.7366 0.0000000000
179 343.6671 0.0000000000
180 345.5987 0.0000000000
181 347.5303 0.0000000000
182 349.4635 0.0000000000
183 351.3957 0.0000000000
184 353.3283 0.0000000000
185 355.2631 0.0000000000
186 357.1976 0.0000000000
187 359.1306 0.0000000000
188 361.0614 0.0000000000
189 362.9931 0.0000000000
190 364.9248 0.0000000000
191 366.8564 0.0000000000
192 368.7869 0.0000000000
193 370.7173 0.0000000000
194 372.6486 0.0000000000
195 374.5795 0.0000000000
196 376.5099 0.0000000000
197 378.4411 0.0000000000
198 380.3720 0.0000000000
199 382.3011 0.0000000000
200 384.2342 0.0000000000
