1 0.0000 4.5800000000
2 1.9271 3.5400000000
3 3.8458 2.8800000000
4 5.7639 2.5900000000
5 7.6814 2.4100000000
6 9.6004 2.3000000000
7 11.5180 2.2500000000
8 13.4349 2.2100000000
9 15.3531 2.1600000000
10 17.2717 2.1400000000
11 19.1884 2.0700000000
12 21.1071 2.0700000000
13 23.0254 2.0700000000
14 24.9442 2.0600000000
15 26.8617 1.9800000000
16 28.7792 1.9500000000
17 30.6961 1.9100000000
18 32.6133 1.8900000000
19 34.5309 1.8900000000
20 36.4483 1.8800000000
21 38.3652 1.8700000000
22 40.3044 1.8900000000
23 42.2449 1.8800000000
24 44.1623 1.8700000000
25 46.0787 1.8600000000
26 47.9967 1.8400000000
27 49.9137 1.8300000000
28 51.8309 1.8300000000
29 53.7478 1.8100000000
30 55.6642 1.8200000000
31 57.5808 1.8200000000
32 59.4988 1.8200000000
33 61.4150 1.8200000000
34 63.3323 1.8200000000
35 65.2493 1.8300000000
36 67.1672 1.8300000000
37 69.0836 1.8200000000
38 71.0012 1.8100000000
39 72.9191 1.8100000000
40 74.8360 1.8000000000
41 76.7518 1.8100000000
42 78.6695 1.8100000000
43 80.5866 1.8000000000
44 82.5041 1.8000000000
45 84.4209 1.8000000000
46 86.3392 1.8000000000
47 88.2568 1.8100000000
48 90.1758 1.8000000000
49 92.0938 1.7900000000
50 94.0108 1.7900000000
51 95.9279 1.7900000000
52 97.8452 1.7800000000
53 99.7611 1.7800000000
54 101.6789 1.7600000000
55 103.5950 1.7700000000
56 105.5132 1.7700000000
57 107.4305 1.7700000000
58 109.3488 1.7700000000
59 111.2664 1.7700000000
60 113.1834 1.7700000000
61 115.1005 1.7700000000
62 117.0175 1.7400000000
63 118.9351 1.7400000000
64 120.8532 1.7400000000
65 122.7709 1.7400000000
66 124.6890 1.7400000000
67 126.6066 1.7400000000
68 128.5232 1.7400000000
69 130.4405 1.7400000000
70 132.3585 1.7400000000
71 134.2759 1.7400000000
72 136.1938 1.7400000000
73 138.1114 1.7300000000
74 140.0294 1.7300000000
75 141.9466 1.7300000000
76 143.8646 1.7300000000
77 145.7818 1.7300000000
78 147.7005 1.7300000000
79 149.6254 1.7300000000
80 151.5613 1.7300000000
81 153.4788 1.7400000000
82 155.3957 1.7400000000
83 157.3126 1.7400000000
84 159.2305 1.7300000000
85 161.1482 1.7300000000
86 163.0659 1.7300000000
87 164.9831 1.7300000000
88 166.9002 1.7300000000
89 168.8174 1.7200000000
90 170.7350 1.7200000000
91 172.6521 1.7200000000
92 174.5694 1.7100000000
93 176.4879 1.7100000000
94 178.4057 1.7200000000
95 180.3213 1.7200000000
96 182.2402 1.7200000000
97 184.1581 1.7200000000
98 186.0766 1.7300000000
99 187.9942 1.7300000000
100 189.9122 1.7300000000
101 191.8293 1.7300000000
102 193.7476 1.7300000000
103 195.6661 1.7300000000
104 197.5878 1.7300000000
105 199.5120 1.7300000000
106 201.4330 1.7300000000
107 203.3532 1.7300000000
108 205.2727 1.7300000000
109 207.1924 1.7300000000
110 209.1120 1.7300000000
111 211.0316 1.7300000000
112 212.9514 1.7300000000
113 214.8710 1.7300000000
114 216.7897 1.7300000000
115 218.7099 1.7300000000
116 220.6300 1.7300000000
117 222.5501 1.7300000000
118 224.4696 1.7300000000
119 226.3876 1.7300000000
120 228.3077 1.7400000000
121 230.2272 1.7400000000
122 232.1472 1.7400000000
123 234.0653 1.7400000000
124 235.9853 1.7400000000
125 237.9037 1.7400000000
126 239.8230 1.7400000000
127 241.7408 1.7400000000
128 243.6602 1.7400000000
129 245.5794 1.7400000000
130 247.4982 1.7400000000
131 249.4181 1.7400000000
132 251.3372 1.7400000000
133 253.2567 1.7400000000
134 255.1757 1.7400000000
135 257.0932 1.7400000000
136 259.0117 1.7500000000
137 260.9418 1.7500000000
138 262.8618 1.7600000000
139 264.7807 1.7500000000
140 266.6993 1.7600000000
141 268.6179 1.7500000000
142 270.5375 1.7500000000
143 272.4554 1.7500000000
144 274.3752 1.7500000000
145 276.2936 1.7500000000
146 278.2150 1.7500000000
147 280.1339 1.7500000000
148 282.0551 1.7500000000
149 283.9769 1.7500000000
150 285.8967 1.7500000000
151 287.8164 1.7500000000
152 289.7370 1.7500000000
153 291.6564 1.7500000000
154 293.5755 1.7500000000
155 295.4949 1.7500000000
156 297.4159 1.7500000000
157 299.3357 1.7500000000
158 301.2550 1.7500000000
159 303.1748 1.7500000000
160 305.0948 1.7500000000
161 307.0146 1.7500000000
162 308.9342 1.7500000000
163 310.8542 1.7500000000
164 312.7731 1.7400000000
165 314.6914 1.7400000000
166 316.6099 1.7400000000
167 318.5290 1.7400000000
168 320.4488 1.7400000000
169 322.3675 1.7400000000
170 324.2866 1.7400000000
171 326.2059 1.7400000000
172 328.1259 1.7400000000
173 330.0554 1.7400000000
174 331.9750 1.7400000000
175 333.8941 1.7400000000
176 335.8139 1.7400000000
177 337.7326 1.7400000000
178 339.6515 1.7400000000
179 341.5740 1.7400000000
180 343.5021 1.7400000000
181 345.4245 1.7400000000
182 347.3388 1.7400000000
183 349.2472 1.7400000000
184 351.1545 1.7400000000
185 353.0617 1.7300000000
186 354.9683 1.7300000000
187 356.8756 1.7300000000
188 358.7827 1.7300000000
189 360.6895 1.7200000000
190 362.5968 1.7300000000
191 364.5039 1.7200000000
192 366.4120 1.7200000000
193 368.3190 1.7200000000
194 370.2263 1.7200000000
195 372.1339 1.7200000000
196 374.0420 1.7200000000
197 375.9492 1.7200000000
198 377.8569 1.7200000000
199 379.7645 1.7200000000
200 381.6743 1.7200000000
