1 0.0000 4.6800000000
2 1.9254 3.2800000000
3 3.8433 2.7700000000
4 5.7616 2.5300000000
5 7.6809 2.3600000000
6 9.6010 2.2600000000
7 11.5193 2.2400000000
8 13.4417 2.2500000000
9 15.3656 2.2000000000
10 17.2865 2.1300000000
11 19.2055 2.0700000000
12 21.1257 2.0200000000
13 23.0443 2.0200000000
14 24.9628 2.0300000000
15 26.8818 1.9500000000
16 28.8003 1.9500000000
17 30.7174 1.8800000000
18 32.6357 1.9100000000
19 34.5535 1.9100000000
20 36.4748 1.9000000000
21 38.3948 1.9000000000
22 40.3136 1.9100000000
23 42.2325 1.8500000000
24 44.1518 1.8400000000
25 46.0701 1.8100000000
26 47.9889 1.8100000000
27 49.9075 1.7700000000
28 51.8254 1.7500000000
29 53.7421 1.7400000000
30 55.6608 1.7400000000
31 57.5798 1.7200000000
32 59.4996 1.7400000000
33 61.4174 1.7400000000
34 63.3365 1.7300000000
35 65.2552 1.7500000000
36 67.1732 1.7200000000
37 69.0923 1.7400000000
38 71.0110 1.7300000000
39 72.9291 1.7400000000
40 74.8477 1.7200000000
41 76.7654 1.7100000000
42 78.6892 1.7200000000
43 80.6077 1.7200000000
44 82.5258 1.7200000000
45 84.4433 1.7300000000
46 86.3610 1.7200000000
47 88.2791 1.7100000000
48 90.1979 1.7200000000
49 92.1165 1.7000000000
50 94.0361 1.7000000000
51 95.9539 1.7100000000
52 97.8715 1.7000000000
53 99.7906 1.7000000000
54 101.7098 1.7200000000
55 103.6282 1.7000000000
56 105.5501 1.7000000000
57 107.4667 1.7200000000
58 109.3842 1.7200000000
59 111.3015 1.7100000000
60 113.2184 1.7100000000
61 115.1364 1.7200000000
62 117.0547 1.7200000000
63 118.9713 1.7000000000
64 120.8897 1.7000000000
65 122.8065 1.7100000000
66 124.7234 1.7200000000
67 126.6419 1.7000000000
68 128.5606 1.7100000000
69 130.4798 1.6900000000
70 132.3991 1.7000000000
71 134.3184 1.7000000000
72 136.2362 1.6900000000
73 138.1540 1.7300000000
74 140.0711 1.7000000000
75 141.9889 1.6900000000
76 143.9068 1.6900000000
77 145.8255 1.7000000000
78 147.7423 1.6800000000
79 149.6602 1.7000000000
80 151.5786 1.6900000000
81 153.4968 1.7100000000
82 155.4158 1.6600000000
83 157.3331 1.6900000000
84 159.2540 1.6800000000
85 161.1716 1.6600000000
86 163.0922 1.6900000000
87 165.0102 1.6800000000
88 166.9291 1.6800000000
89 168.8462 1.6800000000
90 170.7646 1.6800000000
91 172.6822 1.6700000000
92 174.5998 1.6800000000
93 176.5235 1.6800000000
94 178.4418 1.6900000000
95 180.3603 1.6700000000
96 182.2814 1.6800000000
97 184.1984 1.7000000000
98 186.1161 1.6900000000
99 188.0334 1.6900000000
100 189.9531 1.6900000000
101 191.8712 1.7100000000
102 193.7912 1.7000000000
103 195.7253 1.6900000000
104 197.6728 1.7000000000
105 199.6198 1.6800000000
106 201.5608 1.7100000000
107 203.4805 1.7100000000
108 205.4085 1.7000000000
109 207.3295 1.7000000000
110 209.2512 1.7000000000
111 211.1819 1.7100000000
112 213.1025 1.7100000000
113 215.0220 1.7200000000
114 216.9415 1.7100000000
115 218.8605 1.7000000000
116 220.7807 1.7300000000
117 222.6996 1.7100000000
118 224.6209 1.7100000000
119 226.5395 1.6900000000
120 228.4589 1.7100000000
121 230.3783 1.7000000000
122 232.2972 1.7000000000
123 234.2162 1.6600000000
124 236.1365 1.6700000000
125 238.0554 1.6800000000
126 239.9763 1.6800000000
127 241.8971 1.6800000000
128 243.8176 1.6900000000
129 245.7355 1.6800000000
130 247.6526 1.6700000000
131 249.5705 1.6900000000
132 251.4896 1.6800000000
133 253.4115 1.6700000000
134 255.3402 1.6800000000
135 257.2589 1.6800000000
136 259.1787 1.6700000000
137 261.0968 1.6800000000
138 263.0165 1.6800000000
139 264.9340 1.6800000000
140 266.8541 1.6700000000
141 268.7713 1.6700000000
142 270.6899 1.6700000000
143 272.6086 1.7000000000
144 274.5268 1.7000000000
145 276.4450 1.6800000000
146 278.3639 1.6500000000
147 280.2890 1.7000000000
148 282.2076 1.6700000000
149 284.1244 1.7000000000
150 286.0431 1.6800000000
151 287.9591 1.6600000000
152 289.8778 1.6700000000
153 291.7948 1.6900000000
154 293.7135 1.6500000000
155 295.6315 1.6700000000
156 297.5489 1.6800000000
157 299.4688 1.6600000000
158 301.3947 1.6800000000
159 303.3138 1.6800000000
160 305.2334 1.6700000000
161 307.1512 1.6600000000
162 309.0699 1.6900000000
163 310.9882 1.6700000000
164 312.9088 1.6800000000
165 314.8278 1.6700000000
166 316.7702 1.6800000000
167 318.6877 1.6700000000
168 320.6071 1.6700000000
169 322.5269 1.6700000000
170 324.4579 1.6900000000
171 326.3817 1.6700000000
172 328.3024 1.6700000000
173 330.2215 1.6500000000
174 332.1401 1.6800000000
175 334.0582 1.6800000000
176 335.9781 1.6400000000
177 337.8968 1.6800000000
178 339.8171 1.6900000000
179 341.7368 1.6900000000
180 343.6571 1.6700000000
181 345.5757 1.6600000000
182 347.4949 1.7000000000
183 349.4136 1.6800000000
184 351.3552 1.6600000000
185 353.2988 1.6900000000
186 355.2183 1.6700000000
187 357.1387 1.6900000000
188 359.0581 1.6700000000
189 360.9766 1.6800000000
190 362.8971 1.6800000000
191 364.8164 1.6600000000
192 366.7354 1.6700000000
193 368.6543 1.6900000000
194 370.5748 1.6700000000
195 372.4940 1.6600000000
196 374.4148 1.6700000000
197 376.3385 1.6500000000
198 378.2576 1.6700000000
199 380.1762 1.6700000000
200 382.0985 1.6800000000
