1 0.0000 4.9500000000
2 1.9260 3.8500000000
3 3.8530 3.3700000000
4 5.7788 3.1900000000
5 7.7052 3.0400000000
6 9.6325 2.9600000000
7 11.5607 2.8700000000
8 13.4875 2.9000000000
9 15.4148 2.8200000000
10 17.3419 2.8300000000
11 19.2682 2.8200000000
12 21.1958 2.7200000000
13 23.1218 2.7300000000
14 25.0488 2.7200000000
15 26.9738 2.7100000000
16 28.8999 2.6500000000
17 30.8244 2.6000000000
18 32.7502 2.6200000000
19 34.7100 2.5900000000
20 36.6462 2.5900000000
21 38.5724 2.6100000000
22 40.4987 2.6100000000
23 42.4246 2.6200000000
24 44.3519 2.6400000000
25 46.2792 2.6200000000
26 48.2069 2.6600000000
27 50.1339 2.6100000000
28 52.0601 2.6600000000
29 53.9865 2.6600000000
30 55.9118 2.6800000000
31 57.8363 2.6800000000
32 59.7618 2.6600000000
33 61.6872 2.6800000000
34 63.6145 2.6300000000
35 65.5402 2.6800000000
36 67.4675 2.6600000000
37 69.3934 2.6600000000
38 71.3182 2.6300000000
39 73.2445 2.6800000000
40 75.1698 2.6600000000
41 77.0963 2.6500000000
42 79.0211 2.6700000000
43 80.9475 2.6200000000
44 82.8725 2.5900000000
45 84.7974 2.5900000000
46 86.7226 2.5900000000
47 88.6492 2.6000000000
48 90.5746 2.5900000000
49 92.5004 2.6000000000
50 94.4287 2.6400000000
51 96.3534 2.6200000000
52 98.2797 2.6200000000
53 100.2048 2.6200000000
54 102.1302 2.5800000000
55 104.0549 2.5900000000
56 105.9799 2.6400000000
57 107.9048 2.6300000000
58 109.8294 2.6100000000
59 111.7530 2.6200000000
60 113.6785 2.6200000000
61 115.6029 2.6300000000
62 117.5282 2.6200000000
63 119.4537 2.6300000000
64 121.3800 2.6600000000
65 123.3078 2.6000000000
66 125.2338 2.6400000000
67 127.1585 2.6000000000
68 129.0851 2.6100000000
69 131.0092 2.6000000000
70 132.9354 2.6500000000
71 134.8611 2.6100000000
72 136.7869 2.6000000000
73 138.7114 2.6100000000
74 140.6396 2.6000000000
75 142.5739 2.5900000000
76 144.5034 2.6200000000
77 146.4306 2.6100000000
78 148.3592 2.6300000000
79 150.2854 2.5900000000
80 152.2137 2.6300000000
81 154.1402 2.6100000000
82 156.0672 2.6300000000
83 157.9944 2.6100000000
84 159.9212 2.5900000000
85 161.8489 2.5800000000
86 163.7793 2.5900000000
87 165.7125 2.6000000000
88 167.6427 2.5800000000
89 169.5730 2.5900000000
90 171.5033 2.6100000000
91 173.4391 2.5900000000
92 175.3998 2.5800000000
93 177.3406 2.5600000000
94 179.2712 2.5300000000
95 181.2005 2.5800000000
96 183.1309 2.5700000000
97 185.0607 2.5700000000
98 186.9895 2.5500000000
99 188.9185 2.5800000000
100 190.8495 2.5500000000
101 192.7784 2.5900000000
102 194.7079 2.5600000000
103 196.6369 2.5400000000
104 198.5651 2.5700000000
105 200.4947 2.5300000000
106 202.4245 2.5600000000
107 204.3538 2.5600000000
108 206.2813 2.5700000000
109 208.2097 2.5600000000
110 210.1394 2.5500000000
111 212.0718 2.5900000000
112 214.0021 2.5400000000
113 215.9295 2.5400000000
114 217.8603 2.5700000000
115 219.7882 2.5500000000
116 221.7162 2.5700000000
117 223.6432 2.5400000000
118 225.5726 2.5400000000
119 227.5011 2.5600000000
120 229.4303 2.5600000000
121 231.3590 2.5300000000
122 233.2879 2.5500000000
123 235.2155 2.5600000000
124 237.1452 2.5400000000
125 239.0716 2.5300000000
126 241.0012 2.5400000000
127 242.9297 2.5400000000
128 244.8626 2.5200000000
129 246.7901 2.5700000000
130 248.7205 2.5300000000
131 250.6482 2.5700000000
132 252.5768 2.5700000000
133 254.5052 2.5700000000
134 256.4342 2.5500000000
135 258.3623 2.5600000000
136 260.2912 2.5000000000
137 262.2191 2.5600000000
138 264.1479 2.5400000000
139 266.0766 2.5700000000
140 268.0055 2.5300000000
141 269.9342 2.5500000000
142 271.8620 2.5200000000
143 273.7906 2.5500000000
144 275.7189 2.5300000000
145 277.6475 2.5400000000
146 279.5772 2.5400000000
147 281.5055 2.5300000000
148 283.4355 2.5400000000
149 285.3639 2.5000000000
150 287.2922 2.5300000000
151 289.2203 2.5200000000
152 291.1519 2.5000000000
153 293.0794 2.5100000000
154 295.0065 2.5500000000
155 296.9335 2.5500000000
156 298.8593 2.5200000000
157 300.7848 2.5300000000
158 302.7104 2.4900000000
159 304.6358 2.5100000000
160 306.5607 2.5100000000
161 308.4898 2.5100000000
162 310.4152 2.5300000000
163 312.3390 2.5100000000
164 314.2638 2.4900000000
165 316.1905 2.5200000000
166 318.1156 2.5100000000
167 320.0408 2.4900000000
168 321.9676 2.4900000000
169 323.8921 2.5300000000
170 325.8198 2.4900000000
171 327.7454 2.5400000000
172 329.6717 2.4900000000
173 331.5971 2.5300000000
174 333.5227 2.5100000000
175 335.4471 2.5300000000
176 337.3716 2.5500000000
177 339.2968 2.5200000000
178 341.2228 2.5400000000
179 343.1433 2.5400000000
180 345.0589 2.5200000000
181 346.9735 2.5800000000
182 348.8908 2.5200000000
183 350.8052 2.5300000000
184 352.7209 2.5700000000
185 354.6363 2.5700000000
186 356.5509 2.5400000000
187 358.4653 2.5300000000
188 360.3807 2.5100000000
189 362.2949 2.5200000000
190 364.2089 2.5300000000
191 366.1228 2.5200000000
192 368.0375 2.5400000000
193 369.9515 2.5300000000
194 371.8655 2.5300000000
195 373.7791 2.5400000000
196 375.6949 2.5700000000
197 377.6090 2.5300000000
198 379.5227 2.5200000000
199 381.4352 2.5500000000
200 383.3510 2.5600000000
