1 0.0000 0.0733666667
2 1.9260 0.0359666667
3 3.8530 0.0273166667
4 5.7788 0.0229666667
5 7.7052 0.0207666667
6 9.6325 0.0193666667
7 11.5607 0.0183666667
8 13.4875 0.0177166667
9 15.4148 0.0170666667
10 17.3419 0.0167000000
11 19.2682 0.0164500000
12 21.1958 0.0162166667
13 23.1218 0.0160166667
14 25.0488 0.0158000000
15 26.9738 0.0156833333
16 28.8999 0.0156500000
17 30.8244 0.0153666667
18 32.7502 0.0153333333
19 34.7100 0.0152000000
20 36.6462 0.0150500000
21 38.5724 0.0150333333
22 40.4987 0.0149166667
23 42.4246 0.0149500000
24 44.3519 0.0148000000
25 46.2792 0.0148333333
26 48.2069 0.0147333333
27 50.1339 0.0147000000
28 52.0601 0.0146166667
29 53.9865 0.0146666667
30 55.9118 0.0145833333
31 57.8363 0.0144666667
32 59.7618 0.0144666667
33 61.6872 0.0143333333
34 63.6145 0.0145166667
35 65.5402 0.0143000000
36 67.4675 0.0143500000
37 69.3934 0.0143666667
38 71.3182 0.0144166667
39 73.2445 0.0144000000
40 75.1698 0.0142833333
41 77.0963 0.0142166667
42 79.0211 0.0141833333
43 80.9475 0.0141000000
44 82.8725 0.0140833333
45 84.7974 0.0140833333
46 86.7226 0.0140666667
47 88.6492 0.0139833333
48 90.5746 0.0140333333
49 92.5004 0.0140833333
50 94.4287 0.0139166667
51 96.3534 0.0140000000
52 98.2797 0.0139666667
53 100.2048 0.0139166667
54 102.1302 0.0139333333
55 104.0549 0.0138833333
56 105.9799 0.0139333333
57 107.9048 0.0139166667
58 109.8294 0.0139000000
59 111.7530 0.0139666667
60 113.6785 0.0138000000
61 115.6029 0.0139333333
62 117.5282 0.0139500000
63 119.4537 0.0138166667
64 121.3800 0.0140166667
65 123.3078 0.0139166667
66 125.2338 0.0139166667
67 127.1585 0.0139333333
68 129.0851 0.0138333333
69 131.0092 0.0138333333
70 132.9354 0.0138500000
71 134.8611 0.0138500000
72 136.7869 0.0138166667
73 138.7114 0.0139000000
74 140.6396 0.0138666667
75 142.5739 0.0138833333
76 144.5034 0.0137500000
77 146.4306 0.0138166667
78 148.3592 0.0138500000
79 150.2854 0.0138000000
80 152.2137 0.0138500000
81 154.1402 0.0138000000
82 156.0672 0.0138166667
83 157.9944 0.0137500000
84 159.9212 0.0136500000
85 161.8489 0.0138500000
86 163.7793 0.0137166667
87 165.7125 0.0136666667
88 167.6427 0.0137666667
89 169.5730 0.0137666667
90 171.5033 0.0137500000
91 173.4391 0.0137833333
92 175.3998 0.0137500000
93 177.3406 0.0137333333
94 179.2712 0.0136500000
95 181.2005 0.0137833333
96 183.1309 0.0137666667
97 185.0607 0.0137666667
98 186.9895 0.0137333333
99 188.9185 0.0137666667
100 190.8495 0.0136333333
101 192.7784 0.0136833333
102 194.7079 0.0137166667
103 196.6369 0.0137500000
104 198.5651 0.0136833333
105 200.4947 0.0135833333
106 202.4245 0.0136166667
107 204.3538 0.0135833333
108 206.2813 0.0136000000
109 208.2097 0.0137000000
110 210.1394 0.0136666667
111 212.0718 0.0137333333
112 214.0021 0.0136500000
113 215.9295 0.0136166667
114 217.8603 0.0137166667
115 219.7882 0.0136666667
116 221.7162 0.0136666667
117 223.6432 0.0136666667
118 225.5726 0.0136666667
119 227.5011 0.0137166667
120 229.4303 0.0136500000
121 231.3590 0.0135666667
122 233.2879 0.0136333333
123 235.2155 0.0135000000
124 237.1452 0.0137000000
125 239.0716 0.0136500000
126 241.0012 0.0136333333
127 242.9297 0.0135000000
128 244.8626 0.0136000000
129 246.7901 0.0135500000
130 248.7205 0.0135333333
131 250.6482 0.0135333333
132 252.5768 0.0134833333
133 254.5052 0.0134500000
134 256.4342 0.0135000000
135 258.3623 0.0135666667
136 260.2912 0.0135666667
137 262.2191 0.0133500000
138 264.1479 0.0134333333
139 266.0766 0.0134333333
140 268.0055 0.0136500000
141 269.9342 0.0134333333
142 271.8620 0.0135000000
143 273.7906 0.0135000000
144 275.7189 0.0135166667
145 277.6475 0.0134666667
146 279.5772 0.0135666667
147 281.5055 0.0134833333
148 283.4355 0.0135166667
149 285.3639 0.0133166667
150 287.2922 0.0134666667
151 289.2203 0.0134166667
152 291.1519 0.0135666667
153 293.0794 0.0135166667
154 295.0065 0.0134000000
155 296.9335 0.0134833333
156 298.8593 0.0134166667
157 300.7848 0.0134833333
158 302.7104 0.0134666667
159 304.6358 0.0134500000
160 306.5607 0.0134666667
161 308.4898 0.0134000000
162 310.4152 0.0134333333
163 312.3390 0.0133500000
164 314.2638 0.0133666667
165 316.1905 0.0134500000
166 318.1156 0.0133333333
167 320.0408 0.0133333333
168 321.9676 0.0134333333
169 323.8921 0.0135000000
170 325.8198 0.0133333333
171 327.7454 0.0134000000
172 329.6717 0.0133833333
173 331.5971 0.0134333333
174 333.5227 0.0133666667
175 335.4471 0.0134333333
176 337.3716 0.0134500000
177 339.2968 0.0134500000
178 341.2228 0.0133833333
179 343.1433 0.0133333333
180 345.0589 0.0133500000
181 346.9735 0.0133000000
182 348.8908 0.0133166667
183 350.8052 0.0133666667
184 352.7209 0.0134500000
185 354.6363 0.0132500000
186 356.5509 0.0133000000
187 358.4653 0.0134166667
188 360.3807 0.0133333333
189 362.2949 0.0133666667
190 364.2089 0.0132500000
191 366.1228 0.0133833333
192 368.0375 0.0132666667
193 369.9515 0.0132833333
194 371.8655 0.0133333333
195 373.7791 0.0132833333
196 375.6949 0.0133666667
197 377.6090 0.0131833333
198 379.5227 0.0132833333
199 381.4352 0.0133333333
200 383.3510 0.0133833333
