1 0.0000 7.8500000000
2 1.9089 5.1400000000
3 3.8112 3.9800000000
4 5.7144 3.3700000000
5 7.6191 3.1000000000
6 9.5247 2.8100000000
7 11.4281 2.7100000000
8 13.3320 2.6000000000
9 15.2417 2.5100000000
10 17.1444 2.4200000000
11 19.0476 2.3600000000
12 20.9510 2.3600000000
13 22.8539 2.3000000000
14 24.7573 2.2700000000
15 26.6608 2.2700000000
16 28.5645 2.2300000000
17 30.4688 2.1900000000
18 32.3733 2.1700000000
19 34.2761 2.1600000000
20 36.1785 2.1200000000
21 38.0824 2.1400000000
22 39.9891 2.1400000000
23 41.8994 2.1200000000
24 43.8059 2.0800000000
25 45.7109 2.0400000000
26 47.6202 2.0500000000
27 49.5233 2.0000000000
28 51.4264 1.9500000000
29 53.3276 1.9200000000
30 55.2317 1.9100000000
31 57.1348 1.9100000000
32 59.0375 1.8900000000
33 60.9402 1.8600000000
34 62.8424 1.8600000000
35 64.7444 1.8600000000
36 66.6465 1.8600000000
37 68.5516 1.8600000000
38 70.4656 1.8400000000
39 72.3703 1.8500000000
40 74.2759 1.8500000000
41 76.1808 1.8400000000
42 78.0869 1.8200000000
43 79.9907 1.8000000000
44 81.8945 1.7900000000
45 83.7982 1.7800000000
46 85.7070 1.7700000000
47 87.6129 1.7600000000
48 89.5175 1.7600000000
49 91.4199 1.7500000000
50 93.3238 1.7500000000
51 95.2274 1.7400000000
52 97.1318 1.7500000000
53 99.0345 1.7500000000
54 100.9389 1.7500000000
55 102.8422 1.7600000000
56 104.7454 1.7600000000
57 106.6483 1.7600000000
58 108.5547 1.7600000000
59 110.4650 1.7600000000
60 112.3713 1.7600000000
61 114.2771 1.7600000000
62 116.1827 1.7600000000
63 118.0881 1.7600000000
64 119.9928 1.7500000000
65 121.8975 1.7500000000
66 123.8029 1.7500000000
67 125.7075 1.7400000000
68 127.6127 1.7300000000
69 129.5185 1.7300000000
70 131.4242 1.7300000000
71 133.3296 1.7300000000
72 135.2349 1.7300000000
73 137.1402 1.7300000000
74 139.0449 1.7300000000
75 140.9488 1.7300000000
76 142.8537 1.7300000000
77 144.7587 1.7200000000
78 146.6620 1.7300000000
79 148.5687 1.7400000000
80 150.4757 1.7400000000
81 152.3778 1.7400000000
82 154.2814 1.7300000000
83 156.1858 1.7300000000
84 158.0900 1.7300000000
85 159.9940 1.7300000000
86 161.8975 1.7400000000
87 163.8003 1.7300000000
88 165.7065 1.7300000000
89 167.6156 1.7200000000
90 169.5225 1.7200000000
91 171.4293 1.7200000000
92 173.3358 1.7300000000
93 175.2398 1.7300000000
94 177.1458 1.7300000000
95 179.0512 1.7300000000
96 180.9572 1.7300000000
97 182.8636 1.7200000000
98 184.7687 1.7200000000
99 186.6727 1.7200000000
100 188.5815 1.7100000000
101 190.4868 1.7100000000
102 192.3907 1.7100000000
103 194.2946 1.7100000000
104 196.1979 1.7100000000
105 198.1014 1.7100000000
106 200.0048 1.7100000000
107 201.9177 1.7100000000
108 203.8219 1.7100000000
109 205.7273 1.7100000000
110 207.6337 1.7100000000
111 209.5376 1.7100000000
112 211.4407 1.7000000000
113 213.3441 1.7000000000
114 215.2481 1.7000000000
115 217.1509 1.7000000000
116 219.0548 1.7000000000
117 220.9578 1.7000000000
118 222.8617 1.7100000000
119 224.7636 1.7100000000
120 226.6665 1.7100000000
121 228.5728 1.7100000000
122 230.4880 1.7200000000
123 232.3942 1.7200000000
124 234.3006 1.7200000000
125 236.2050 1.7200000000
126 238.1102 1.7200000000
127 240.0145 1.7200000000
128 241.9201 1.7100000000
129 243.8255 1.7200000000
130 245.7312 1.7200000000
131 247.6362 1.7200000000
132 249.5407 1.7200000000
133 251.4455 1.7200000000
134 253.3501 1.7200000000
135 255.2545 1.7200000000
136 257.1592 1.7200000000
137 259.0633 1.7200000000
138 260.9678 1.7200000000
139 262.8734 1.7200000000
140 264.7792 1.7200000000
141 266.6849 1.7200000000
142 268.5914 1.7200000000
143 270.4991 1.7300000000
144 272.4026 1.7300000000
145 274.3054 1.7300000000
146 276.2102 1.7400000000
147 278.1139 1.7400000000
148 280.0176 1.7400000000
149 281.9224 1.7400000000
150 283.8253 1.7400000000
151 285.7309 1.7400000000
152 287.6464 1.7400000000
153 289.5521 1.7400000000
154 291.4566 1.7400000000
155 293.3621 1.7400000000
156 295.2676 1.7400000000
157 297.1733 1.7400000000
158 299.0798 1.7400000000
159 300.9853 1.7400000000
160 302.8916 1.7400000000
161 304.7969 1.7400000000
162 306.7238 1.7400000000
163 308.6569 1.7400000000
164 310.5700 1.7400000000
165 312.4737 1.7400000000
166 314.3783 1.7400000000
167 316.2832 1.7400000000
168 318.1865 1.7400000000
169 320.0899 1.7400000000
170 322.0011 1.7400000000
171 323.9048 1.7400000000
172 325.8071 1.7400000000
173 327.7095 1.7400000000
174 329.6118 1.7400000000
175 331.5177 1.7400000000
176 333.4256 1.7400000000
177 335.3296 1.7400000000
178 337.2344 1.7400000000
179 339.1372 1.7500000000
180 341.0391 1.7500000000
181 342.9416 1.7500000000
182 344.8445 1.7600000000
183 346.7480 1.7600000000
184 348.6540 1.7600000000
185 350.5618 1.7600000000
186 352.4657 1.7600000000
187 354.3682 1.7600000000
188 356.2730 1.7600000000
189 358.1762 1.7600000000
190 360.0783 1.7600000000
191 361.9825 1.7600000000
192 363.8853 1.7600000000
193 365.7886 1.7500000000
194 367.6915 1.7500000000
195 369.5957 1.7500000000
196 371.5010 1.7500000000
197 373.4102 1.7500000000
198 375.3142 1.7500000000
199 377.2192 1.7500000000
200 379.1231 1.7500000000
