1 0.0000 5.9300000000
2 4.3032 4.1900000000
3 8.3989 4.1400000000
4 12.4956 3.2500000000
5 16.5856 3.1500000000
6 20.6831 3.4800000000
7 24.7811 2.9400000000
8 28.8736 2.8900000000
9 32.9648 2.7900000000
10 37.0546 2.7500000000
11 41.1470 2.6800000000
12 45.2415 2.8100000000
13 49.3369 2.4500000000
14 53.4302 2.5100000000
15 57.5248 2.5200000000
16 61.6148 2.6600000000
17 65.7065 2.5600000000
18 69.7980 2.5000000000
19 73.8893 2.5400000000
20 77.9829 2.6300000000
21 82.0779 2.6100000000
22 86.1742 2.3100000000
23 90.2676 2.4700000000
24 94.3619 2.3800000000
25 98.4561 2.3200000000
26 102.5495 2.4200000000
27 106.6449 2.3500000000
28 110.7396 2.1600000000
29 114.8327 2.4700000000
30 118.9279 2.3600000000
31 123.0186 2.2400000000
32 127.1128 2.2300000000
33 131.2088 2.3100000000
34 135.3038 2.2000000000
35 139.3953 2.3600000000
36 143.4919 2.4000000000
37 147.5840 2.1400000000
38 151.6766 2.1900000000
39 155.7713 2.1600000000
40 159.8669 2.2800000000
41 163.9600 2.1700000000
42 168.0546 2.1800000000
43 172.1624 2.2800000000
44 176.2638 2.3800000000
45 180.3637 2.2700000000
46 184.4565 2.0900000000
47 188.5476 2.0700000000
48 192.6407 2.2600000000
49 196.7329 2.0000000000
50 200.8270 2.1900000000
51 204.9218 2.2000000000
52 209.0122 2.2700000000
53 213.1048 2.2300000000
54 217.1977 2.0500000000
55 221.2915 2.0900000000
56 225.3851 2.2500000000
57 229.4748 2.2200000000
58 233.5675 2.1700000000
59 237.6603 2.0000000000
60 241.7536 2.1600000000
61 245.8459 2.1400000000
62 249.9384 2.0300000000
63 254.0309 2.0100000000
64 258.1240 2.1100000000
65 262.2221 2.1000000000
66 266.3875 2.3800000000
67 270.4810 2.2800000000
68 274.5772 2.2300000000
69 278.6718 2.2800000000
70 282.7655 2.1600000000
71 286.8596 2.0500000000
72 290.9544 1.9400000000
73 295.0516 1.9500000000
74 299.1619 2.2200000000
75 303.2630 1.9500000000
76 307.3661 2.1500000000
77 311.4701 2.3000000000
78 315.5746 2.1200000000
79 319.6837 2.1200000000
80 323.7881 2.0700000000
81 327.8927 1.9700000000
82 331.9957 2.1900000000
83 336.0952 2.0600000000
84 340.2036 1.9900000000
85 344.3061 2.1600000000
86 348.4076 2.2100000000
87 352.5099 2.0700000000
88 356.6137 2.0100000000
89 360.7164 2.0000000000
90 364.8199 2.0300000000
91 368.9216 2.1300000000
92 373.0252 1.9800000000
93 377.1278 2.1300000000
94 381.2299 2.0100000000
95 385.3387 2.0700000000
96 389.4423 1.9700000000
97 393.5442 1.9400000000
98 397.6480 2.0600000000
99 401.7504 1.9500000000
100 405.8526 1.9600000000
101 409.9558 2.0900000000
102 414.0616 2.1700000000
103 418.1659 2.0200000000
104 422.2678 1.9900000000
105 426.3689 2.0400000000
106 430.4741 2.1900000000
107 434.5784 1.8500000000
108 438.6798 1.9300000000
109 442.7787 2.0200000000
110 446.8833 2.0600000000
111 450.9868 1.9900000000
112 455.0923 1.9300000000
113 459.1957 2.0100000000
114 463.2979 1.9300000000
115 467.3981 2.0900000000
116 471.5017 2.1200000000
117 475.6048 1.9100000000
118 479.7068 1.9700000000
119 483.8093 2.0100000000
120 487.9026 1.9600000000
121 491.9954 2.0100000000
122 496.1039 2.1800000000
123 500.1982 2.0800000000
124 504.2950 1.9800000000
125 508.3890 1.8900000000
126 512.4842 2.0900000000
127 516.5769 1.9200000000
128 520.6717 2.0800000000
129 524.7604 1.8900000000
130 528.8569 2.0700000000
131 532.9518 2.1000000000
132 537.0479 2.0300000000
133 541.1412 1.8600000000
134 545.2392 2.1900000000
135 549.3393 1.8100000000
136 553.4356 1.9200000000
137 557.5325 2.1900000000
138 561.6276 1.9100000000
139 565.7241 1.9900000000
140 569.8173 1.9800000000
141 573.9103 1.8900000000
142 578.0083 1.9200000000
143 582.1024 1.8800000000
144 586.1954 1.8600000000
145 590.2867 1.9500000000
146 594.3919 1.9200000000
147 598.4936 1.8800000000
148 602.5964 1.9400000000
149 606.7004 1.8800000000
150 610.8096 2.0600000000
151 614.9130 1.9100000000
152 619.0171 1.7700000000
153 623.1202 1.9000000000
154 627.2216 1.9500000000
155 631.3153 1.9900000000
156 635.4107 1.9800000000
157 639.5059 1.9100000000
158 643.5987 1.9700000000
159 647.6965 2.0200000000
160 651.7920 1.8600000000
161 655.8947 1.9700000000
162 659.9990 2.1700000000
163 664.0986 2.0200000000
164 668.1955 2.0000000000
165 672.2900 1.9100000000
166 676.3909 1.8200000000
167 680.4902 1.9700000000
168 684.5876 1.8900000000
169 688.6829 1.8500000000
170 692.7779 1.8200000000
171 696.8702 1.8900000000
172 700.9651 1.8700000000
173 705.0597 1.9000000000
174 709.1529 2.0200000000
175 713.2322 1.8600000000
176 717.3157 1.7900000000
177 721.3968 1.8100000000
178 725.4754 1.9900000000
179 729.5531 1.8900000000
180 733.6342 1.7900000000
181 737.7154 1.8300000000
182 741.7992 1.8200000000
183 745.8811 1.7600000000
184 749.9629 1.8600000000
185 754.0422 1.8800000000
186 758.1227 1.8700000000
187 762.2023 1.8800000000
188 766.2835 1.8500000000
189 770.3643 1.8400000000
190 774.4461 2.0000000000
191 778.5262 1.7700000000
192 782.6047 1.8600000000
193 786.6855 1.8300000000
194 790.7665 1.9600000000
195 794.8467 1.8800000000
196 798.9209 1.7800000000
197 802.9999 1.9900000000
198 807.0753 1.9100000000
199 811.1568 2.0200000000
200 815.2358 1.9200000000
