1 0.0000 0.0844166667
2 4.3032 0.0462166667
3 8.3989 0.0367500000
4 12.4956 0.0316333333
5 16.5856 0.0302333333
6 20.6831 0.0265500000
7 24.7811 0.0260666667
8 28.8736 0.0244833333
9 32.9648 0.0230833333
10 37.0546 0.0223333333
11 41.1470 0.0218166667
12 45.2415 0.0214333333
13 49.3369 0.0201333333
14 53.4302 0.0197666667
15 57.5248 0.0194000000
16 61.6148 0.0188333333
17 65.7065 0.0184500000
18 69.7980 0.0180000000
19 73.8893 0.0182000000
20 77.9829 0.0177333333
21 82.0779 0.0168000000
22 86.1742 0.0165000000
23 90.2676 0.0165666667
24 94.3619 0.0157666667
25 98.4561 0.0156166667
26 102.5495 0.0160166667
27 106.6449 0.0156166667
28 110.7396 0.0156166667
29 114.8327 0.0146833333
30 118.9279 0.0149833333
31 123.0186 0.0146333333
32 127.1128 0.0142000000
33 131.2088 0.0140833333
34 135.3038 0.0137833333
35 139.3953 0.0136833333
36 143.4919 0.0136000000
37 147.5840 0.0133166667
38 151.6766 0.0134833333
39 155.7713 0.0129166667
40 159.8669 0.0129500000
41 163.9600 0.0129000000
42 168.0546 0.0125500000
43 172.1624 0.0126000000
44 176.2638 0.0126333333
45 180.3637 0.0125000000
46 184.4565 0.0127500000
47 188.5476 0.0123666667
48 192.6407 0.0121500000
49 196.7329 0.0118500000
50 200.8270 0.0115333333
51 204.9218 0.0117500000
52 209.0122 0.0114333333
53 213.1048 0.0113833333
54 217.1977 0.0113166667
55 221.2915 0.0112166667
56 225.3851 0.0113833333
57 229.4748 0.0112500000
58 233.5675 0.0113000000
59 237.6603 0.0111166667
60 241.7536 0.0112000000
61 245.8459 0.0104833333
62 249.9384 0.0107000000
63 254.0309 0.0105166667
64 258.1240 0.0106833333
65 262.2221 0.0108166667
66 266.3875 0.0103666667
67 270.4810 0.0097000000
68 274.5772 0.0104000000
69 278.6718 0.0104333333
70 282.7655 0.0103166667
71 286.8596 0.0100333333
72 290.9544 0.0099166667
73 295.0516 0.0100666667
74 299.1619 0.0098166667
75 303.2630 0.0099333333
76 307.3661 0.0097666667
77 311.4701 0.0096500000
78 315.5746 0.0097500000
79 319.6837 0.0100666667
80 323.7881 0.0096833333
81 327.8927 0.0096833333
82 331.9957 0.0094000000
83 336.0952 0.0093833333
84 340.2036 0.0093333333
85 344.3061 0.0089833333
86 348.4076 0.0090833333
87 352.5099 0.0091166667
88 356.6137 0.0094666667
89 360.7164 0.0093500000
90 364.8199 0.0089666667
91 368.9216 0.0094166667
92 373.0252 0.0090666667
93 377.1278 0.0094666667
94 381.2299 0.0086333333
95 385.3387 0.0091666667
96 389.4423 0.0087333333
97 393.5442 0.0088166667
98 397.6480 0.0087500000
99 401.7504 0.0087000000
100 405.8526 0.0083500000
101 409.9558 0.0087666667
102 414.0616 0.0086166667
103 418.1659 0.0089000000
104 422.2678 0.0083833333
105 426.3689 0.0087333333
106 430.4741 0.0086500000
107 434.5784 0.0089166667
108 438.6798 0.0083000000
109 442.7787 0.0087000000
110 446.8833 0.0085500000
111 450.9868 0.0079333333
112 455.0923 0.0082000000
113 459.1957 0.0079833333
114 463.2979 0.0081333333
115 467.3981 0.0082666667
116 471.5017 0.0082500000
117 475.6048 0.0080166667
118 479.7068 0.0077166667
119 483.8093 0.0080500000
120 487.9026 0.0078500000
121 491.9954 0.0074833333
122 496.1039 0.0079333333
123 500.1982 0.0075500000
124 504.2950 0.0080666667
125 508.3890 0.0081166667
126 512.4842 0.0082333333
127 516.5769 0.0077333333
128 520.6717 0.0077666667
129 524.7604 0.0077166667
130 528.8569 0.0075333333
131 532.9518 0.0077166667
132 537.0479 0.0076333333
133 541.1412 0.0077666667
134 545.2392 0.0073666667
135 549.3393 0.0075333333
136 553.4356 0.0073166667
137 557.5325 0.0072833333
138 561.6276 0.0068666667
139 565.7241 0.0073500000
140 569.8173 0.0074666667
141 573.9103 0.0069833333
142 578.0083 0.0072166667
143 582.1024 0.0070000000
144 586.1954 0.0070166667
145 590.2867 0.0070166667
146 594.3919 0.0069000000
147 598.4936 0.0072166667
148 602.5964 0.0070833333
149 606.7004 0.0072000000
150 610.8096 0.0072833333
151 614.9130 0.0067000000
152 619.0171 0.0071500000
153 623.1202 0.0064833333
154 627.2216 0.0068666667
155 631.3153 0.0071833333
156 635.4107 0.0069000000
157 639.5059 0.0067833333
158 643.5987 0.0063166667
159 647.6965 0.0067666667
160 651.7920 0.0066833333
161 655.8947 0.0065000000
162 659.9990 0.0067500000
163 664.0986 0.0068000000
164 668.1955 0.0066666667
165 672.2900 0.0064500000
166 676.3909 0.0065000000
167 680.4902 0.0064000000
168 684.5876 0.0064500000
169 688.6829 0.0064833333
170 692.7779 0.0065166667
171 696.8702 0.0065333333
172 700.9651 0.0065833333
173 705.0597 0.0065000000
174 709.1529 0.0062333333
175 713.2322 0.0064000000
176 717.3157 0.0065666667
177 721.3968 0.0065500000
178 725.4754 0.0068000000
179 729.5531 0.0063833333
180 733.6342 0.0064000000
181 737.7154 0.0062333333
182 741.7992 0.0062666667
183 745.8811 0.0062666667
184 749.9629 0.0064666667
185 754.0422 0.0066666667
186 758.1227 0.0063000000
187 762.2023 0.0059666667
188 766.2835 0.0063666667
189 770.3643 0.0062000000
190 774.4461 0.0062500000
191 778.5262 0.0061833333
192 782.6047 0.0061833333
193 786.6855 0.0060000000
194 790.7665 0.0059166667
195 794.8467 0.0063166667
196 798.9209 0.0058000000
197 802.9999 0.0064666667
198 807.0753 0.0063166667
199 811.1568 0.0058500000
200 815.2358 0.0062000000
