1 0.0000 5.9400000000
2 4.1838 4.4200000000
3 8.2874 3.9300000000
4 12.3977 3.5200000000
5 16.4990 3.2900000000
6 20.6095 3.0900000000
7 24.7169 2.9700000000
8 28.8190 3.0300000000
9 32.9171 2.7800000000
10 37.0200 2.8400000000
11 41.1210 2.5900000000
12 45.2223 2.6900000000
13 49.3202 2.6700000000
14 53.4194 2.8400000000
15 57.5180 2.4300000000
16 61.6161 2.5100000000
17 65.7145 2.4400000000
18 69.8138 2.5100000000
19 73.9119 2.4600000000
20 78.0091 2.4300000000
21 82.1093 2.4300000000
22 86.2206 2.3700000000
23 90.3296 2.3400000000
24 94.4395 2.3300000000
25 98.5526 2.2500000000
26 102.6595 2.3300000000
27 106.7730 2.2000000000
28 110.8851 2.2600000000
29 114.9984 2.4100000000
30 119.1072 2.1600000000
31 123.2149 2.4000000000
32 127.3211 2.1600000000
33 131.4255 2.2100000000
34 135.5330 2.3800000000
35 139.6397 2.1500000000
36 143.7478 2.2600000000
37 147.8568 2.0400000000
38 151.9630 2.2700000000
39 156.0691 2.4600000000
40 160.1769 2.1600000000
41 164.2765 2.1700000000
42 168.3736 2.2400000000
43 172.4729 2.2900000000
44 176.5718 2.2300000000
45 180.6723 2.3000000000
46 184.7720 2.0400000000
47 188.8719 2.1900000000
48 192.9706 2.2000000000
49 197.0691 2.2900000000
50 201.1656 2.1300000000
51 205.2635 2.3100000000
52 209.3609 2.2200000000
53 213.4576 2.2600000000
54 217.5569 2.0700000000
55 221.6598 2.2400000000
56 225.7639 2.1300000000
57 229.8628 2.1200000000
58 233.9629 2.1900000000
59 238.0616 2.1000000000
60 242.1619 2.1800000000
61 246.2640 2.1500000000
62 250.3760 2.2600000000
63 254.4856 2.0800000000
64 258.5883 2.1700000000
65 262.6914 2.0800000000
66 266.8007 2.0900000000
67 270.9121 2.0200000000
68 275.0167 2.0700000000
69 279.1244 2.0700000000
70 283.2228 2.0900000000
71 287.3188 2.0200000000
72 291.4147 2.1600000000
73 295.5095 2.0300000000
74 299.6033 2.0800000000
75 303.6916 1.9200000000
76 307.7908 2.1600000000
77 311.8838 1.9700000000
78 315.9818 2.1000000000
79 320.0711 2.1300000000
80 324.1678 2.0500000000
81 328.2654 2.2400000000
82 332.3560 2.0400000000
83 336.4536 2.0100000000
84 340.5517 2.0000000000
85 344.6463 2.2400000000
86 348.7417 2.1700000000
87 352.8258 2.0900000000
88 356.9112 2.0000000000
89 360.9948 2.0100000000
90 365.0779 2.1100000000
91 369.1676 2.1600000000
92 373.2515 1.9800000000
93 377.3357 1.9800000000
94 381.4202 2.0800000000
95 385.5055 2.0900000000
96 389.5922 2.0700000000
97 393.6768 2.0100000000
98 397.7652 2.0800000000
99 401.8528 2.1200000000
100 405.9393 2.0400000000
101 410.0280 2.0300000000
102 414.1141 1.9900000000
103 418.2008 2.2200000000
104 422.2824 2.0200000000
105 426.3695 1.9600000000
106 430.4566 2.0000000000
107 434.5423 2.1000000000
108 438.6298 2.1600000000
109 442.7148 2.1000000000
110 446.8006 1.9500000000
111 450.8862 2.1800000000
112 454.9688 2.0300000000
113 459.0526 2.0200000000
114 463.1436 1.9500000000
115 467.2313 1.9100000000
116 471.3291 2.0000000000
117 475.4274 2.0500000000
118 479.5242 2.0000000000
119 483.6223 2.1300000000
120 487.7177 1.9500000000
121 491.8156 2.0000000000
122 495.9140 2.0600000000
123 500.0116 1.9600000000
124 504.1074 1.8700000000
125 508.2134 2.0000000000
126 512.3054 1.8000000000
127 516.3989 1.9600000000
128 520.4962 2.0100000000
129 524.5822 1.9300000000
130 528.6741 1.9600000000
131 532.7688 2.0000000000
132 536.8562 1.9600000000
133 540.9432 2.0800000000
134 545.0323 2.0300000000
135 549.1190 1.9600000000
136 553.2028 2.0500000000
137 557.2892 2.0200000000
138 561.3773 2.1400000000
139 565.4646 2.0100000000
140 569.5541 1.9800000000
141 573.6426 2.0000000000
142 577.7285 1.8900000000
143 581.8111 2.0500000000
144 585.8853 2.0400000000
145 589.9710 1.9500000000
146 594.0579 2.0300000000
147 598.1448 1.8900000000
148 602.2289 1.8600000000
149 606.3084 1.9000000000
150 610.3903 2.0300000000
151 614.4742 1.8300000000
152 618.5604 1.9500000000
153 622.6450 1.8900000000
154 626.7546 1.9400000000
155 630.8418 1.9600000000
156 634.9272 2.0100000000
157 639.0059 1.8400000000
158 643.0968 1.9300000000
159 647.1846 2.1600000000
160 651.2716 2.0200000000
161 655.3575 1.8500000000
162 659.4444 1.9800000000
163 663.5315 2.0500000000
164 667.6155 2.0300000000
165 671.7018 1.8200000000
166 675.7882 1.9600000000
167 679.8755 1.8700000000
168 683.9622 1.7800000000
169 688.0488 1.9100000000
170 692.1353 1.8200000000
171 696.2228 2.0400000000
172 700.3113 2.1400000000
173 704.4005 1.9600000000
174 708.4879 2.0500000000
175 712.5757 1.9600000000
176 716.6684 1.9900000000
177 720.7642 2.0500000000
178 724.8589 2.0600000000
179 728.9604 1.9400000000
180 733.0511 2.0400000000
181 737.1440 2.0000000000
182 741.2408 1.9400000000
183 745.3378 2.0600000000
184 749.4383 1.9200000000
185 753.5455 1.9700000000
186 757.6403 1.9700000000
187 761.7294 1.8000000000
188 765.8123 1.9500000000
189 769.8996 1.9200000000
190 773.9876 2.0500000000
191 778.0747 2.0400000000
192 782.1646 2.0300000000
193 786.2518 1.9400000000
194 790.3379 2.0300000000
195 794.4213 2.0700000000
196 798.5084 1.7900000000
197 802.5956 2.0900000000
198 806.6926 1.9900000000
199 810.7888 1.9000000000
200 814.8788 1.9200000000
