1 0.0000 0.0859833333
2 4.1838 0.0449500000
3 8.2874 0.0359166667
4 12.3977 0.0321000000
5 16.4990 0.0289333333
6 20.6095 0.0277333333
7 24.7169 0.0264000000
8 28.8190 0.0249000000
9 32.9171 0.0239833333
10 37.0200 0.0234000000
11 41.1210 0.0221333333
12 45.2223 0.0212166667
13 49.3202 0.0209166667
14 53.4194 0.0206000000
15 57.5180 0.0196333333
16 61.6161 0.0193000000
17 65.7145 0.0184666667
18 69.8138 0.0192166667
19 73.9119 0.0186166667
20 78.0091 0.0184333333
21 82.1093 0.0172333333
22 86.2206 0.0174333333
23 90.3296 0.0171333333
24 94.4395 0.0162833333
25 98.5526 0.0159500000
26 102.6595 0.0158666667
27 106.7730 0.0162333333
28 110.8851 0.0156000000
29 114.9984 0.0153500000
30 119.1072 0.0151500000
31 123.2149 0.0149666667
32 127.3211 0.0144666667
33 131.4255 0.0148000000
34 135.5330 0.0144666667
35 139.6397 0.0144166667
36 143.7478 0.0142166667
37 147.8568 0.0142333333
38 151.9630 0.0140500000
39 156.0691 0.0135666667
40 160.1769 0.0135833333
41 164.2765 0.0135500000
42 168.3736 0.0133166667
43 172.4729 0.0129000000
44 176.5718 0.0124166667
45 180.6723 0.0130833333
46 184.7720 0.0123833333
47 188.8719 0.0120333333
48 192.9706 0.0123333333
49 197.0691 0.0124000000
50 201.1656 0.0116666667
51 205.2635 0.0115833333
52 209.3609 0.0124666667
53 213.4576 0.0116666667
54 217.5569 0.0120833333
55 221.6598 0.0121166667
56 225.7639 0.0121333333
57 229.8628 0.0112166667
58 233.9629 0.0114833333
59 238.0616 0.0111166667
60 242.1619 0.0109000000
61 246.2640 0.0110833333
62 250.3760 0.0111000000
63 254.4856 0.0111500000
64 258.5883 0.0112833333
65 262.6914 0.0105666667
66 266.8007 0.0107833333
67 270.9121 0.0107666667
68 275.0167 0.0106833333
69 279.1244 0.0103166667
70 283.2228 0.0099333333
71 287.3188 0.0100500000
72 291.4147 0.0101666667
73 295.5095 0.0103500000
74 299.6033 0.0095000000
75 303.6916 0.0096166667
76 307.7908 0.0098666667
77 311.8838 0.0100166667
78 315.9818 0.0100000000
79 320.0711 0.0101666667
80 324.1678 0.0096833333
81 328.2654 0.0097000000
82 332.3560 0.0096833333
83 336.4536 0.0095833333
84 340.5517 0.0089500000
85 344.6463 0.0097333333
86 348.7417 0.0095500000
87 352.8258 0.0095833333
88 356.9112 0.0096833333
89 360.9948 0.0090333333
90 365.0779 0.0088666667
91 369.1676 0.0090333333
92 373.2515 0.0090166667
93 377.3357 0.0093666667
94 381.4202 0.0087666667
95 385.5055 0.0089500000
96 389.5922 0.0086833333
97 393.6768 0.0083666667
98 397.7652 0.0085833333
99 401.8528 0.0085166667
100 405.9393 0.0085166667
101 410.0280 0.0089333333
102 414.1141 0.0086000000
103 418.2008 0.0086000000
104 422.2824 0.0085000000
105 426.3695 0.0081166667
106 430.4566 0.0078666667
107 434.5423 0.0082000000
108 438.6298 0.0083000000
109 442.7148 0.0081500000
110 446.8006 0.0078666667
111 450.8862 0.0080000000
112 454.9688 0.0080500000
113 459.0526 0.0080166667
114 463.1436 0.0077333333
115 467.2313 0.0077333333
116 471.3291 0.0078166667
117 475.4274 0.0080666667
118 479.5242 0.0079166667
119 483.6223 0.0081333333
120 487.7177 0.0078166667
121 491.8156 0.0074000000
122 495.9140 0.0078166667
123 500.0116 0.0077000000
124 504.1074 0.0076833333
125 508.2134 0.0073500000
126 512.3054 0.0072666667
127 516.3989 0.0075500000
128 520.4962 0.0076500000
129 524.5822 0.0074333333
130 528.6741 0.0072833333
131 532.7688 0.0077166667
132 536.8562 0.0069000000
133 540.9432 0.0071333333
134 545.0323 0.0075833333
135 549.1190 0.0071500000
136 553.2028 0.0074500000
137 557.2892 0.0075166667
138 561.3773 0.0072166667
139 565.4646 0.0069166667
140 569.5541 0.0071666667
141 573.6426 0.0072166667
142 577.7285 0.0070000000
143 581.8111 0.0069666667
144 585.8853 0.0072166667
145 589.9710 0.0070833333
146 594.0579 0.0067166667
147 598.1448 0.0068833333
148 602.2289 0.0066833333
149 606.3084 0.0066166667
150 610.3903 0.0068833333
151 614.4742 0.0070833333
152 618.5604 0.0066166667
153 622.6450 0.0065833333
154 626.7546 0.0069666667
155 630.8418 0.0066666667
156 634.9272 0.0066500000
157 639.0059 0.0066500000
158 643.0968 0.0069000000
159 647.1846 0.0066000000
160 651.2716 0.0071833333
161 655.3575 0.0064500000
162 659.4444 0.0065666667
163 663.5315 0.0061666667
164 667.6155 0.0065666667
165 671.7018 0.0065166667
166 675.7882 0.0063500000
167 679.8755 0.0063166667
168 683.9622 0.0064500000
169 688.0488 0.0065666667
170 692.1353 0.0061333333
171 696.2228 0.0064000000
172 700.3113 0.0060500000
173 704.4005 0.0062166667
174 708.4879 0.0062666667
175 712.5757 0.0060833333
176 716.6684 0.0063166667
177 720.7642 0.0059833333
178 724.8589 0.0061166667
179 728.9604 0.0061333333
180 733.0511 0.0060000000
181 737.1440 0.0057500000
182 741.2408 0.0062000000
183 745.3378 0.0061166667
184 749.4383 0.0063833333
185 753.5455 0.0067000000
186 757.6403 0.0062666667
187 761.7294 0.0061000000
188 765.8123 0.0062000000
189 769.8996 0.0059666667
190 773.9876 0.0059666667
191 778.0747 0.0060166667
192 782.1646 0.0057666667
193 786.2518 0.0056500000
194 790.3379 0.0057000000
195 794.4213 0.0060333333
196 798.5084 0.0062000000
197 802.5956 0.0059166667
198 806.6926 0.0061166667
199 810.7888 0.0058666667
200 814.8788 0.0056666667
