1 0.0000 7.8400000000
2 1.9146 5.0100000000
3 3.8170 3.8200000000
4 5.7206 3.2600000000
5 7.6281 2.9300000000
6 9.5399 2.7700000000
7 11.4446 2.6600000000
8 13.3496 2.5100000000
9 15.2528 2.4300000000
10 17.1576 2.3400000000
11 19.0617 2.3100000000
12 20.9665 2.2700000000
13 22.8713 2.2500000000
14 24.7760 2.2200000000
15 26.6807 2.1800000000
16 28.5857 2.1600000000
17 30.4912 2.1500000000
18 32.3976 2.1200000000
19 34.3026 2.0500000000
20 36.2072 1.9800000000
21 38.1129 1.9700000000
22 40.0186 1.9800000000
23 41.9230 1.9400000000
24 43.8267 1.9000000000
25 45.7306 1.9100000000
26 47.6358 1.8800000000
27 49.5392 1.8600000000
28 51.4450 1.8600000000
29 53.3489 1.8700000000
30 55.2533 1.8600000000
31 57.1592 1.8300000000
32 59.0633 1.8100000000
33 60.9673 1.8300000000
34 62.8715 1.8300000000
35 64.7755 1.8000000000
36 66.6803 1.7900000000
37 68.5829 1.7800000000
38 70.4866 1.7700000000
39 72.3896 1.7700000000
40 74.2929 1.7600000000
41 76.1971 1.7700000000
42 78.1002 1.7700000000
43 80.0047 1.7700000000
44 81.9103 1.7700000000
45 83.8133 1.7800000000
46 85.7175 1.7700000000
47 87.6211 1.7600000000
48 89.5243 1.7600000000
49 91.4276 1.7500000000
50 93.3323 1.7500000000
51 95.2370 1.7700000000
52 97.1403 1.7700000000
53 99.0436 1.7600000000
54 100.9492 1.7600000000
55 102.8527 1.7500000000
56 104.7567 1.7500000000
57 106.6598 1.7600000000
58 108.5636 1.7600000000
59 110.4659 1.7600000000
60 112.3700 1.7600000000
61 114.2726 1.7600000000
62 116.1762 1.7600000000
63 118.0786 1.7600000000
64 119.9823 1.7500000000
65 121.8857 1.7400000000
66 123.7896 1.7400000000
67 125.6926 1.7400000000
68 127.5971 1.7400000000
69 129.5019 1.7400000000
70 131.4060 1.7500000000
71 133.3106 1.7500000000
72 135.2146 1.7600000000
73 137.1183 1.7600000000
74 139.0216 1.7600000000
75 140.9257 1.7600000000
76 142.8290 1.7600000000
77 144.7320 1.7500000000
78 146.6360 1.7500000000
79 148.5414 1.7500000000
80 150.4457 1.7500000000
81 152.3490 1.7500000000
82 154.2526 1.7500000000
83 156.1573 1.7500000000
84 158.0615 1.7500000000
85 159.9636 1.7600000000
86 161.8672 1.7600000000
87 163.7726 1.7600000000
88 165.6755 1.7600000000
89 167.5787 1.7600000000
90 169.4839 1.7600000000
91 171.3872 1.7700000000
92 173.2906 1.7600000000
93 175.1940 1.7600000000
94 177.0972 1.7600000000
95 179.0000 1.7600000000
96 180.9043 1.7600000000
97 182.8066 1.7600000000
98 184.7102 1.7600000000
99 186.6121 1.7600000000
100 188.5160 1.7600000000
101 190.4183 1.7500000000
102 192.3220 1.7500000000
103 194.2250 1.7500000000
104 196.1290 1.7500000000
105 198.0324 1.7500000000
106 199.9361 1.7500000000
107 201.8387 1.7500000000
108 203.7430 1.7600000000
109 205.6451 1.7600000000
110 207.5483 1.7600000000
111 209.4526 1.7600000000
112 211.3570 1.7600000000
113 213.2604 1.7600000000
114 215.1636 1.7600000000
115 217.0683 1.7600000000
116 218.9727 1.7600000000
117 220.8760 1.7600000000
118 222.7796 1.7600000000
119 224.6823 1.7600000000
120 226.5867 1.7600000000
121 228.4893 1.7600000000
122 230.3933 1.7500000000
123 232.2966 1.7500000000
124 234.2017 1.7500000000
125 236.1053 1.7500000000
126 238.0078 1.7500000000
127 239.9106 1.7500000000
128 241.8151 1.7500000000
129 243.7182 1.7500000000
130 245.6209 1.7500000000
131 247.5246 1.7500000000
132 249.4282 1.7500000000
133 251.3303 1.7500000000
134 253.2341 1.7500000000
135 255.1364 1.7500000000
136 257.0396 1.7400000000
137 258.9427 1.7400000000
138 260.8457 1.7400000000
139 262.7482 1.7400000000
140 264.6503 1.7400000000
141 266.5533 1.7400000000
142 268.4577 1.7400000000
143 270.3602 1.7400000000
144 272.2633 1.7400000000
145 274.1667 1.7400000000
146 276.0700 1.7400000000
147 277.9734 1.7400000000
148 279.8770 1.7400000000
149 281.7806 1.7400000000
150 283.6839 1.7400000000
151 285.5873 1.7400000000
152 287.4909 1.7400000000
153 289.3923 1.7400000000
154 291.2964 1.7400000000
155 293.1989 1.7400000000
156 295.1025 1.7400000000
157 297.0053 1.7400000000
158 298.9088 1.7400000000
159 300.8119 1.7400000000
160 302.7152 1.7400000000
161 304.6181 1.7400000000
162 306.5202 1.7400000000
163 308.4233 1.7400000000
164 310.3259 1.7300000000
165 312.2279 1.7300000000
166 314.1313 1.7300000000
167 316.0346 1.7300000000
168 317.9407 1.7300000000
169 319.8447 1.7300000000
170 321.7488 1.7300000000
171 323.6530 1.7300000000
172 325.5564 1.7300000000
173 327.4592 1.7300000000
174 329.3622 1.7300000000
175 331.2653 1.7300000000
176 333.1686 1.7300000000
177 335.0727 1.7300000000
178 336.9782 1.7300000000
179 338.8819 1.7300000000
180 340.7860 1.7300000000
181 342.6879 1.7400000000
182 344.5915 1.7300000000
183 346.4942 1.7300000000
184 348.3973 1.7300000000
185 350.2991 1.7300000000
186 352.2015 1.7300000000
187 354.1044 1.7300000000
188 356.0082 1.7300000000
189 357.9118 1.7300000000
190 359.8146 1.7300000000
191 361.7177 1.7300000000
192 363.6205 1.7300000000
193 365.5236 1.7300000000
194 367.4259 1.7300000000
195 369.3281 1.7300000000
196 371.2319 1.7300000000
197 373.1349 1.7300000000
198 375.0384 1.7300000000
199 376.9413 1.7300000000
200 378.8443 1.7300000000
