1 0.0000 4.6500000000
2 1.9462 3.4400000000
3 3.8760 2.9600000000
4 5.8024 2.6300000000
5 7.7334 2.4700000000
6 9.6661 2.2900000000
7 11.5908 2.2000000000
8 13.5189 2.1300000000
9 15.4428 2.1100000000
10 17.3659 2.0500000000
11 19.2896 2.0200000000
12 21.2136 1.9700000000
13 23.1375 1.9600000000
14 25.0619 1.9500000000
15 26.9859 1.9400000000
16 28.9099 1.9500000000
17 30.8588 1.9400000000
18 32.8084 1.9400000000
19 34.7441 1.9300000000
20 36.6686 1.9000000000
21 38.5919 1.9200000000
22 40.5163 1.9100000000
23 42.4454 1.9200000000
24 44.3948 1.9400000000
25 46.3376 1.9300000000
26 48.2655 1.9400000000
27 50.1889 1.9200000000
28 52.1182 1.9400000000
29 54.0444 1.9500000000
30 55.9765 1.9200000000
31 57.9084 1.9300000000
32 59.8339 1.9100000000
33 61.7648 1.9200000000
34 63.6913 1.9300000000
35 65.6194 1.9000000000
36 67.5478 1.9300000000
37 69.4735 1.9200000000
38 71.4027 1.9100000000
39 73.3292 1.9400000000
40 75.2547 1.9300000000
41 77.1839 1.9000000000
42 79.1141 1.8900000000
43 81.0452 1.9400000000
44 82.9692 1.9200000000
45 84.8903 1.9100000000
46 86.8148 1.9200000000
47 88.7388 1.8900000000
48 90.6687 1.9100000000
49 92.5956 1.9200000000
50 94.5219 1.9000000000
51 96.4503 1.9200000000
52 98.3765 1.9300000000
53 100.3069 1.8900000000
54 102.2330 1.9000000000
55 104.1585 1.8700000000
56 106.0872 1.9200000000
57 108.0114 1.9000000000
58 109.9345 1.9300000000
59 111.8587 1.8900000000
60 113.7866 1.8900000000
61 115.7103 1.8900000000
62 117.6345 1.9000000000
63 119.5576 1.8700000000
64 121.4813 1.9100000000
65 123.4036 1.9200000000
66 125.3270 1.8800000000
67 127.2516 1.8800000000
68 129.1735 1.9300000000
69 131.0960 1.8900000000
70 133.0198 1.8700000000
71 134.9426 1.8900000000
72 136.8670 1.9100000000
73 138.7887 1.8900000000
74 140.7116 1.8700000000
75 142.6353 1.8800000000
76 144.5589 1.8500000000
77 146.4812 1.8600000000
78 148.4043 1.8600000000
79 150.3284 1.8600000000
80 152.2506 1.8500000000
81 154.1766 1.8500000000
82 156.1032 1.8500000000
83 158.0292 1.8700000000
84 159.9564 1.8500000000
85 161.8833 1.8400000000
86 163.8063 1.8500000000
87 165.7302 1.8400000000
88 167.6553 1.8300000000
89 169.5796 1.8600000000
90 171.5092 1.8200000000
91 173.4359 1.8300000000
92 175.3600 1.8700000000
93 177.2893 1.8400000000
94 179.2159 1.8300000000
95 181.1430 1.8500000000
96 183.0785 1.8200000000
97 185.0127 1.8400000000
98 186.9474 1.8200000000
99 188.8770 1.8300000000
100 190.8076 1.8300000000
101 192.7374 1.8400000000
102 194.6674 1.8200000000
103 196.5996 1.8200000000
104 198.5300 1.8300000000
105 200.4600 1.8300000000
106 202.3902 1.8200000000
107 204.3186 1.8300000000
108 206.2492 1.8300000000
109 208.1789 1.8300000000
110 210.1111 1.8200000000
111 212.0414 1.8200000000
112 213.9761 1.8300000000
113 215.9061 1.8100000000
114 217.8360 1.8200000000
115 219.7657 1.8300000000
116 221.6952 1.8100000000
117 223.6270 1.8200000000
118 225.5588 1.8300000000
119 227.4897 1.8300000000
120 229.4199 1.8200000000
121 231.3503 1.8100000000
122 233.2814 1.8400000000
123 235.2131 1.8200000000
124 237.1433 1.8100000000
125 239.0725 1.8400000000
126 241.0022 1.8300000000
127 242.9334 1.8300000000
128 244.8632 1.8100000000
129 246.7925 1.8300000000
130 248.7220 1.8100000000
131 250.6517 1.8100000000
132 252.5803 1.8100000000
133 254.5089 1.8000000000
134 256.4385 1.8300000000
135 258.3684 1.8300000000
136 260.2973 1.8200000000
137 262.2275 1.8100000000
138 264.1570 1.8500000000
139 266.0883 1.8100000000
140 268.0184 1.8200000000
141 269.9491 1.8300000000
142 271.8791 1.8200000000
143 273.8102 1.8200000000
144 275.7414 1.8100000000
145 277.6700 1.8300000000
146 279.5997 1.8200000000
147 281.5280 1.8400000000
148 283.4584 1.8200000000
149 285.3893 1.8200000000
150 287.3186 1.8200000000
151 289.2491 1.8100000000
152 291.1787 1.8200000000
153 293.1109 1.8300000000
154 295.0383 1.8200000000
155 296.9649 1.8300000000
156 298.8910 1.8200000000
157 300.8151 1.8100000000
158 302.7397 1.8300000000
159 304.6629 1.8200000000
160 306.5883 1.8200000000
161 308.5119 1.8100000000
162 310.4359 1.8200000000
163 312.3605 1.8100000000
164 314.2845 1.8400000000
165 316.2084 1.8200000000
166 318.1333 1.8100000000
167 320.0565 1.8400000000
168 321.9852 1.8500000000
169 323.9162 1.8100000000
170 325.8423 1.8300000000
171 327.7694 1.8400000000
172 329.6997 1.8400000000
173 331.6237 1.8000000000
174 333.5518 1.8300000000
175 335.4796 1.7900000000
176 337.4054 1.8000000000
177 339.3334 1.8500000000
178 341.2598 1.8200000000
179 343.1869 1.8200000000
180 345.1146 1.8300000000
181 347.0405 1.8200000000
182 348.9702 1.8100000000
183 350.8961 1.8100000000
184 352.8199 1.8300000000
185 354.7442 1.8100000000
186 356.6689 1.8200000000
187 358.5934 1.7900000000
188 360.5164 1.8100000000
189 362.4409 1.8200000000
190 364.3648 1.8200000000
191 366.2883 1.8100000000
192 368.2119 1.8200000000
193 370.1349 1.8200000000
194 372.0582 1.8000000000
195 373.9813 1.8200000000
196 375.9038 1.8400000000
197 377.8269 1.8000000000
198 379.7496 1.8100000000
199 381.6722 1.8300000000
200 383.5955 1.8400000000
