1 0.0000 0.0722666667
2 1.9462 0.0323500000
3 3.8760 0.0226333333
4 5.8024 0.0172333333
5 7.7334 0.0131000000
6 9.6661 0.0105500000
7 11.5908 0.0084333333
8 13.5189 0.0067000000
9 15.4428 0.0053166667
10 17.3659 0.0042166667
11 19.2896 0.0034500000
12 21.2136 0.0028166667
13 23.1375 0.0024666667
14 25.0619 0.0020500000
15 26.9859 0.0018333333
16 28.9099 0.0016666667
17 30.8588 0.0015166667
18 32.8084 0.0014000000
19 34.7441 0.0012666667
20 36.6686 0.0012000000
21 38.5919 0.0010666667
22 40.5163 0.0010166667
23 42.4454 0.0009833333
24 44.3948 0.0009666667
25 46.3376 0.0009666667
26 48.2655 0.0008833333
27 50.1889 0.0008833333
28 52.1182 0.0007833333
29 54.0444 0.0008000000
30 55.9765 0.0007833333
31 57.9084 0.0007833333
32 59.8339 0.0007500000
33 61.7648 0.0007333333
34 63.6913 0.0007000000
35 65.6194 0.0007000000
36 67.5478 0.0006666667
37 69.4735 0.0006666667
38 71.4027 0.0006500000
39 73.3292 0.0006833333
40 75.2547 0.0005833333
41 77.1839 0.0006000000
42 79.1141 0.0005666667
43 81.0452 0.0005333333
44 82.9692 0.0005000000
45 84.8903 0.0005000000
46 86.8148 0.0005166667
47 88.7388 0.0005500000
48 90.6687 0.0005000000
49 92.5956 0.0005000000
50 94.5219 0.0004666667
51 96.4503 0.0004833333
52 98.3765 0.0004666667
53 100.3069 0.0005000000
54 102.2330 0.0005000000
55 104.1585 0.0004833333
56 106.0872 0.0004500000
57 108.0114 0.0004666667
58 109.9345 0.0004666667
59 111.8587 0.0004333333
60 113.7866 0.0004333333
61 115.7103 0.0004500000
62 117.6345 0.0004500000
63 119.5576 0.0003833333
64 121.4813 0.0004500000
65 123.4036 0.0004500000
66 125.3270 0.0004333333
67 127.2516 0.0004333333
68 129.1735 0.0004166667
69 131.0960 0.0004833333
70 133.0198 0.0003833333
71 134.9426 0.0004666667
72 136.8670 0.0004000000
73 138.7887 0.0004000000
74 140.7116 0.0004000000
75 142.6353 0.0004166667
76 144.5589 0.0004166667
77 146.4812 0.0003833333
78 148.4043 0.0003833333
79 150.3284 0.0004000000
80 152.2506 0.0004333333
81 154.1766 0.0003666667
82 156.1032 0.0004000000
83 158.0292 0.0003833333
84 159.9564 0.0003666667
85 161.8833 0.0003666667
86 163.8063 0.0004166667
87 165.7302 0.0003833333
88 167.6553 0.0004000000
89 169.5796 0.0003500000
90 171.5092 0.0003833333
91 173.4359 0.0003333333
92 175.3600 0.0003666667
93 177.2893 0.0003333333
94 179.2159 0.0003833333
95 181.1430 0.0003833333
96 183.0785 0.0003333333
97 185.0127 0.0003666667
98 186.9474 0.0003500000
99 188.8770 0.0003500000
100 190.8076 0.0003500000
101 192.7374 0.0003500000
102 194.6674 0.0003500000
103 196.5996 0.0003333333
104 198.5300 0.0003500000
105 200.4600 0.0003500000
106 202.3902 0.0003500000
107 204.3186 0.0003333333
108 206.2492 0.0003500000
109 208.1789 0.0003500000
110 210.1111 0.0003333333
111 212.0414 0.0003333333
112 213.9761 0.0003333333
113 215.9061 0.0003500000
114 217.8360 0.0003333333
115 219.7657 0.0003333333
116 221.6952 0.0003500000
117 223.6270 0.0003500000
118 225.5588 0.0003166667
119 227.4897 0.0003666667
120 229.4199 0.0003333333
121 231.3503 0.0003333333
122 233.2814 0.0003500000
123 235.2131 0.0003166667
124 237.1433 0.0003333333
125 239.0725 0.0003500000
126 241.0022 0.0003166667
127 242.9334 0.0003500000
128 244.8632 0.0003333333
129 246.7925 0.0003166667
130 248.7220 0.0003166667
131 250.6517 0.0003333333
132 252.5803 0.0003166667
133 254.5089 0.0003333333
134 256.4385 0.0003166667
135 258.3684 0.0003333333
136 260.2973 0.0003166667
137 262.2275 0.0003166667
138 264.1570 0.0003333333
139 266.0883 0.0003166667
140 268.0184 0.0003166667
141 269.9491 0.0003333333
142 271.8791 0.0003166667
143 273.8102 0.0003333333
144 275.7414 0.0003166667
145 277.6700 0.0003333333
146 279.5997 0.0003166667
147 281.5280 0.0003500000
148 283.4584 0.0003166667
149 285.3893 0.0003333333
150 287.3186 0.0003333333
151 289.2491 0.0003333333
152 291.1787 0.0003166667
153 293.1109 0.0003166667
154 295.0383 0.0003166667
155 296.9649 0.0003166667
156 298.8910 0.0003166667
157 300.8151 0.0003333333
158 302.7397 0.0003166667
159 304.6629 0.0003166667
160 306.5883 0.0003333333
161 308.5119 0.0003166667
162 310.4359 0.0003166667
163 312.3605 0.0003166667
164 314.2845 0.0003166667
165 316.2084 0.0003166667
166 318.1333 0.0003333333
167 320.0565 0.0003166667
168 321.9852 0.0003166667
169 323.9162 0.0003333333
170 325.8423 0.0003166667
171 327.7694 0.0003166667
172 329.6997 0.0003166667
173 331.6237 0.0003166667
174 333.5518 0.0003166667
175 335.4796 0.0003166667
176 337.4054 0.0003333333
177 339.3334 0.0003333333
178 341.2598 0.0003333333
179 343.1869 0.0003166667
180 345.1146 0.0003166667
181 347.0405 0.0003166667
182 348.9702 0.0003333333
183 350.8961 0.0003166667
184 352.8199 0.0003333333
185 354.7442 0.0003166667
186 356.6689 0.0003166667
187 358.5934 0.0003333333
188 360.5164 0.0003166667
189 362.4409 0.0003166667
190 364.3648 0.0003333333
191 366.2883 0.0003166667
192 368.2119 0.0003166667
193 370.1349 0.0003166667
194 372.0582 0.0003166667
195 373.9813 0.0003166667
196 375.9038 0.0003333333
197 377.8269 0.0003166667
198 379.7496 0.0003166667
199 381.6722 0.0003166667
200 383.5955 0.0003166667
