1 0.0000 4.5600000000
2 1.9254 3.2900000000
3 3.8450 2.8200000000
4 5.7655 2.5600000000
5 7.6881 2.4100000000
6 9.6103 2.3300000000
7 11.5298 2.2300000000
8 13.4495 2.2600000000
9 15.3691 2.2400000000
10 17.2892 2.1700000000
11 19.2081 2.1200000000
12 21.1275 2.1000000000
13 23.0483 2.0200000000
14 24.9678 2.0000000000
15 26.8871 1.9800000000
16 28.8077 1.9600000000
17 30.7301 1.9200000000
18 32.6506 1.8700000000
19 34.5700 1.8800000000
20 36.4905 1.8500000000
21 38.4091 1.8400000000
22 40.3284 1.7700000000
23 42.2464 1.7800000000
24 44.1681 1.7600000000
25 46.0897 1.7900000000
26 48.0103 1.7700000000
27 49.9302 1.7700000000
28 51.8508 1.8100000000
29 53.7692 1.8000000000
30 55.6900 1.7800000000
31 57.6102 1.7900000000
32 59.5305 1.7800000000
33 61.4489 1.7800000000
34 63.3698 1.7800000000
35 65.2924 1.7700000000
36 67.2132 1.7700000000
37 69.1333 1.8100000000
38 71.0555 1.7900000000
39 72.9752 1.7800000000
40 74.8955 1.7700000000
41 76.8145 1.8000000000
42 78.7357 1.7700000000
43 80.6555 1.7900000000
44 82.5756 1.7800000000
45 84.4946 1.7800000000
46 86.4138 1.7800000000
47 88.3334 1.7800000000
48 90.2527 1.7800000000
49 92.1720 1.7700000000
50 94.0918 1.7500000000
51 96.0112 1.7600000000
52 97.9315 1.7800000000
53 99.8539 1.7600000000
54 101.7812 1.7700000000
55 103.7026 1.7500000000
56 105.6251 1.7600000000
57 107.5469 1.7600000000
58 109.4689 1.7500000000
59 111.3902 1.7700000000
60 113.3127 1.7600000000
61 115.2329 1.7800000000
62 117.1556 1.7500000000
63 119.0776 1.7600000000
64 120.9998 1.7500000000
65 122.9209 1.7700000000
66 124.8425 1.7500000000
67 126.7635 1.7600000000
68 128.6838 1.7600000000
69 130.6049 1.7500000000
70 132.5288 1.7500000000
71 134.4494 1.7400000000
72 136.3711 1.7500000000
73 138.2929 1.7600000000
74 140.2141 1.7500000000
75 142.1348 1.7500000000
76 144.0557 1.7600000000
77 145.9768 1.7500000000
78 147.8993 1.7600000000
79 149.8223 1.7600000000
80 151.7473 1.7600000000
81 153.6761 1.7800000000
82 155.5996 1.7300000000
83 157.5198 1.7600000000
84 159.4422 1.7500000000
85 161.3636 1.7300000000
86 163.2866 1.7500000000
87 165.2082 1.7500000000
88 167.1307 1.7500000000
89 169.0529 1.7400000000
90 170.9849 1.7400000000
91 172.9054 1.7300000000
92 174.8310 1.7200000000
93 176.7536 1.7200000000
94 178.6749 1.7300000000
95 180.5942 1.7300000000
96 182.5147 1.7400000000
97 184.4332 1.7500000000
98 186.3528 1.7300000000
99 188.2724 1.7200000000
100 190.1914 1.7500000000
101 192.1102 1.7400000000
102 194.0292 1.7300000000
103 195.9484 1.7500000000
104 197.8714 1.7300000000
105 199.7967 1.7400000000
106 201.7191 1.7400000000
107 203.6411 1.7200000000
108 205.5629 1.7300000000
109 207.4843 1.7200000000
110 209.4076 1.7300000000
111 211.3288 1.7300000000
112 213.2498 1.7200000000
113 215.1698 1.7300000000
114 217.0915 1.7300000000
115 219.0137 1.7400000000
116 220.9385 1.7100000000
117 222.8633 1.7300000000
118 224.7864 1.7300000000
119 226.7113 1.7300000000
120 228.6342 1.7400000000
121 230.5528 1.7300000000
122 232.4726 1.7300000000
123 234.3923 1.7300000000
124 236.3112 1.7300000000
125 238.2300 1.7200000000
126 240.1506 1.7300000000
127 242.0706 1.7400000000
128 243.9899 1.7200000000
129 245.9091 1.7400000000
130 247.8289 1.7200000000
131 249.7503 1.7100000000
132 251.6741 1.7400000000
133 253.5962 1.7200000000
134 255.5196 1.7100000000
135 257.4402 1.7100000000
136 259.3640 1.7000000000
137 261.2850 1.7400000000
138 263.2075 1.7100000000
139 265.1292 1.7300000000
140 267.0506 1.7000000000
141 268.9719 1.7300000000
142 270.8943 1.7200000000
143 272.8171 1.7200000000
144 274.7411 1.7000000000
145 276.6635 1.7100000000
146 278.5882 1.7200000000
147 280.5097 1.6900000000
148 282.4312 1.7100000000
149 284.3531 1.7300000000
150 286.2753 1.7000000000
151 288.1959 1.7200000000
152 290.1172 1.7100000000
153 292.0372 1.7200000000
154 293.9580 1.7300000000
155 295.8816 1.7200000000
156 297.8025 1.7100000000
157 299.7229 1.7400000000
158 301.6434 1.7200000000
159 303.5645 1.7300000000
160 305.4852 1.7200000000
161 307.4041 1.7000000000
162 309.3245 1.7200000000
163 311.2577 1.7100000000
164 313.1774 1.7200000000
165 315.0978 1.7000000000
166 317.0178 1.7300000000
167 318.9369 1.7100000000
168 320.8575 1.7400000000
169 322.7769 1.7200000000
170 324.6999 1.7200000000
171 326.6245 1.7200000000
172 328.5467 1.7500000000
173 330.4689 1.7200000000
174 332.3898 1.7200000000
175 334.3099 1.7100000000
176 336.2313 1.7400000000
177 338.1516 1.7200000000
178 340.0739 1.7200000000
179 341.9945 1.6700000000
180 343.9162 1.7400000000
181 345.8399 1.7200000000
182 347.7638 1.7200000000
183 349.6873 1.7100000000
184 351.6089 1.7200000000
185 353.5292 1.7000000000
186 355.4517 1.6800000000
187 357.3736 1.7400000000
188 359.2962 1.7100000000
189 361.2176 1.6900000000
190 363.1389 1.7300000000
191 365.0598 1.6900000000
192 366.9822 1.6900000000
193 368.9030 1.6900000000
194 370.8249 1.7000000000
195 372.7452 1.7200000000
196 374.6666 1.6800000000
197 376.5878 1.6900000000
198 378.5085 1.6600000000
199 380.4279 1.6900000000
200 382.3494 1.6800000000
