1 0.0000 0.0703000000
2 1.9254 0.0316166667
3 3.8450 0.0218833333
4 5.7655 0.0160166667
5 7.6881 0.0122166667
6 9.6103 0.0092500000
7 11.5298 0.0068333333
8 13.4495 0.0050500000
9 15.3691 0.0038000000
10 17.2892 0.0028000000
11 19.2081 0.0020166667
12 21.1275 0.0015666667
13 23.0483 0.0012333333
14 24.9678 0.0009333333
15 26.8871 0.0007333333
16 28.8077 0.0006500000
17 30.7301 0.0005833333
18 32.6506 0.0005000000
19 34.5700 0.0003833333
20 36.4905 0.0003500000
21 38.4091 0.0002666667
22 40.3284 0.0002500000
23 42.2464 0.0002166667
24 44.1681 0.0002000000
25 46.0897 0.0001500000
26 48.0103 0.0001000000
27 49.9302 0.0000833333
28 51.8508 0.0000833333
29 53.7692 0.0000666667
30 55.6900 0.0000666667
31 57.6102 0.0000666667
32 59.5305 0.0000666667
33 61.4489 0.0000666667
34 63.3698 0.0000666667
35 65.2924 0.0000666667
36 67.2132 0.0000666667
37 69.1333 0.0000666667
38 71.0555 0.0000500000
39 72.9752 0.0000333333
40 74.8955 0.0000500000
41 76.8145 0.0000333333
42 78.7357 0.0000333333
43 80.6555 0.0000333333
44 82.5756 0.0000333333
45 84.4946 0.0000166667
46 86.4138 0.0000333333
47 88.3334 0.0000166667
48 90.2527 0.0000166667
49 92.1720 0.0000166667
50 94.0918 0.0000166667
51 96.0112 0.0000166667
52 97.9315 0.0000166667
53 99.8539 0.0000166667
54 101.7812 0.0000166667
55 103.7026 0.0000166667
56 105.6251 0.0000166667
57 107.5469 0.0000166667
58 109.4689 0.0000166667
59 111.3902 0.0000166667
60 113.3127 0.0000166667
61 115.2329 0.0000166667
62 117.1556 0.0000166667
63 119.0776 0.0000166667
64 120.9998 0.0000166667
65 122.9209 0.0000166667
66 124.8425 0.0000166667
67 126.7635 0.0000166667
68 128.6838 0.0000166667
69 130.6049 0.0000166667
70 132.5288 0.0000166667
71 134.4494 0.0000166667
72 136.3711 0.0000166667
73 138.2929 0.0000166667
74 140.2141 0.0000166667
75 142.1348 0.0000166667
76 144.0557 0.0000166667
77 145.9768 0.0000166667
78 147.8993 0.0000166667
79 149.8223 0.0000166667
80 151.7473 0.0000166667
81 153.6761 0.0000166667
82 155.5996 0.0000166667
83 157.5198 0.0000166667
84 159.4422 0.0000166667
85 161.3636 0.0000166667
86 163.2866 0.0000166667
87 165.2082 0.0000166667
88 167.1307 0.0000166667
89 169.0529 0.0000166667
90 170.9849 0.0000166667
91 172.9054 0.0000166667
92 174.8310 0.0000166667
93 176.7536 0.0000166667
94 178.6749 0.0000166667
95 180.5942 0.0000166667
96 182.5147 0.0000166667
97 184.4332 0.0000166667
98 186.3528 0.0000166667
99 188.2724 0.0000166667
100 190.1914 0.0000166667
101 192.1102 0.0000166667
102 194.0292 0.0000166667
103 195.9484 0.0000166667
104 197.8714 0.0000166667
105 199.7967 0.0000166667
106 201.7191 0.0000166667
107 203.6411 0.0000166667
108 205.5629 0.0000166667
109 207.4843 0.0000166667
110 209.4076 0.0000166667
111 211.3288 0.0000166667
112 213.2498 0.0000166667
113 215.1698 0.0000166667
114 217.0915 0.0000166667
115 219.0137 0.0000166667
116 220.9385 0.0000166667
117 222.8633 0.0000166667
118 224.7864 0.0000166667
119 226.7113 0.0000166667
120 228.6342 0.0000166667
121 230.5528 0.0000166667
122 232.4726 0.0000166667
123 234.3923 0.0000166667
124 236.3112 0.0000166667
125 238.2300 0.0000166667
126 240.1506 0.0000166667
127 242.0706 0.0000166667
128 243.9899 0.0000166667
129 245.9091 0.0000166667
130 247.8289 0.0000166667
131 249.7503 0.0000166667
132 251.6741 0.0000166667
133 253.5962 0.0000166667
134 255.5196 0.0000166667
135 257.4402 0.0000166667
136 259.3640 0.0000166667
137 261.2850 0.0000166667
138 263.2075 0.0000166667
139 265.1292 0.0000166667
140 267.0506 0.0000166667
141 268.9719 0.0000166667
142 270.8943 0.0000166667
143 272.8171 0.0000166667
144 274.7411 0.0000166667
145 276.6635 0.0000166667
146 278.5882 0.0000166667
147 280.5097 0.0000166667
148 282.4312 0.0000166667
149 284.3531 0.0000166667
150 286.2753 0.0000166667
151 288.1959 0.0000166667
152 290.1172 0.0000166667
153 292.0372 0.0000166667
154 293.9580 0.0000166667
155 295.8816 0.0000166667
156 297.8025 0.0000166667
157 299.7229 0.0000166667
158 301.6434 0.0000166667
159 303.5645 0.0000166667
160 305.4852 0.0000166667
161 307.4041 0.0000166667
162 309.3245 0.0000166667
163 311.2577 0.0000166667
164 313.1774 0.0000166667
165 315.0978 0.0000166667
166 317.0178 0.0000166667
167 318.9369 0.0000166667
168 320.8575 0.0000166667
169 322.7769 0.0000166667
170 324.6999 0.0000166667
171 326.6245 0.0000166667
172 328.5467 0.0000166667
173 330.4689 0.0000166667
174 332.3898 0.0000166667
175 334.3099 0.0000166667
176 336.2313 0.0000166667
177 338.1516 0.0000166667
178 340.0739 0.0000166667
179 341.9945 0.0000166667
180 343.9162 0.0000166667
181 345.8399 0.0000166667
182 347.7638 0.0000166667
183 349.6873 0.0000166667
184 351.6089 0.0000166667
185 353.5292 0.0000166667
186 355.4517 0.0000166667
187 357.3736 0.0000166667
188 359.2962 0.0000166667
189 361.2176 0.0000166667
190 363.1389 0.0000166667
191 365.0598 0.0000166667
192 366.9822 0.0000166667
193 368.9030 0.0000166667
194 370.8249 0.0000166667
195 372.7452 0.0000166667
196 374.6666 0.0000166667
197 376.5878 0.0000166667
198 378.5085 0.0000166667
199 380.4279 0.0000166667
200 382.3494 0.0000166667
