1 0.0000 5.0100000000
2 1.9118 3.8500000000
3 3.8255 3.4400000000
4 5.7374 3.3100000000
5 7.6491 3.1800000000
6 9.5609 3.0400000000
7 11.4721 2.9300000000
8 13.3835 2.8400000000
9 15.2945 2.7900000000
10 17.2079 2.7600000000
11 19.1188 2.7300000000
12 21.0313 2.7000000000
13 22.9454 2.6900000000
14 24.8655 2.6500000000
15 26.7789 2.6400000000
16 28.6937 2.6500000000
17 30.6060 2.6400000000
18 32.5197 2.6200000000
19 34.4330 2.6000000000
20 36.3479 2.6100000000
21 38.2608 2.5500000000
22 40.1757 2.5600000000
23 42.0910 2.5300000000
24 44.0064 2.5400000000
25 45.9196 2.5600000000
26 47.8340 2.5800000000
27 49.7488 2.5600000000
28 51.6643 2.5600000000
29 53.5788 2.5700000000
30 55.4931 2.5700000000
31 57.4070 2.5700000000
32 59.3217 2.5700000000
33 61.2356 2.5500000000
34 63.1496 2.5400000000
35 65.0631 2.5800000000
36 66.9799 2.5800000000
37 68.8929 2.5600000000
38 70.8068 2.5600000000
39 72.7199 2.5200000000
40 74.6388 2.5700000000
41 76.5531 2.5900000000
42 78.4690 2.5300000000
43 80.3828 2.5500000000
44 82.2967 2.5500000000
45 84.2116 2.5300000000
46 86.1279 2.5800000000
47 88.0597 2.5600000000
48 89.9760 2.5700000000
49 91.8893 2.5400000000
50 93.8036 2.5700000000
51 95.7175 2.5400000000
52 97.6318 2.5800000000
53 99.5453 2.5500000000
54 101.4590 2.5400000000
55 103.3712 2.5800000000
56 105.2844 2.5700000000
57 107.1953 2.5500000000
58 109.1078 2.5500000000
59 111.0229 2.5600000000
60 112.9358 2.5700000000
61 114.8489 2.5700000000
62 116.7628 2.5900000000
63 118.6763 2.5600000000
64 120.5911 2.5100000000
65 122.5039 2.5100000000
66 124.4187 2.5200000000
67 126.3345 2.5300000000
68 128.2475 2.5100000000
69 130.1606 2.4800000000
70 132.0739 2.5000000000
71 133.9863 2.4800000000
72 135.8994 2.5000000000
73 137.8121 2.5000000000
74 139.7259 2.5000000000
75 141.6394 2.4700000000
76 143.5528 2.4600000000
77 145.4659 2.4800000000
78 147.3796 2.4800000000
79 149.2920 2.4800000000
80 151.2064 2.5000000000
81 153.1211 2.4500000000
82 155.0362 2.4500000000
83 156.9486 2.4900000000
84 158.8620 2.4300000000
85 160.7760 2.4400000000
86 162.6908 2.4600000000
87 164.6051 2.4500000000
88 166.5175 2.4500000000
89 168.4305 2.4600000000
90 170.3446 2.4800000000
91 172.2614 2.4600000000
92 174.1753 2.4500000000
93 176.0880 2.4500000000
94 178.0020 2.4400000000
95 179.9143 2.4600000000
96 181.8296 2.4400000000
97 183.7430 2.4300000000
98 185.6574 2.4700000000
99 187.5708 2.4300000000
100 189.4857 2.4600000000
101 191.3993 2.4400000000
102 193.3145 2.4300000000
103 195.2289 2.4400000000
104 197.1425 2.4400000000
105 199.0555 2.4800000000
106 200.9689 2.4700000000
107 202.8824 2.4400000000
108 204.7961 2.4400000000
109 206.7082 2.4600000000
110 208.6234 2.4500000000
111 210.5367 2.4700000000
112 212.4491 2.4500000000
113 214.3675 2.4500000000
114 216.2831 2.4600000000
115 218.2221 2.4200000000
116 220.1377 2.4500000000
117 222.0613 2.4600000000
118 223.9777 2.4600000000
119 225.8900 2.4700000000
120 227.8032 2.4600000000
121 229.7162 2.4700000000
122 231.6295 2.4500000000
123 233.5432 2.4400000000
124 235.4563 2.4800000000
125 237.3698 2.4800000000
126 239.2834 2.4400000000
127 241.1958 2.4400000000
128 243.1086 2.4900000000
129 245.0218 2.4500000000
130 246.9359 2.4900000000
131 248.8533 2.4700000000
132 250.7733 2.4300000000
133 252.6873 2.4700000000
134 254.6023 2.4500000000
135 256.5158 2.4500000000
136 258.4305 2.4800000000
137 260.3439 2.4600000000
138 262.2617 2.5000000000
139 264.1743 2.4300000000
140 266.0910 2.4900000000
141 268.0058 2.5100000000
142 269.9189 2.4700000000
143 271.8318 2.4800000000
144 273.7442 2.4300000000
145 275.6578 2.4600000000
146 277.5719 2.4600000000
147 279.4858 2.4700000000
148 281.3990 2.4500000000
149 283.3123 2.4500000000
150 285.2250 2.4700000000
151 287.1378 2.4600000000
152 289.0517 2.4500000000
153 290.9648 2.4900000000
154 292.8782 2.4600000000
155 294.7913 2.4400000000
156 296.7048 2.4700000000
157 298.6165 2.5100000000
158 300.5318 2.4600000000
159 302.4458 2.5000000000
160 304.3595 2.4600000000
161 306.2723 2.4700000000
162 308.1855 2.4500000000
163 310.0997 2.4700000000
164 312.0129 2.5100000000
165 313.9251 2.4700000000
166 315.8395 2.4700000000
167 317.7526 2.4900000000
168 319.6726 2.5100000000
169 321.5949 2.5000000000
170 323.5079 2.5100000000
171 325.4228 2.4900000000
172 327.3372 2.5100000000
173 329.2517 2.4700000000
174 331.1662 2.5000000000
175 333.0789 2.5100000000
176 334.9926 2.4900000000
177 336.9056 2.4800000000
178 338.8191 2.4600000000
179 340.7323 2.5200000000
180 342.6459 2.5100000000
181 344.5601 2.5000000000
182 346.4765 2.5100000000
183 348.3893 2.5100000000
184 350.3048 2.5200000000
185 352.2173 2.4800000000
186 354.1304 2.5000000000
187 356.0474 2.5400000000
188 357.9647 2.5000000000
189 359.8781 2.5200000000
190 361.7914 2.5000000000
191 363.7072 2.5200000000
192 365.6272 2.5200000000
193 367.5411 2.5000000000
194 369.4545 2.4900000000
195 371.3682 2.5100000000
196 373.2812 2.4900000000
197 375.1956 2.5000000000
198 377.1104 2.5300000000
199 379.0252 2.5400000000
200 380.9394 2.5000000000
