1 0.0000 0.0738666667
2 1.9118 0.0360500000
3 3.8255 0.0272000000
4 5.7374 0.0231833333
5 7.6491 0.0209166667
6 9.5609 0.0195166667
7 11.4721 0.0184833333
8 13.3835 0.0175833333
9 15.2945 0.0169500000
10 17.2079 0.0166333333
11 19.1188 0.0163666667
12 21.0313 0.0160500000
13 22.9454 0.0159333333
14 24.8655 0.0157000000
15 26.7789 0.0155833333
16 28.6937 0.0154666667
17 30.6060 0.0153333333
18 32.5197 0.0152666667
19 34.4330 0.0152000000
20 36.3479 0.0149333333
21 38.2608 0.0149000000
22 40.1757 0.0148166667
23 42.0910 0.0147333333
24 44.0064 0.0147166667
25 45.9196 0.0146000000
26 47.8340 0.0146833333
27 49.7488 0.0145500000
28 51.6643 0.0144833333
29 53.5788 0.0144833333
30 55.4931 0.0143500000
31 57.4070 0.0144333333
32 59.3217 0.0143166667
33 61.2356 0.0142500000
34 63.1496 0.0142500000
35 65.0631 0.0141500000
36 66.9799 0.0142666667
37 68.8929 0.0142500000
38 70.8068 0.0143000000
39 72.7199 0.0141333333
40 74.6388 0.0141500000
41 76.5531 0.0141166667
42 78.4690 0.0141833333
43 80.3828 0.0141000000
44 82.2967 0.0141500000
45 84.2116 0.0141500000
46 86.1279 0.0141000000
47 88.0597 0.0141000000
48 89.9760 0.0140833333
49 91.8893 0.0140333333
50 93.8036 0.0140666667
51 95.7175 0.0140666667
52 97.6318 0.0140166667
53 99.5453 0.0140000000
54 101.4590 0.0139333333
55 103.3712 0.0139166667
56 105.2844 0.0138666667
57 107.1953 0.0139500000
58 109.1078 0.0139333333
59 111.0229 0.0139000000
60 112.9358 0.0138666667
61 114.8489 0.0137666667
62 116.7628 0.0137833333
63 118.6763 0.0136833333
64 120.5911 0.0137500000
65 122.5039 0.0137833333
66 124.4187 0.0138000000
67 126.3345 0.0137000000
68 128.2475 0.0136666667
69 130.1606 0.0135500000
70 132.0739 0.0136333333
71 133.9863 0.0135166667
72 135.8994 0.0136500000
73 137.8121 0.0135666667
74 139.7259 0.0135833333
75 141.6394 0.0136833333
76 143.5528 0.0135333333
77 145.4659 0.0136166667
78 147.3796 0.0135166667
79 149.2920 0.0134500000
80 151.2064 0.0135333333
81 153.1211 0.0136333333
82 155.0362 0.0134333333
83 156.9486 0.0135000000
84 158.8620 0.0134500000
85 160.7760 0.0134500000
86 162.6908 0.0134500000
87 164.6051 0.0134666667
88 166.5175 0.0134166667
89 168.4305 0.0134500000
90 170.3446 0.0134166667
91 172.2614 0.0134166667
92 174.1753 0.0136000000
93 176.0880 0.0133666667
94 178.0020 0.0135333333
95 179.9143 0.0135500000
96 181.8296 0.0133833333
97 183.7430 0.0134166667
98 185.6574 0.0134666667
99 187.5708 0.0134000000
100 189.4857 0.0133666667
101 191.3993 0.0133833333
102 193.3145 0.0134166667
103 195.2289 0.0134500000
104 197.1425 0.0134333333
105 199.0555 0.0134166667
106 200.9689 0.0133333333
107 202.8824 0.0134333333
108 204.7961 0.0133500000
109 206.7082 0.0134000000
110 208.6234 0.0135000000
111 210.5367 0.0132666667
112 212.4491 0.0133166667
113 214.3675 0.0133333333
114 216.2831 0.0132500000
115 218.2221 0.0133833333
116 220.1377 0.0133000000
117 222.0613 0.0133333333
118 223.9777 0.0133333333
119 225.8900 0.0133500000
120 227.8032 0.0132666667
121 229.7162 0.0133166667
122 231.6295 0.0132500000
123 233.5432 0.0134000000
124 235.4563 0.0133166667
125 237.3698 0.0133333333
126 239.2834 0.0133000000
127 241.1958 0.0132333333
128 243.1086 0.0134000000
129 245.0218 0.0133000000
130 246.9359 0.0133333333
131 248.8533 0.0134333333
132 250.7733 0.0133166667
133 252.6873 0.0133333333
134 254.6023 0.0133833333
135 256.5158 0.0134000000
136 258.4305 0.0133666667
137 260.3439 0.0134666667
138 262.2617 0.0133500000
139 264.1743 0.0134333333
140 266.0910 0.0133833333
141 268.0058 0.0133833333
142 269.9189 0.0133000000
143 271.8318 0.0134833333
144 273.7442 0.0133333333
145 275.6578 0.0134000000
146 277.5719 0.0134833333
147 279.4858 0.0133333333
148 281.3990 0.0135000000
149 283.3123 0.0134500000
150 285.2250 0.0134833333
151 287.1378 0.0133000000
152 289.0517 0.0134666667
153 290.9648 0.0134500000
154 292.8782 0.0133666667
155 294.7913 0.0134500000
156 296.7048 0.0134166667
157 298.6165 0.0134500000
158 300.5318 0.0133000000
159 302.4458 0.0132333333
160 304.3595 0.0134500000
161 306.2723 0.0134333333
162 308.1855 0.0133833333
163 310.0997 0.0134666667
164 312.0129 0.0134333333
165 313.9251 0.0133666667
166 315.8395 0.0133166667
167 317.7526 0.0134000000
168 319.6726 0.0134833333
169 321.5949 0.0133500000
170 323.5079 0.0133666667
171 325.4228 0.0134000000
172 327.3372 0.0133666667
173 329.2517 0.0133833333
174 331.1662 0.0133833333
175 333.0789 0.0133333333
176 334.9926 0.0133500000
177 336.9056 0.0134166667
178 338.8191 0.0133666667
179 340.7323 0.0134166667
180 342.6459 0.0133000000
181 344.5601 0.0134833333
182 346.4765 0.0134000000
183 348.3893 0.0133333333
184 350.3048 0.0132833333
185 352.2173 0.0133666667
186 354.1304 0.0133666667
187 356.0474 0.0134333333
188 357.9647 0.0132833333
189 359.8781 0.0133833333
190 361.7914 0.0133333333
191 363.7072 0.0133000000
192 365.6272 0.0132500000
193 367.5411 0.0133833333
194 369.4545 0.0134500000
195 371.3682 0.0133000000
196 373.2812 0.0134500000
197 375.1956 0.0133000000
198 377.1104 0.0133500000
199 379.0252 0.0133166667
200 380.9394 0.0133166667
