1 0.0000 5.0700000000
2 1.9401 3.9100000000
3 3.8693 3.4800000000
4 5.7968 3.2000000000
5 7.7262 3.0700000000
6 9.6547 3.0000000000
7 11.5819 2.9500000000
8 13.5096 2.8800000000
9 15.4374 2.8900000000
10 17.3646 2.8200000000
11 19.2919 2.8300000000
12 21.2194 2.8100000000
13 23.1465 2.8000000000
14 25.0738 2.7800000000
15 27.0006 2.7600000000
16 28.9286 2.7300000000
17 30.8566 2.7300000000
18 32.7966 2.7300000000
19 34.7230 2.7400000000
20 36.6499 2.7100000000
21 38.5775 2.6800000000
22 40.5046 2.7300000000
23 42.4319 2.7000000000
24 44.3594 2.7000000000
25 46.2862 2.6900000000
26 48.2131 2.7000000000
27 50.1404 2.7000000000
28 52.0677 2.6900000000
29 53.9960 2.6700000000
30 55.9235 2.6800000000
31 57.8509 2.6500000000
32 59.7780 2.6500000000
33 61.7066 2.6300000000
34 63.6335 2.6500000000
35 65.5612 2.6300000000
36 67.4956 2.6400000000
37 69.4287 2.6500000000
38 71.3585 2.6600000000
39 73.2878 2.6400000000
40 75.2169 2.6200000000
41 77.1457 2.6200000000
42 79.0734 2.6400000000
43 81.0019 2.6400000000
44 82.9304 2.6000000000
45 84.8577 2.6100000000
46 86.7864 2.6000000000
47 88.7130 2.5900000000
48 90.6416 2.6200000000
49 92.5688 2.6100000000
50 94.4973 2.6200000000
51 96.4253 2.5700000000
52 98.3531 2.6100000000
53 100.2812 2.6000000000
54 102.2093 2.5900000000
55 104.1398 2.6100000000
56 106.0674 2.6300000000
57 107.9953 2.6000000000
58 109.9230 2.6200000000
59 111.8511 2.5700000000
60 113.7780 2.5900000000
61 115.7040 2.6100000000
62 117.6309 2.5800000000
63 119.5633 2.6100000000
64 121.4979 2.6100000000
65 123.4257 2.6000000000
66 125.3547 2.6000000000
67 127.2839 2.5900000000
68 129.2130 2.6100000000
69 131.1419 2.6200000000
70 133.0709 2.6100000000
71 134.9994 2.5900000000
72 136.9280 2.6000000000
73 138.8560 2.5800000000
74 140.7840 2.6000000000
75 142.7110 2.5900000000
76 144.6392 2.6100000000
77 146.5707 2.5600000000
78 148.5091 2.5800000000
79 150.4369 2.5900000000
80 152.3664 2.6000000000
81 154.2937 2.5800000000
82 156.2206 2.5900000000
83 158.1488 2.6000000000
84 160.0769 2.6000000000
85 162.0044 2.5600000000
86 163.9320 2.5800000000
87 165.8594 2.5600000000
88 167.7873 2.5700000000
89 169.7143 2.5800000000
90 171.6423 2.5800000000
91 173.5691 2.5600000000
92 175.4965 2.5900000000
93 177.4235 2.6000000000
94 179.3516 2.5700000000
95 181.2790 2.5200000000
96 183.2074 2.5900000000
97 185.1366 2.5700000000
98 187.0643 2.5800000000
99 188.9920 2.5600000000
100 190.9197 2.5400000000
101 192.8510 2.5800000000
102 194.7787 2.6000000000
103 196.7051 2.5800000000
104 198.6333 2.5800000000
105 200.5615 2.5600000000
106 202.4889 2.5700000000
107 204.4184 2.5900000000
108 206.3504 2.5800000000
109 208.2803 2.5600000000
110 210.2097 2.5600000000
111 212.1383 2.6000000000
112 214.0683 2.5800000000
113 215.9963 2.5600000000
114 217.9247 2.5800000000
115 219.8533 2.5200000000
116 221.7825 2.5500000000
117 223.7106 2.5400000000
118 225.6390 2.5600000000
119 227.5670 2.5200000000
120 229.4957 2.5700000000
121 231.4238 2.5600000000
122 233.3517 2.5700000000
123 235.2796 2.5300000000
124 237.2077 2.5200000000
125 239.1358 2.5700000000
126 241.0633 2.5200000000
127 243.0010 2.5700000000
128 244.9290 2.5900000000
129 246.8569 2.5600000000
130 248.7850 2.5500000000
131 250.7133 2.5700000000
132 252.6405 2.5600000000
133 254.5686 2.5400000000
134 256.4966 2.5700000000
135 258.4244 2.5500000000
136 260.3530 2.5800000000
137 262.2803 2.5200000000
138 264.2081 2.5400000000
139 266.1349 2.5500000000
140 268.0633 2.5700000000
141 269.9910 2.5600000000
142 271.9200 2.5100000000
143 273.8477 2.5100000000
144 275.7760 2.5400000000
145 277.7037 2.5300000000
146 279.6310 2.5400000000
147 281.5607 2.5400000000
148 283.4881 2.5500000000
149 285.4153 2.5400000000
150 287.3431 2.5000000000
151 289.2704 2.5500000000
152 291.1982 2.5300000000
153 293.1254 2.5500000000
154 295.0525 2.5400000000
155 296.9802 2.5500000000
156 298.9090 2.5100000000
157 300.8363 2.5600000000
158 302.7649 2.5700000000
159 304.6931 2.5200000000
160 306.6200 2.5200000000
161 308.5495 2.5300000000
162 310.4839 2.5900000000
163 312.4128 2.5200000000
164 314.3420 2.5400000000
165 316.2694 2.5400000000
166 318.1980 2.5400000000
167 320.1250 2.5400000000
168 322.0533 2.5200000000
169 323.9812 2.5100000000
170 325.9102 2.5400000000
171 327.8379 2.5000000000
172 329.7652 2.5400000000
173 331.6925 2.5700000000
174 333.6193 2.5100000000
175 335.5479 2.5300000000
176 337.4788 2.5600000000
177 339.4093 2.5600000000
178 341.3375 2.5100000000
179 343.2669 2.5300000000
180 345.1958 2.5300000000
181 347.1244 2.4900000000
182 349.0536 2.5400000000
183 350.9815 2.5100000000
184 352.9102 2.5300000000
185 354.8388 2.5500000000
186 356.7674 2.5200000000
187 358.6954 2.5100000000
188 360.6239 2.5300000000
189 362.5526 2.5300000000
190 364.4813 2.5000000000
191 366.4093 2.5000000000
192 368.3373 2.4900000000
193 370.2653 2.5300000000
194 372.1929 2.5100000000
195 374.1208 2.5400000000
196 376.0496 2.5100000000
197 377.9782 2.5200000000
198 379.9069 2.5300000000
199 381.8341 2.4800000000
200 383.7619 2.5100000000
