1 0.0000 0.0733833333
2 1.9401 0.0356833333
3 3.8693 0.0267666667
4 5.7968 0.0226666667
5 7.7262 0.0203500000
6 9.6547 0.0191000000
7 11.5819 0.0182333333
8 13.5096 0.0176333333
9 15.4374 0.0169666667
10 17.3646 0.0166833333
11 19.2919 0.0162500000
12 21.2194 0.0159666667
13 23.1465 0.0158166667
14 25.0738 0.0155666667
15 27.0006 0.0154000000
16 28.9286 0.0153000000
17 30.8566 0.0152666667
18 32.7966 0.0151500000
19 34.7230 0.0151000000
20 36.6499 0.0149833333
21 38.5775 0.0148166667
22 40.5046 0.0147500000
23 42.4319 0.0146333333
24 44.3594 0.0145000000
25 46.2862 0.0144666667
26 48.2131 0.0144166667
27 50.1404 0.0143833333
28 52.0677 0.0142166667
29 53.9960 0.0142666667
30 55.9235 0.0142666667
31 57.8509 0.0141833333
32 59.7780 0.0141666667
33 61.7066 0.0142833333
34 63.6335 0.0142000000
35 65.5612 0.0141666667
36 67.4956 0.0140833333
37 69.4287 0.0140500000
38 71.3585 0.0141000000
39 73.2878 0.0139666667
40 75.2169 0.0139666667
41 77.1457 0.0140666667
42 79.0734 0.0140166667
43 81.0019 0.0139833333
44 82.9304 0.0138666667
45 84.8577 0.0138833333
46 86.7864 0.0138833333
47 88.7130 0.0137500000
48 90.6416 0.0139666667
49 92.5688 0.0137666667
50 94.4973 0.0138333333
51 96.4253 0.0138333333
52 98.3531 0.0137500000
53 100.2812 0.0137500000
54 102.2093 0.0138666667
55 104.1398 0.0137666667
56 106.0674 0.0138500000
57 107.9953 0.0138333333
58 109.9230 0.0137833333
59 111.8511 0.0138500000
60 113.7780 0.0138666667
61 115.7040 0.0138000000
62 117.6309 0.0138000000
63 119.5633 0.0138833333
64 121.4979 0.0137833333
65 123.4257 0.0139166667
66 125.3547 0.0137500000
67 127.2839 0.0138500000
68 129.2130 0.0138166667
69 131.1419 0.0137333333
70 133.0709 0.0137333333
71 134.9994 0.0137666667
72 136.9280 0.0137833333
73 138.8560 0.0137666667
74 140.7840 0.0137833333
75 142.7110 0.0136166667
76 144.6392 0.0135500000
77 146.5707 0.0136333333
78 148.5091 0.0136500000
79 150.4369 0.0136666667
80 152.3664 0.0135166667
81 154.2937 0.0136166667
82 156.2206 0.0136500000
83 158.1488 0.0136333333
84 160.0769 0.0136666667
85 162.0044 0.0135333333
86 163.9320 0.0135833333
87 165.8594 0.0136000000
88 167.7873 0.0135500000
89 169.7143 0.0135833333
90 171.6423 0.0136666667
91 173.5691 0.0135000000
92 175.4965 0.0135666667
93 177.4235 0.0135666667
94 179.3516 0.0134166667
95 181.2790 0.0136000000
96 183.2074 0.0135500000
97 185.1366 0.0134833333
98 187.0643 0.0133666667
99 188.9920 0.0134166667
100 190.9197 0.0135000000
101 192.8510 0.0134333333
102 194.7787 0.0135000000
103 196.7051 0.0134333333
104 198.6333 0.0135000000
105 200.5615 0.0135000000
106 202.4889 0.0134666667
107 204.4184 0.0135000000
108 206.3504 0.0135000000
109 208.2803 0.0135000000
110 210.2097 0.0135666667
111 212.1383 0.0135666667
112 214.0683 0.0134500000
113 215.9963 0.0135833333
114 217.9247 0.0134166667
115 219.8533 0.0135333333
116 221.7825 0.0134166667
117 223.7106 0.0134666667
118 225.6390 0.0134000000
119 227.5670 0.0134666667
120 229.4957 0.0134000000
121 231.4238 0.0133500000
122 233.3517 0.0133333333
123 235.2796 0.0134833333
124 237.2077 0.0133833333
125 239.1358 0.0133166667
126 241.0633 0.0134333333
127 243.0010 0.0133833333
128 244.9290 0.0134333333
129 246.8569 0.0133833333
130 248.7850 0.0133666667
131 250.7133 0.0134166667
132 252.6405 0.0133666667
133 254.5686 0.0133166667
134 256.4966 0.0133666667
135 258.4244 0.0133166667
136 260.3530 0.0135000000
137 262.2803 0.0133333333
138 264.2081 0.0133333333
139 266.1349 0.0132833333
140 268.0633 0.0133500000
141 269.9910 0.0133000000
142 271.9200 0.0133000000
143 273.8477 0.0133666667
144 275.7760 0.0134166667
145 277.7037 0.0131833333
146 279.6310 0.0133666667
147 281.5607 0.0133166667
148 283.4881 0.0132333333
149 285.4153 0.0133500000
150 287.3431 0.0133666667
151 289.2704 0.0133166667
152 291.1982 0.0133333333
153 293.1254 0.0133833333
154 295.0525 0.0134000000
155 296.9802 0.0132666667
156 298.9090 0.0133833333
157 300.8363 0.0133166667
158 302.7649 0.0132833333
159 304.6931 0.0133333333
160 306.6200 0.0133666667
161 308.5495 0.0133000000
162 310.4839 0.0133833333
163 312.4128 0.0132500000
164 314.3420 0.0133500000
165 316.2694 0.0133333333
166 318.1980 0.0133500000
167 320.1250 0.0133666667
168 322.0533 0.0133833333
169 323.9812 0.0134500000
170 325.9102 0.0134333333
171 327.8379 0.0133500000
172 329.7652 0.0133833333
173 331.6925 0.0133333333
174 333.6193 0.0134000000
175 335.5479 0.0133666667
176 337.4788 0.0134333333
177 339.4093 0.0133666667
178 341.3375 0.0133166667
179 343.2669 0.0133333333
180 345.1958 0.0134166667
181 347.1244 0.0133333333
182 349.0536 0.0133833333
183 350.9815 0.0132333333
184 352.9102 0.0132000000
185 354.8388 0.0134500000
186 356.7674 0.0134333333
187 358.6954 0.0133333333
188 360.6239 0.0134166667
189 362.5526 0.0133166667
190 364.4813 0.0134833333
191 366.4093 0.0133666667
192 368.3373 0.0133666667
193 370.2653 0.0134166667
194 372.1929 0.0133000000
195 374.1208 0.0134500000
196 376.0496 0.0132500000
197 377.9782 0.0134666667
198 379.9069 0.0134166667
199 381.8341 0.0133000000
200 383.7619 0.0134333333
