1 0.0000 8.7000000000
2 1.9173 7.4400000000
3 3.8341 6.4800000000
4 5.7452 5.7800000000
5 7.6593 5.1400000000
6 9.5768 4.6600000000
7 11.4901 4.2500000000
8 13.4013 3.9600000000
9 15.3129 3.6200000000
10 17.2258 3.3900000000
11 19.1369 3.2200000000
12 21.0495 3.1300000000
13 22.9616 3.0100000000
14 24.8738 2.9600000000
15 26.7851 2.8700000000
16 28.6976 2.7800000000
17 30.6124 2.7200000000
18 32.5291 2.6300000000
19 34.4415 2.6100000000
20 36.3534 2.5900000000
21 38.2639 2.5900000000
22 40.1749 2.5300000000
23 42.0870 2.5000000000
24 43.9971 2.4600000000
25 45.9088 2.4200000000
26 47.8209 2.4000000000
27 49.7311 2.3600000000
28 51.6421 2.3800000000
29 53.5552 2.3400000000
30 55.4720 2.2900000000
31 57.3846 2.2700000000
32 59.2977 2.2400000000
33 61.2099 2.2300000000
34 63.1222 2.2500000000
35 65.0346 2.2400000000
36 66.9450 2.2200000000
37 68.8565 2.2200000000
38 70.7681 2.1900000000
39 72.6799 2.1900000000
40 74.5915 2.1800000000
41 76.5054 2.1700000000
42 78.4202 2.1600000000
43 80.3335 2.1600000000
44 82.2461 2.1500000000
45 84.1578 2.1400000000
46 86.0698 2.1500000000
47 87.9817 2.1400000000
48 89.8932 2.1300000000
49 91.8054 2.1200000000
50 93.7188 2.0900000000
51 95.6310 2.0700000000
52 97.5417 2.0700000000
53 99.4562 2.0600000000
54 101.3774 2.0400000000
55 103.2918 2.0300000000
56 105.2031 2.0100000000
57 107.1133 1.9800000000
58 109.0244 1.9800000000
59 110.9348 1.9600000000
60 112.8452 1.9600000000
61 114.7561 1.9200000000
62 116.6670 1.9000000000
63 118.5791 1.9000000000
64 120.4899 1.9100000000
65 122.4022 1.9100000000
66 124.3145 1.9200000000
67 126.2265 1.9200000000
68 128.1368 1.9200000000
69 130.0480 1.9100000000
70 131.9591 1.9100000000
71 133.8694 1.9200000000
72 135.7806 1.9200000000
73 137.6908 1.9100000000
74 139.6014 1.9000000000
75 141.5122 1.9000000000
76 143.4229 1.8800000000
77 145.3333 1.8700000000
78 147.2439 1.8700000000
79 149.1569 1.8800000000
80 151.0678 1.8800000000
81 152.9775 1.8700000000
82 154.8888 1.8800000000
83 156.7991 1.8600000000
84 158.7092 1.8600000000
85 160.6198 1.8600000000
86 162.5345 1.8500000000
87 164.4481 1.8500000000
88 166.3601 1.8500000000
89 168.2723 1.8500000000
90 170.1858 1.8500000000
91 172.0981 1.8400000000
92 174.0101 1.8400000000
93 175.9219 1.8300000000
94 177.8340 1.8300000000
95 179.7458 1.8200000000
96 181.6579 1.8100000000
97 183.5688 1.8100000000
98 185.4936 1.8100000000
99 187.4101 1.8000000000
100 189.3216 1.8000000000
101 191.2331 1.8000000000
102 193.1449 1.8000000000
103 195.0560 1.8000000000
104 196.9671 1.7900000000
105 198.8772 1.7900000000
106 200.7872 1.7900000000
107 202.6975 1.7900000000
108 204.6078 1.7800000000
109 206.5186 1.7800000000
110 208.4322 1.7800000000
111 210.3472 1.7700000000
112 212.2590 1.7700000000
113 214.1709 1.7800000000
114 216.0841 1.7800000000
115 217.9952 1.7800000000
116 219.9059 1.7800000000
117 221.8171 1.7800000000
118 223.7291 1.7800000000
119 225.6436 1.7800000000
120 227.5581 1.7800000000
121 229.4720 1.7800000000
122 231.3843 1.7800000000
123 233.2970 1.7800000000
124 235.2106 1.7800000000
125 237.1229 1.7800000000
126 239.0351 1.7800000000
127 240.9471 1.7800000000
128 242.8582 1.7800000000
129 244.7695 1.7700000000
130 246.6829 1.7600000000
131 248.5972 1.7600000000
132 250.5114 1.7600000000
133 252.4218 1.7500000000
134 254.3341 1.7500000000
135 256.2446 1.7500000000
136 258.1551 1.7500000000
137 260.0668 1.7500000000
138 261.9780 1.7500000000
139 263.8877 1.7400000000
140 265.7991 1.7400000000
141 267.7102 1.7400000000
142 269.6225 1.7400000000
143 271.5355 1.7400000000
144 273.4514 1.7400000000
145 275.3624 1.7400000000
146 277.2755 1.7400000000
147 279.1874 1.7300000000
148 281.0991 1.7300000000
149 283.0106 1.7300000000
150 284.9214 1.7300000000
151 286.8332 1.7200000000
152 288.7437 1.7200000000
153 290.6545 1.7200000000
154 292.5658 1.7200000000
155 294.4794 1.7200000000
156 296.3958 1.7200000000
157 298.3087 1.7200000000
158 300.2218 1.7200000000
159 302.1332 1.7200000000
160 304.0445 1.7200000000
161 305.9578 1.7200000000
162 307.8706 1.7200000000
163 309.7812 1.7200000000
164 311.6950 1.7200000000
165 313.6092 1.7200000000
166 315.5248 1.7200000000
167 317.4388 1.7200000000
168 319.3552 1.7200000000
169 321.2677 1.7200000000
170 323.1797 1.7300000000
171 325.0911 1.7300000000
172 327.0028 1.7300000000
173 328.9145 1.7300000000
174 330.8259 1.7300000000
175 332.7372 1.7300000000
176 334.6505 1.7300000000
177 336.5628 1.7300000000
178 338.4755 1.7300000000
179 340.3874 1.7300000000
180 342.2994 1.7300000000
181 344.2112 1.7300000000
182 346.1231 1.7200000000
183 348.0339 1.7200000000
184 349.9458 1.7200000000
185 351.8569 1.7100000000
186 353.7690 1.7100000000
187 355.6815 1.7100000000
188 357.5983 1.7100000000
189 359.5155 1.7100000000
190 361.4271 1.7100000000
191 363.3389 1.7100000000
192 365.2509 1.7100000000
193 367.1621 1.7100000000
194 369.0728 1.7100000000
195 370.9842 1.7100000000
196 372.8958 1.7100000000
197 374.8077 1.7100000000
198 376.7175 1.7100000000
199 378.6272 1.7100000000
200 380.5407 1.7100000000
