1 0.0000 0.1252000000
2 1.9173 0.0801333333
3 3.8341 0.0666166667
4 5.7452 0.0571000000
5 7.6593 0.0490500000
6 9.5768 0.0429333333
7 11.4901 0.0379000000
8 13.4013 0.0340000000
9 15.3129 0.0302833333
10 17.2258 0.0274000000
11 19.1369 0.0250500000
12 21.0495 0.0228500000
13 22.9616 0.0212333333
14 24.8738 0.0196500000
15 26.7851 0.0180666667
16 28.6976 0.0167333333
17 30.6124 0.0157000000
18 32.5291 0.0144333333
19 34.4415 0.0135333333
20 36.3534 0.0126666667
21 38.2639 0.0115666667
22 40.1749 0.0106166667
23 42.0870 0.0098833333
24 43.9971 0.0091666667
25 45.9088 0.0086000000
26 47.8209 0.0078500000
27 49.7311 0.0073500000
28 51.6421 0.0067000000
29 53.5552 0.0060333333
30 55.4720 0.0055833333
31 57.3846 0.0051000000
32 59.2977 0.0046666667
33 61.2099 0.0043666667
34 63.1222 0.0040500000
35 65.0346 0.0036666667
36 66.9450 0.0033333333
37 68.8565 0.0029833333
38 70.7681 0.0026833333
39 72.6799 0.0024833333
40 74.5915 0.0022833333
41 76.5054 0.0019666667
42 78.4202 0.0017833333
43 80.3335 0.0016000000
44 82.2461 0.0014500000
45 84.1578 0.0012500000
46 86.0698 0.0011333333
47 87.9817 0.0010166667
48 89.8932 0.0008833333
49 91.8054 0.0007833333
50 93.7188 0.0007500000
51 95.6310 0.0007000000
52 97.5417 0.0006833333
53 99.4562 0.0006166667
54 101.3774 0.0005500000
55 103.2918 0.0004833333
56 105.2031 0.0004500000
57 107.1133 0.0004333333
58 109.0244 0.0003833333
59 110.9348 0.0003833333
60 112.8452 0.0003666667
61 114.7561 0.0003166667
62 116.6670 0.0002833333
63 118.5791 0.0002833333
64 120.4899 0.0002666667
65 122.4022 0.0002333333
66 124.3145 0.0002333333
67 126.2265 0.0002000000
68 128.1368 0.0001833333
69 130.0480 0.0001833333
70 131.9591 0.0001666667
71 133.8694 0.0001333333
72 135.7806 0.0001333333
73 137.6908 0.0001166667
74 139.6014 0.0001166667
75 141.5122 0.0001166667
76 143.4229 0.0001000000
77 145.3333 0.0000833333
78 147.2439 0.0000666667
79 149.1569 0.0000666667
80 151.0678 0.0000500000
81 152.9775 0.0000500000
82 154.8888 0.0000500000
83 156.7991 0.0000500000
84 158.7092 0.0000500000
85 160.6198 0.0000500000
86 162.5345 0.0000500000
87 164.4481 0.0000500000
88 166.3601 0.0000500000
89 168.2723 0.0000500000
90 170.1858 0.0000333333
91 172.0981 0.0000333333
92 174.0101 0.0000333333
93 175.9219 0.0000333333
94 177.8340 0.0000166667
95 179.7458 0.0000166667
96 181.6579 0.0000166667
97 183.5688 0.0000166667
98 185.4936 0.0000166667
99 187.4101 0.0000166667
100 189.3216 0.0000166667
101 191.2331 0.0000166667
102 193.1449 0.0000166667
103 195.0560 0.0000166667
104 196.9671 0.0000166667
105 198.8772 0.0000166667
106 200.7872 0.0000166667
107 202.6975 0.0000166667
108 204.6078 0.0000166667
109 206.5186 0.0000166667
110 208.4322 0.0000166667
111 210.3472 0.0000166667
112 212.2590 0.0000166667
113 214.1709 0.0000166667
114 216.0841 0.0000166667
115 217.9952 0.0000166667
116 219.9059 0.0000166667
117 221.8171 0.0000166667
118 223.7291 0.0000166667
119 225.6436 0.0000166667
120 227.5581 0.0000166667
121 229.4720 0.0000166667
122 231.3843 0.0000166667
123 233.2970 0.0000166667
124 235.2106 0.0000166667
125 237.1229 0.0000166667
126 239.0351 0.0000166667
127 240.9471 0.0000000000
128 242.8582 0.0000000000
129 244.7695 0.0000000000
130 246.6829 0.0000000000
131 248.5972 0.0000000000
132 250.5114 0.0000000000
133 252.4218 0.0000000000
134 254.3341 0.0000000000
135 256.2446 0.0000000000
136 258.1551 0.0000000000
137 260.0668 0.0000000000
138 261.9780 0.0000000000
139 263.8877 0.0000000000
140 265.7991 0.0000000000
141 267.7102 0.0000000000
142 269.6225 0.0000000000
143 271.5355 0.0000000000
144 273.4514 0.0000000000
145 275.3624 0.0000000000
146 277.2755 0.0000000000
147 279.1874 0.0000000000
148 281.0991 0.0000000000
149 283.0106 0.0000000000
150 284.9214 0.0000000000
151 286.8332 0.0000000000
152 288.7437 0.0000000000
153 290.6545 0.0000000000
154 292.5658 0.0000000000
155 294.4794 0.0000000000
156 296.3958 0.0000000000
157 298.3087 0.0000000000
158 300.2218 0.0000000000
159 302.1332 0.0000000000
160 304.0445 0.0000000000
161 305.9578 0.0000000000
162 307.8706 0.0000000000
163 309.7812 0.0000000000
164 311.6950 0.0000000000
165 313.6092 0.0000000000
166 315.5248 0.0000000000
167 317.4388 0.0000000000
168 319.3552 0.0000000000
169 321.2677 0.0000000000
170 323.1797 0.0000000000
171 325.0911 0.0000000000
172 327.0028 0.0000000000
173 328.9145 0.0000000000
174 330.8259 0.0000000000
175 332.7372 0.0000000000
176 334.6505 0.0000000000
177 336.5628 0.0000000000
178 338.4755 0.0000000000
179 340.3874 0.0000000000
180 342.2994 0.0000000000
181 344.2112 0.0000000000
182 346.1231 0.0000000000
183 348.0339 0.0000000000
184 349.9458 0.0000000000
185 351.8569 0.0000000000
186 353.7690 0.0000000000
187 355.6815 0.0000000000
188 357.5983 0.0000000000
189 359.5155 0.0000000000
190 361.4271 0.0000000000
191 363.3389 0.0000000000
192 365.2509 0.0000000000
193 367.1621 0.0000000000
194 369.0728 0.0000000000
195 370.9842 0.0000000000
196 372.8958 0.0000000000
197 374.8077 0.0000000000
198 376.7175 0.0000000000
199 378.6272 0.0000000000
200 380.5407 0.0000000000
