1 0.0000 7.9400000000
2 1.8995 5.1600000000
3 3.7928 3.9600000000
4 5.6885 3.4200000000
5 7.5846 3.0400000000
6 9.4818 2.7400000000
7 11.3808 2.6300000000
8 13.2787 2.4900000000
9 15.1783 2.4800000000
10 17.0765 2.4000000000
11 18.9743 2.3200000000
12 20.8708 2.3500000000
13 22.7676 2.2800000000
14 24.6643 2.2100000000
15 26.5616 2.1900000000
16 28.4612 2.1800000000
17 30.3620 2.2000000000
18 32.2602 2.1800000000
19 34.1576 2.1500000000
20 36.0540 2.1400000000
21 37.9519 2.1300000000
22 39.8493 2.0800000000
23 41.7456 2.0400000000
24 43.6427 2.0400000000
25 45.5419 2.0100000000
26 47.4427 1.9700000000
27 49.3398 1.9600000000
28 51.2419 1.9600000000
29 53.1384 1.9500000000
30 55.0367 1.9200000000
31 56.9326 1.9000000000
32 58.8423 1.8700000000
33 60.7391 1.8600000000
34 62.6370 1.8300000000
35 64.5347 1.8100000000
36 66.4322 1.8000000000
37 68.3319 1.7900000000
38 70.2380 1.7700000000
39 72.1360 1.7700000000
40 74.0351 1.7600000000
41 75.9328 1.7500000000
42 77.8317 1.7600000000
43 79.7297 1.7700000000
44 81.6282 1.7800000000
45 83.5254 1.7700000000
46 85.4241 1.7600000000
47 87.3231 1.7600000000
48 89.2216 1.7600000000
49 91.1197 1.7600000000
50 93.0180 1.7600000000
51 94.9158 1.7600000000
52 96.8135 1.7500000000
53 98.7113 1.7300000000
54 100.6093 1.7300000000
55 102.5100 1.7300000000
56 104.4077 1.7300000000
57 106.3062 1.7300000000
58 108.2037 1.7300000000
59 110.1011 1.7300000000
60 111.9989 1.7300000000
61 113.8963 1.7200000000
62 115.7940 1.7200000000
63 117.6897 1.7200000000
64 119.5889 1.7200000000
65 121.4897 1.7200000000
66 123.3865 1.7200000000
67 125.2822 1.7200000000
68 127.1800 1.7300000000
69 129.0768 1.7300000000
70 130.9742 1.7300000000
71 132.8708 1.7300000000
72 134.7678 1.7300000000
73 136.6642 1.7300000000
74 138.5614 1.7300000000
75 140.4578 1.7400000000
76 142.3575 1.7400000000
77 144.2645 1.7400000000
78 146.1625 1.7400000000
79 148.0595 1.7300000000
80 149.9586 1.7300000000
81 151.8561 1.7300000000
82 153.7535 1.7300000000
83 155.6526 1.7300000000
84 157.5511 1.7300000000
85 159.4517 1.7300000000
86 161.3534 1.7300000000
87 163.2503 1.7400000000
88 165.1473 1.7400000000
89 167.0447 1.7400000000
90 168.9417 1.7300000000
91 170.8382 1.7400000000
92 172.7356 1.7500000000
93 174.6318 1.7500000000
94 176.5315 1.7500000000
95 178.4322 1.7500000000
96 180.3306 1.7500000000
97 182.2292 1.7500000000
98 184.1274 1.7600000000
99 186.0247 1.7600000000
100 187.9229 1.7600000000
101 189.8204 1.7600000000
102 191.7184 1.7600000000
103 193.6150 1.7600000000
104 195.5120 1.7600000000
105 197.4082 1.7600000000
106 199.3087 1.7600000000
107 201.2070 1.7600000000
108 203.1043 1.7600000000
109 205.0015 1.7600000000
110 206.8989 1.7600000000
111 208.7949 1.7600000000
112 210.6924 1.7700000000
113 212.5880 1.7700000000
114 214.4846 1.7700000000
115 216.3806 1.7800000000
116 218.2775 1.7800000000
117 220.1747 1.7900000000
118 222.0713 1.7900000000
119 223.9673 1.7900000000
120 225.8656 1.7900000000
121 227.7624 1.7900000000
122 229.6598 1.7900000000
123 231.5563 1.7900000000
124 233.4566 1.7900000000
125 235.3600 1.7900000000
126 237.2578 1.7900000000
127 239.1546 1.7900000000
128 241.0521 1.7900000000
129 242.9494 1.7900000000
130 244.8462 1.7900000000
131 246.7427 1.7900000000
132 248.6398 1.7900000000
133 250.5401 1.7800000000
134 252.4392 1.7800000000
135 254.3374 1.7800000000
136 256.2357 1.7800000000
137 258.1323 1.7800000000
138 260.0303 1.7800000000
139 261.9268 1.7800000000
140 263.8246 1.7800000000
141 265.7213 1.7800000000
142 267.6194 1.7800000000
143 269.5154 1.7800000000
144 271.4128 1.7800000000
145 273.3137 1.7800000000
146 275.2122 1.7800000000
147 277.1099 1.7800000000
148 279.0085 1.7800000000
149 280.9056 1.7800000000
150 282.8027 1.7800000000
151 284.6999 1.7800000000
152 286.5972 1.7800000000
153 288.4927 1.7800000000
154 290.3919 1.7800000000
155 292.2899 1.7800000000
156 294.1911 1.7800000000
157 296.0989 1.7800000000
158 297.9960 1.7800000000
159 299.8932 1.7800000000
160 301.7898 1.7800000000
161 303.6861 1.7800000000
162 305.5833 1.7800000000
163 307.4836 1.7800000000
164 309.3861 1.7800000000
165 311.2838 1.7800000000
166 313.1806 1.7800000000
167 315.0773 1.7800000000
168 316.9747 1.7800000000
169 318.8696 1.7800000000
170 320.7667 1.7800000000
171 322.6641 1.7800000000
172 324.5637 1.7800000000
173 326.4648 1.7800000000
174 328.3621 1.7900000000
175 330.2590 1.7900000000
176 332.1710 1.7900000000
177 334.0682 1.7900000000
178 335.9652 1.7900000000
179 337.8613 1.7900000000
180 339.7581 1.7900000000
181 341.6546 1.7900000000
182 343.5514 1.7900000000
183 345.4482 1.7900000000
184 347.3496 1.7900000000
185 349.2559 1.7900000000
186 351.1542 1.7900000000
187 353.0533 1.7900000000
188 354.9519 1.7900000000
189 356.8504 1.7900000000
190 358.7488 1.7900000000
191 360.6466 1.7900000000
192 362.5439 1.7900000000
193 364.4437 1.7900000000
194 366.3418 1.7900000000
195 368.2387 1.7900000000
196 370.1367 1.8000000000
197 372.0334 1.8000000000
198 373.9309 1.8000000000
199 375.8275 1.8000000000
200 377.7247 1.8000000000
