1 0.0000 0.0923333333
2 1.8995 0.0559500000
3 3.7928 0.0388833333
4 5.6885 0.0288333333
5 7.5846 0.0223666667
6 9.4818 0.0183833333
7 11.3808 0.0151833333
8 13.2787 0.0125833333
9 15.1783 0.0100333333
10 17.0765 0.0078333333
11 18.9743 0.0061500000
12 20.8708 0.0047666667
13 22.7676 0.0036333333
14 24.6643 0.0027666667
15 26.5616 0.0020166667
16 28.4612 0.0015666667
17 30.3620 0.0011000000
18 32.2602 0.0008000000
19 34.1576 0.0006666667
20 36.0540 0.0005166667
21 37.9519 0.0004166667
22 39.8493 0.0003166667
23 41.7456 0.0002166667
24 43.6427 0.0001333333
25 45.5419 0.0001000000
26 47.4427 0.0000833333
27 49.3398 0.0000333333
28 51.2419 0.0000333333
29 53.1384 0.0000166667
30 55.0367 0.0000166667
31 56.9326 0.0000166667
32 58.8423 0.0000166667
33 60.7391 0.0000166667
34 62.6370 0.0000166667
35 64.5347 0.0000166667
36 66.4322 0.0000166667
37 68.3319 0.0000000000
38 70.2380 0.0000000000
39 72.1360 0.0000000000
40 74.0351 0.0000000000
41 75.9328 0.0000000000
42 77.8317 0.0000000000
43 79.7297 0.0000000000
44 81.6282 0.0000000000
45 83.5254 0.0000000000
46 85.4241 0.0000000000
47 87.3231 0.0000000000
48 89.2216 0.0000000000
49 91.1197 0.0000000000
50 93.0180 0.0000000000
51 94.9158 0.0000000000
52 96.8135 0.0000000000
53 98.7113 0.0000000000
54 100.6093 0.0000000000
55 102.5100 0.0000000000
56 104.4077 0.0000000000
57 106.3062 0.0000000000
58 108.2037 0.0000000000
59 110.1011 0.0000000000
60 111.9989 0.0000000000
61 113.8963 0.0000000000
62 115.7940 0.0000000000
63 117.6897 0.0000000000
64 119.5889 0.0000000000
65 121.4897 0.0000000000
66 123.3865 0.0000000000
67 125.2822 0.0000000000
68 127.1800 0.0000000000
69 129.0768 0.0000000000
70 130.9742 0.0000000000
71 132.8708 0.0000000000
72 134.7678 0.0000000000
73 136.6642 0.0000000000
74 138.5614 0.0000000000
75 140.4578 0.0000000000
76 142.3575 0.0000000000
77 144.2645 0.0000000000
78 146.1625 0.0000000000
79 148.0595 0.0000000000
80 149.9586 0.0000000000
81 151.8561 0.0000000000
82 153.7535 0.0000000000
83 155.6526 0.0000000000
84 157.5511 0.0000000000
85 159.4517 0.0000000000
86 161.3534 0.0000000000
87 163.2503 0.0000000000
88 165.1473 0.0000000000
89 167.0447 0.0000000000
90 168.9417 0.0000000000
91 170.8382 0.0000000000
92 172.7356 0.0000000000
93 174.6318 0.0000000000
94 176.5315 0.0000000000
95 178.4322 0.0000000000
96 180.3306 0.0000000000
97 182.2292 0.0000000000
98 184.1274 0.0000000000
99 186.0247 0.0000000000
100 187.9229 0.0000000000
101 189.8204 0.0000000000
102 191.7184 0.0000000000
103 193.6150 0.0000000000
104 195.5120 0.0000000000
105 197.4082 0.0000000000
106 199.3087 0.0000000000
107 201.2070 0.0000000000
108 203.1043 0.0000000000
109 205.0015 0.0000000000
110 206.8989 0.0000000000
111 208.7949 0.0000000000
112 210.6924 0.0000000000
113 212.5880 0.0000000000
114 214.4846 0.0000000000
115 216.3806 0.0000000000
116 218.2775 0.0000000000
117 220.1747 0.0000000000
118 222.0713 0.0000000000
119 223.9673 0.0000000000
120 225.8656 0.0000000000
121 227.7624 0.0000000000
122 229.6598 0.0000000000
123 231.5563 0.0000000000
124 233.4566 0.0000000000
125 235.3600 0.0000000000
126 237.2578 0.0000000000
127 239.1546 0.0000000000
128 241.0521 0.0000000000
129 242.9494 0.0000000000
130 244.8462 0.0000000000
131 246.7427 0.0000000000
132 248.6398 0.0000000000
133 250.5401 0.0000000000
134 252.4392 0.0000000000
135 254.3374 0.0000000000
136 256.2357 0.0000000000
137 258.1323 0.0000000000
138 260.0303 0.0000000000
139 261.9268 0.0000000000
140 263.8246 0.0000000000
141 265.7213 0.0000000000
142 267.6194 0.0000000000
143 269.5154 0.0000000000
144 271.4128 0.0000000000
145 273.3137 0.0000000000
146 275.2122 0.0000000000
147 277.1099 0.0000000000
148 279.0085 0.0000000000
149 280.9056 0.0000000000
150 282.8027 0.0000000000
151 284.6999 0.0000000000
152 286.5972 0.0000000000
153 288.4927 0.0000000000
154 290.3919 0.0000000000
155 292.2899 0.0000000000
156 294.1911 0.0000000000
157 296.0989 0.0000000000
158 297.9960 0.0000000000
159 299.8932 0.0000000000
160 301.7898 0.0000000000
161 303.6861 0.0000000000
162 305.5833 0.0000000000
163 307.4836 0.0000000000
164 309.3861 0.0000000000
165 311.2838 0.0000000000
166 313.1806 0.0000000000
167 315.0773 0.0000000000
168 316.9747 0.0000000000
169 318.8696 0.0000000000
170 320.7667 0.0000000000
171 322.6641 0.0000000000
172 324.5637 0.0000000000
173 326.4648 0.0000000000
174 328.3621 0.0000000000
175 330.2590 0.0000000000
176 332.1710 0.0000000000
177 334.0682 0.0000000000
178 335.9652 0.0000000000
179 337.8613 0.0000000000
180 339.7581 0.0000000000
181 341.6546 0.0000000000
182 343.5514 0.0000000000
183 345.4482 0.0000000000
184 347.3496 0.0000000000
185 349.2559 0.0000000000
186 351.1542 0.0000000000
187 353.0533 0.0000000000
188 354.9519 0.0000000000
189 356.8504 0.0000000000
190 358.7488 0.0000000000
191 360.6466 0.0000000000
192 362.5439 0.0000000000
193 364.4437 0.0000000000
194 366.3418 0.0000000000
195 368.2387 0.0000000000
196 370.1367 0.0000000000
197 372.0334 0.0000000000
198 373.9309 0.0000000000
199 375.8275 0.0000000000
200 377.7247 0.0000000000
