1 0.0000 5.0100000000
2 1.9426 3.7700000000
3 3.8741 3.4000000000
4 5.8072 3.1500000000
5 7.7391 2.9600000000
6 9.6721 2.9100000000
7 11.6037 2.8600000000
8 13.5355 2.8600000000
9 15.4657 2.8200000000
10 17.3986 2.7900000000
11 19.3294 2.7600000000
12 21.2631 2.7500000000
13 23.1958 2.7000000000
14 25.1270 2.7000000000
15 27.0589 2.7200000000
16 28.9892 2.7000000000
17 30.9241 2.7000000000
18 32.8562 2.6800000000
19 34.7876 2.6700000000
20 36.7202 2.6500000000
21 38.6526 2.6300000000
22 40.5842 2.6200000000
23 42.5147 2.6100000000
24 44.4466 2.5900000000
25 46.3786 2.6400000000
26 48.3113 2.5700000000
27 50.2422 2.6100000000
28 52.1737 2.5900000000
29 54.1060 2.6000000000
30 56.0381 2.5900000000
31 57.9684 2.5800000000
32 59.9003 2.5800000000
33 61.8313 2.5800000000
34 63.7626 2.6100000000
35 65.6936 2.6000000000
36 67.6262 2.6200000000
37 69.5554 2.5900000000
38 71.4865 2.5700000000
39 73.4171 2.5900000000
40 75.3495 2.5700000000
41 77.2807 2.5900000000
42 79.2120 2.5800000000
43 81.1423 2.5900000000
44 83.0746 2.5800000000
45 85.0058 2.5500000000
46 86.9363 2.5700000000
47 88.8676 2.5700000000
48 90.7989 2.5900000000
49 92.7305 2.5500000000
50 94.6618 2.5600000000
51 96.5929 2.5600000000
52 98.5232 2.5700000000
53 100.4527 2.5600000000
54 102.3851 2.5700000000
55 104.3154 2.5800000000
56 106.2467 2.6000000000
57 108.1768 2.6100000000
58 110.1100 2.6000000000
59 112.0416 2.5800000000
60 113.9724 2.5800000000
61 115.9027 2.6000000000
62 117.8346 2.5600000000
63 119.7643 2.6000000000
64 121.6940 2.6000000000
65 123.6233 2.6000000000
66 125.5530 2.5700000000
67 127.4836 2.5900000000
68 129.4162 2.5800000000
69 131.3469 2.5500000000
70 133.2782 2.5900000000
71 135.2102 2.5900000000
72 137.1410 2.5700000000
73 139.0733 2.5500000000
74 141.0042 2.5700000000
75 142.9343 2.5600000000
76 144.8648 2.5600000000
77 146.7954 2.5600000000
78 148.7248 2.5800000000
79 150.6567 2.5400000000
80 152.5869 2.5500000000
81 154.5171 2.5400000000
82 156.4482 2.5600000000
83 158.3798 2.5200000000
84 160.3113 2.5300000000
85 162.2423 2.5500000000
86 164.1727 2.5400000000
87 166.1033 2.5400000000
88 168.0356 2.5200000000
89 169.9672 2.5400000000
90 171.8981 2.5500000000
91 173.8293 2.5400000000
92 175.7614 2.5300000000
93 177.6910 2.5700000000
94 179.6213 2.5800000000
95 181.5515 2.5300000000
96 183.4817 2.5300000000
97 185.4119 2.5400000000
98 187.3441 2.5200000000
99 189.2740 2.5600000000
100 191.2044 2.5000000000
101 193.1355 2.5400000000
102 195.0658 2.5500000000
103 196.9961 2.5400000000
104 198.9278 2.5400000000
105 200.8617 2.5400000000
106 202.7931 2.5500000000
107 204.7237 2.5600000000
108 206.6552 2.5500000000
109 208.5857 2.5300000000
110 210.5176 2.4800000000
111 212.4475 2.5400000000
112 214.3809 2.5100000000
113 216.3119 2.5500000000
114 218.2429 2.5400000000
115 220.1754 2.5200000000
116 222.1066 2.5100000000
117 224.0368 2.5400000000
118 225.9694 2.5200000000
119 227.9000 2.5000000000
120 229.8305 2.5500000000
121 231.7601 2.5300000000
122 233.6909 2.5200000000
123 235.6218 2.5200000000
124 237.5527 2.5100000000
125 239.4869 2.5300000000
126 241.4175 2.5400000000
127 243.3481 2.5300000000
128 245.2801 2.5300000000
129 247.2125 2.5400000000
130 249.1438 2.5300000000
131 251.0740 2.5500000000
132 253.0056 2.5100000000
133 254.9364 2.5300000000
134 256.8672 2.5200000000
135 258.7986 2.5000000000
136 260.7295 2.5400000000
137 262.6585 2.5300000000
138 264.5901 2.5400000000
139 266.5200 2.4800000000
140 268.4510 2.5200000000
141 270.3810 2.5500000000
142 272.3118 2.5100000000
143 274.2419 2.5400000000
144 276.1738 2.5400000000
145 278.1039 2.5100000000
146 280.0362 2.5200000000
147 281.9685 2.5300000000
148 283.8995 2.5600000000
149 285.8361 2.5200000000
150 287.7672 2.5400000000
151 289.6962 2.5100000000
152 291.6259 2.5200000000
153 293.5556 2.5200000000
154 295.4842 2.5100000000
155 297.4161 2.5000000000
156 299.3476 2.5000000000
157 301.2770 2.4800000000
158 303.2072 2.4900000000
159 305.1372 2.4900000000
160 307.0666 2.4900000000
161 308.9995 2.4900000000
162 310.9309 2.5100000000
163 312.8607 2.4700000000
164 314.7939 2.4900000000
165 316.7255 2.4800000000
166 318.6555 2.4500000000
167 320.5923 2.5000000000
168 322.5241 2.4800000000
169 324.4540 2.4800000000
170 326.3842 2.5000000000
171 328.3137 2.4700000000
172 330.2462 2.5000000000
173 332.1776 2.4900000000
174 334.1092 2.5000000000
175 336.0406 2.4800000000
176 337.9714 2.4700000000
177 339.9025 2.5100000000
178 341.8332 2.4700000000
179 343.7638 2.5000000000
180 345.6955 2.4900000000
181 347.6269 2.4700000000
182 349.5577 2.4500000000
183 351.4888 2.4800000000
184 353.4206 2.5000000000
185 355.3519 2.4900000000
186 357.2837 2.4600000000
187 359.2143 2.5100000000
188 361.1476 2.4900000000
189 363.0784 2.4900000000
190 365.0107 2.4700000000
191 366.9411 2.4800000000
192 368.8734 2.4900000000
193 370.8035 2.4900000000
194 372.7334 2.5000000000
195 374.6623 2.5100000000
196 376.5923 2.4800000000
197 378.5223 2.4900000000
198 380.4533 2.4800000000
199 382.3823 2.4700000000
200 384.3131 2.5100000000
