1 0.0000 0.0731833333
2 1.9426 0.0359333333
3 3.8741 0.0275666667
4 5.8072 0.0230833333
5 7.7391 0.0204833333
6 9.6721 0.0190833333
7 11.6037 0.0181000000
8 13.5355 0.0174500000
9 15.4657 0.0172000000
10 17.3986 0.0166833333
11 19.3294 0.0163166667
12 21.2631 0.0161000000
13 23.1958 0.0158166667
14 25.1270 0.0155666667
15 27.0589 0.0154500000
16 28.9892 0.0152833333
17 30.9241 0.0151333333
18 32.8562 0.0150500000
19 34.7876 0.0149166667
20 36.7202 0.0147166667
21 38.6526 0.0146833333
22 40.5842 0.0147500000
23 42.5147 0.0146000000
24 44.4466 0.0146166667
25 46.3786 0.0145500000
26 48.3113 0.0144666667
27 50.2422 0.0143833333
28 52.1737 0.0142666667
29 54.1060 0.0143333333
30 56.0381 0.0142500000
31 57.9684 0.0143000000
32 59.9003 0.0141666667
33 61.8313 0.0142166667
34 63.7626 0.0140666667
35 65.6936 0.0142000000
36 67.6262 0.0141833333
37 69.5554 0.0140666667
38 71.4865 0.0141000000
39 73.4171 0.0140500000
40 75.3495 0.0141166667
41 77.2807 0.0139833333
42 79.2120 0.0140500000
43 81.1423 0.0140166667
44 83.0746 0.0141000000
45 85.0058 0.0140166667
46 86.9363 0.0139500000
47 88.8676 0.0139333333
48 90.7989 0.0140000000
49 92.7305 0.0138666667
50 94.6618 0.0138666667
51 96.5929 0.0138333333
52 98.5232 0.0138000000
53 100.4527 0.0138500000
54 102.3851 0.0138166667
55 104.3154 0.0138166667
56 106.2467 0.0137666667
57 108.1768 0.0137833333
58 110.1100 0.0137500000
59 112.0416 0.0137833333
60 113.9724 0.0137500000
61 115.9027 0.0137500000
62 117.8346 0.0137166667
63 119.7643 0.0136333333
64 121.6940 0.0137000000
65 123.6233 0.0136333333
66 125.5530 0.0136666667
67 127.4836 0.0136500000
68 129.4162 0.0135666667
69 131.3469 0.0135500000
70 133.2782 0.0135666667
71 135.2102 0.0135333333
72 137.1410 0.0135500000
73 139.0733 0.0135333333
74 141.0042 0.0135500000
75 142.9343 0.0135500000
76 144.8648 0.0135500000
77 146.7954 0.0134833333
78 148.7248 0.0135333333
79 150.6567 0.0135166667
80 152.5869 0.0134500000
81 154.5171 0.0135166667
82 156.4482 0.0135333333
83 158.3798 0.0134833333
84 160.3113 0.0135333333
85 162.2423 0.0134666667
86 164.1727 0.0134666667
87 166.1033 0.0135000000
88 168.0356 0.0132166667
89 169.9672 0.0135000000
90 171.8981 0.0133666667
91 173.8293 0.0134333333
92 175.7614 0.0134000000
93 177.6910 0.0133500000
94 179.6213 0.0133000000
95 181.5515 0.0133833333
96 183.4817 0.0132833333
97 185.4119 0.0134833333
98 187.3441 0.0133166667
99 189.2740 0.0134166667
100 191.2044 0.0133833333
101 193.1355 0.0133166667
102 195.0658 0.0134833333
103 196.9961 0.0134666667
104 198.9278 0.0133833333
105 200.8617 0.0134500000
106 202.7931 0.0134500000
107 204.7237 0.0134166667
108 206.6552 0.0133500000
109 208.5857 0.0134000000
110 210.5176 0.0132833333
111 212.4475 0.0133833333
112 214.3809 0.0133833333
113 216.3119 0.0134166667
114 218.2429 0.0134166667
115 220.1754 0.0133000000
116 222.1066 0.0133666667
117 224.0368 0.0133166667
118 225.9694 0.0134333333
119 227.9000 0.0133333333
120 229.8305 0.0134666667
121 231.7601 0.0133666667
122 233.6909 0.0134000000
123 235.6218 0.0133666667
124 237.5527 0.0133833333
125 239.4869 0.0133666667
126 241.4175 0.0133333333
127 243.3481 0.0133166667
128 245.2801 0.0133500000
129 247.2125 0.0134333333
130 249.1438 0.0134166667
131 251.0740 0.0133000000
132 253.0056 0.0133333333
133 254.9364 0.0132833333
134 256.8672 0.0134166667
135 258.7986 0.0132833333
136 260.7295 0.0132833333
137 262.6585 0.0133666667
138 264.5901 0.0133833333
139 266.5200 0.0134333333
140 268.4510 0.0133833333
141 270.3810 0.0134833333
142 272.3118 0.0132666667
143 274.2419 0.0133833333
144 276.1738 0.0133833333
145 278.1039 0.0133333333
146 280.0362 0.0133333333
147 281.9685 0.0133666667
148 283.8995 0.0134333333
149 285.8361 0.0133333333
150 287.7672 0.0133666667
151 289.6962 0.0133333333
152 291.6259 0.0133666667
153 293.5556 0.0133500000
154 295.4842 0.0133666667
155 297.4161 0.0133166667
156 299.3476 0.0134666667
157 301.2770 0.0134166667
158 303.2072 0.0133666667
159 305.1372 0.0133500000
160 307.0666 0.0134000000
161 308.9995 0.0134000000
162 310.9309 0.0134166667
163 312.8607 0.0134000000
164 314.7939 0.0133333333
165 316.7255 0.0133666667
166 318.6555 0.0134166667
167 320.5923 0.0133666667
168 322.5241 0.0133833333
169 324.4540 0.0133333333
170 326.3842 0.0132666667
171 328.3137 0.0132666667
172 330.2462 0.0134166667
173 332.1776 0.0132833333
174 334.1092 0.0133333333
175 336.0406 0.0133166667
176 337.9714 0.0133500000
177 339.9025 0.0133000000
178 341.8332 0.0132833333
179 343.7638 0.0134000000
180 345.6955 0.0133000000
181 347.6269 0.0133666667
182 349.5577 0.0132666667
183 351.4888 0.0134333333
184 353.4206 0.0131666667
185 355.3519 0.0133500000
186 357.2837 0.0133000000
187 359.2143 0.0133166667
188 361.1476 0.0133166667
189 363.0784 0.0133166667
190 365.0107 0.0133166667
191 366.9411 0.0133333333
192 368.8734 0.0132500000
193 370.8035 0.0133833333
194 372.7334 0.0132666667
195 374.6623 0.0133666667
196 376.5923 0.0133333333
197 378.5223 0.0134000000
198 380.4533 0.0134166667
199 382.3823 0.0133000000
200 384.3131 0.0133333333
