1 0.0000 8.9400000000
2 1.9207 7.6400000000
3 3.8294 6.6700000000
4 5.7375 5.8900000000
5 7.6458 5.3500000000
6 9.5543 4.8400000000
7 11.4632 4.4800000000
8 13.3989 4.1200000000
9 15.3067 3.8900000000
10 17.2135 3.6800000000
11 19.1226 3.4000000000
12 21.0365 3.2800000000
13 22.9455 3.1500000000
14 24.8544 3.0000000000
15 26.7623 2.9000000000
16 28.6703 2.8500000000
17 30.5785 2.8200000000
18 32.4873 2.7700000000
19 34.3940 2.7100000000
20 36.3031 2.6900000000
21 38.2110 2.6300000000
22 40.1194 2.5800000000
23 42.0270 2.5700000000
24 43.9355 2.5300000000
25 45.8443 2.4700000000
26 47.7523 2.4300000000
27 49.6599 2.4200000000
28 51.5677 2.4100000000
29 53.4747 2.3800000000
30 55.3829 2.3300000000
31 57.2900 2.3100000000
32 59.1977 2.2900000000
33 61.1058 2.2800000000
34 63.0127 2.2800000000
35 64.9199 2.2800000000
36 66.8274 2.2600000000
37 68.7339 2.2600000000
38 70.6415 2.2600000000
39 72.5500 2.2600000000
40 74.4576 2.2600000000
41 76.3661 2.2400000000
42 78.2740 2.2100000000
43 80.1809 2.2000000000
44 82.0894 2.1900000000
45 83.9968 2.1800000000
46 85.9057 2.1800000000
47 87.8134 2.1700000000
48 89.7207 2.1700000000
49 91.6274 2.1800000000
50 93.5357 2.1800000000
51 95.4428 2.1800000000
52 97.3505 2.1700000000
53 99.2582 2.1500000000
54 101.1656 2.1600000000
55 103.0741 2.1500000000
56 104.9829 2.1500000000
57 106.8914 2.1700000000
58 108.7998 2.1600000000
59 110.7070 2.1700000000
60 112.6150 2.1800000000
61 114.5216 2.1800000000
62 116.4297 2.1800000000
63 118.3368 2.1600000000
64 120.2439 2.1400000000
65 122.1511 2.1500000000
66 124.0593 2.1400000000
67 125.9662 2.1300000000
68 127.8738 2.1400000000
69 129.7804 2.1500000000
70 131.6885 2.1400000000
71 133.5969 2.1400000000
72 135.5051 2.1400000000
73 137.4121 2.1400000000
74 139.3201 2.1100000000
75 141.2281 2.1000000000
76 143.1355 2.0800000000
77 145.0428 2.0800000000
78 146.9500 2.0600000000
79 148.8584 2.0500000000
80 150.7662 2.0500000000
81 152.6747 2.0600000000
82 154.5834 2.0600000000
83 156.4913 2.0600000000
84 158.3993 2.0600000000
85 160.3068 2.0600000000
86 162.2148 2.0600000000
87 164.1227 2.0600000000
88 166.0314 2.0400000000
89 167.9400 2.0400000000
90 169.8479 2.0400000000
91 171.7547 2.0400000000
92 173.6640 2.0500000000
93 175.5718 2.0500000000
94 177.4800 2.0500000000
95 179.3869 2.0500000000
96 181.2950 2.0500000000
97 183.2020 2.0500000000
98 185.1104 2.0500000000
99 187.0169 2.0700000000
100 188.9252 2.0700000000
101 190.8338 2.0700000000
102 192.7406 2.0600000000
103 194.6484 2.0600000000
104 196.5569 2.0500000000
105 198.4648 2.0500000000
106 200.3714 2.0500000000
107 202.2796 2.0500000000
108 204.1889 2.0500000000
109 206.0960 2.0400000000
110 208.0036 2.0400000000
111 209.9113 2.0400000000
112 211.8187 2.0400000000
113 213.7255 2.0300000000
114 215.6325 2.0300000000
115 217.5390 2.0300000000
116 219.4481 2.0200000000
117 221.3551 2.0200000000
118 223.2640 2.0100000000
119 225.1710 2.0000000000
120 227.0795 2.0000000000
121 228.9871 2.0000000000
122 230.8950 2.0000000000
123 232.8035 2.0000000000
124 234.7113 2.0000000000
125 236.6197 2.0000000000
126 238.5280 1.9900000000
127 240.4361 1.9800000000
128 242.3437 1.9800000000
129 244.2511 1.9700000000
130 246.1583 1.9800000000
131 248.0664 1.9700000000
132 249.9745 1.9700000000
133 251.8824 1.9700000000
134 253.7893 1.9700000000
135 255.6972 1.9700000000
136 257.6041 1.9700000000
137 259.5113 1.9700000000
138 261.4180 1.9600000000
139 263.3252 1.9600000000
140 265.2337 1.9500000000
141 267.1403 1.9500000000
142 269.0480 1.9500000000
143 270.9555 1.9500000000
144 272.8628 1.9500000000
145 274.7693 1.9500000000
146 276.6770 1.9500000000
147 278.5836 1.9500000000
148 280.4910 1.9500000000
149 282.3988 1.9500000000
150 284.3074 1.9500000000
151 286.2150 1.9500000000
152 288.1219 1.9400000000
153 290.0293 1.9400000000
154 291.9361 1.9400000000
155 293.8430 1.9400000000
156 295.7517 1.9400000000
157 297.6609 1.9300000000
158 299.5675 1.9200000000
159 301.4746 1.9200000000
160 303.3815 1.9300000000
161 305.2891 1.9300000000
162 307.1961 1.9300000000
163 309.1021 1.9300000000
164 311.0101 1.9300000000
165 312.9172 1.9300000000
166 314.8247 1.9300000000
167 316.7312 1.9300000000
168 318.6373 1.9300000000
169 320.5442 1.9300000000
170 322.4509 1.9300000000
171 324.3588 1.9200000000
172 326.2658 1.9200000000
173 328.1738 1.9200000000
174 330.0816 1.9200000000
175 331.9894 1.9200000000
176 333.8983 1.9200000000
177 335.8060 1.9200000000
178 337.7133 1.9200000000
179 339.6194 1.9100000000
180 341.5267 1.9100000000
181 343.4356 1.9100000000
182 345.3439 1.9100000000
183 347.2525 1.9100000000
184 349.1492 1.9100000000
185 351.0463 1.9100000000
186 352.9431 1.9100000000
187 354.8390 1.9100000000
188 356.7366 1.9100000000
189 358.6339 1.9000000000
190 360.5311 1.9000000000
191 362.4281 1.9000000000
192 364.3253 1.9000000000
193 366.2217 1.9000000000
194 368.1199 1.9000000000
195 370.0153 1.9000000000
196 371.9122 1.9000000000
197 373.8091 1.8900000000
198 375.7078 1.8900000000
199 377.6039 1.8900000000
200 379.4998 1.8900000000
