1 0.0000 0.1239000000
2 1.9207 0.0796000000
3 3.8294 0.0670166667
4 5.7375 0.0573833333
5 7.6458 0.0495166667
6 9.5543 0.0434166667
7 11.4632 0.0385166667
8 13.3989 0.0343333333
9 15.3067 0.0308333333
10 17.2135 0.0283000000
11 19.1226 0.0257666667
12 21.0365 0.0239166667
13 22.9455 0.0216000000
14 24.8544 0.0198666667
15 26.7623 0.0182333333
16 28.6703 0.0168833333
17 30.5785 0.0155333333
18 32.4873 0.0143833333
19 34.3940 0.0135500000
20 36.3031 0.0126500000
21 38.2110 0.0116000000
22 40.1194 0.0107000000
23 42.0270 0.0100333333
24 43.9355 0.0090500000
25 45.8443 0.0082500000
26 47.7523 0.0076333333
27 49.6599 0.0070666667
28 51.5677 0.0066500000
29 53.4747 0.0061166667
30 55.3829 0.0056833333
31 57.2900 0.0050500000
32 59.1977 0.0046333333
33 61.1058 0.0041500000
34 63.0127 0.0038500000
35 64.9199 0.0035000000
36 66.8274 0.0031500000
37 68.7339 0.0029166667
38 70.6415 0.0027000000
39 72.5500 0.0024833333
40 74.4576 0.0023000000
41 76.3661 0.0020666667
42 78.2740 0.0018666667
43 80.1809 0.0017500000
44 82.0894 0.0015500000
45 83.9968 0.0013166667
46 85.9057 0.0012166667
47 87.8134 0.0011000000
48 89.7207 0.0009833333
49 91.6274 0.0009500000
50 93.5357 0.0008500000
51 95.4428 0.0007500000
52 97.3505 0.0006833333
53 99.2582 0.0006333333
54 101.1656 0.0006000000
55 103.0741 0.0005666667
56 104.9829 0.0005500000
57 106.8914 0.0004833333
58 108.7998 0.0004500000
59 110.7070 0.0004166667
60 112.6150 0.0004166667
61 114.5216 0.0003833333
62 116.4297 0.0003166667
63 118.3368 0.0003000000
64 120.2439 0.0002666667
65 122.1511 0.0002333333
66 124.0593 0.0002166667
67 125.9662 0.0002166667
68 127.8738 0.0002166667
69 129.7804 0.0001833333
70 131.6885 0.0001666667
71 133.5969 0.0001500000
72 135.5051 0.0001500000
73 137.4121 0.0001333333
74 139.3201 0.0001333333
75 141.2281 0.0001333333
76 143.1355 0.0001333333
77 145.0428 0.0001333333
78 146.9500 0.0001000000
79 148.8584 0.0001000000
80 150.7662 0.0001000000
81 152.6747 0.0000833333
82 154.5834 0.0000666667
83 156.4913 0.0000500000
84 158.3993 0.0000500000
85 160.3068 0.0000500000
86 162.2148 0.0000333333
87 164.1227 0.0000333333
88 166.0314 0.0000333333
89 167.9400 0.0000333333
90 169.8479 0.0000333333
91 171.7547 0.0000166667
92 173.6640 0.0000166667
93 175.5718 0.0000166667
94 177.4800 0.0000166667
95 179.3869 0.0000166667
96 181.2950 0.0000166667
97 183.2020 0.0000166667
98 185.1104 0.0000166667
99 187.0169 0.0000166667
100 188.9252 0.0000166667
101 190.8338 0.0000166667
102 192.7406 0.0000166667
103 194.6484 0.0000166667
104 196.5569 0.0000166667
105 198.4648 0.0000166667
106 200.3714 0.0000166667
107 202.2796 0.0000166667
108 204.1889 0.0000166667
109 206.0960 0.0000166667
110 208.0036 0.0000166667
111 209.9113 0.0000166667
112 211.8187 0.0000166667
113 213.7255 0.0000166667
114 215.6325 0.0000166667
115 217.5390 0.0000166667
116 219.4481 0.0000166667
117 221.3551 0.0000166667
118 223.2640 0.0000166667
119 225.1710 0.0000166667
120 227.0795 0.0000166667
121 228.9871 0.0000166667
122 230.8950 0.0000000000
123 232.8035 0.0000000000
124 234.7113 0.0000000000
125 236.6197 0.0000000000
126 238.5280 0.0000000000
127 240.4361 0.0000000000
128 242.3437 0.0000000000
129 244.2511 0.0000000000
130 246.1583 0.0000000000
131 248.0664 0.0000000000
132 249.9745 0.0000000000
133 251.8824 0.0000000000
134 253.7893 0.0000000000
135 255.6972 0.0000000000
136 257.6041 0.0000000000
137 259.5113 0.0000000000
138 261.4180 0.0000000000
139 263.3252 0.0000000000
140 265.2337 0.0000000000
141 267.1403 0.0000000000
142 269.0480 0.0000000000
143 270.9555 0.0000000000
144 272.8628 0.0000000000
145 274.7693 0.0000000000
146 276.6770 0.0000000000
147 278.5836 0.0000000000
148 280.4910 0.0000000000
149 282.3988 0.0000000000
150 284.3074 0.0000000000
151 286.2150 0.0000000000
152 288.1219 0.0000000000
153 290.0293 0.0000000000
154 291.9361 0.0000000000
155 293.8430 0.0000000000
156 295.7517 0.0000000000
157 297.6609 0.0000000000
158 299.5675 0.0000000000
159 301.4746 0.0000000000
160 303.3815 0.0000000000
161 305.2891 0.0000000000
162 307.1961 0.0000000000
163 309.1021 0.0000000000
164 311.0101 0.0000000000
165 312.9172 0.0000000000
166 314.8247 0.0000000000
167 316.7312 0.0000000000
168 318.6373 0.0000000000
169 320.5442 0.0000000000
170 322.4509 0.0000000000
171 324.3588 0.0000000000
172 326.2658 0.0000000000
173 328.1738 0.0000000000
174 330.0816 0.0000000000
175 331.9894 0.0000000000
176 333.8983 0.0000000000
177 335.8060 0.0000000000
178 337.7133 0.0000000000
179 339.6194 0.0000000000
180 341.5267 0.0000000000
181 343.4356 0.0000000000
182 345.3439 0.0000000000
183 347.2525 0.0000000000
184 349.1492 0.0000000000
185 351.0463 0.0000000000
186 352.9431 0.0000000000
187 354.8390 0.0000000000
188 356.7366 0.0000000000
189 358.6339 0.0000000000
190 360.5311 0.0000000000
191 362.4281 0.0000000000
192 364.3253 0.0000000000
193 366.2217 0.0000000000
194 368.1199 0.0000000000
195 370.0153 0.0000000000
196 371.9122 0.0000000000
197 373.8091 0.0000000000
198 375.7078 0.0000000000
199 377.6039 0.0000000000
200 379.4998 0.0000000000
