1 0.0000 5.8400000000
2 4.3227 4.1900000000
3 8.4104 3.6000000000
4 12.4995 3.4400000000
5 16.5851 3.1800000000
6 20.6675 3.0300000000
7 24.7561 3.0000000000
8 28.8409 2.7900000000
9 32.9270 2.6800000000
10 37.0138 3.0000000000
11 41.0985 2.7500000000
12 45.1844 2.8000000000
13 49.2660 2.6500000000
14 53.3507 2.5200000000
15 57.4347 2.5900000000
16 61.5196 2.5100000000
17 65.6037 2.6400000000
18 69.6869 2.6400000000
19 73.7686 2.4900000000
20 77.8504 2.3900000000
21 81.9334 2.5200000000
22 86.0175 2.3400000000
23 90.0990 2.2300000000
24 94.1849 2.3500000000
25 98.2653 2.2200000000
26 102.3501 2.3800000000
27 106.4333 2.3200000000
28 110.5137 2.0400000000
29 114.5959 2.2500000000
30 118.6815 2.3600000000
31 122.7620 2.3500000000
32 126.8447 2.2400000000
33 130.9261 2.1800000000
34 135.0093 2.2500000000
35 139.0915 2.3700000000
36 143.1737 2.1700000000
37 147.2563 2.1600000000
38 151.3387 2.0300000000
39 155.4212 2.2300000000
40 159.5065 2.1100000000
41 163.5890 2.1500000000
42 167.6710 2.1600000000
43 171.7530 2.1900000000
44 175.8356 2.0400000000
45 179.9184 2.1100000000
46 184.0020 2.2000000000
47 188.0855 2.1900000000
48 192.1706 2.2400000000
49 196.2514 2.2000000000
50 200.3381 2.1200000000
51 204.4286 2.0700000000
52 208.5151 2.1400000000
53 212.6014 2.0500000000
54 216.6884 2.1800000000
55 220.7755 2.0200000000
56 224.8610 2.0200000000
57 228.9463 2.1100000000
58 233.0317 1.9900000000
59 237.1180 2.1800000000
60 241.1997 2.3200000000
61 245.2881 2.0600000000
62 249.3720 2.1000000000
63 253.4570 2.0300000000
64 257.5410 2.2600000000
65 261.6247 1.8700000000
66 265.7100 2.0100000000
67 269.7953 2.1100000000
68 273.8836 2.0100000000
69 277.9719 2.2200000000
70 282.0580 2.1300000000
71 286.1437 2.0800000000
72 290.2310 1.9900000000
73 294.3162 1.9900000000
74 298.4038 1.9500000000
75 302.4908 2.0600000000
76 306.5767 2.1500000000
77 310.6620 2.0600000000
78 314.7437 1.9700000000
79 318.8286 2.0100000000
80 322.9137 2.0100000000
81 326.9972 2.1000000000
82 331.0831 2.0600000000
83 335.1694 2.1500000000
84 339.2567 2.0500000000
85 343.3433 2.2700000000
86 347.4308 1.9700000000
87 351.5168 1.9600000000
88 355.6031 2.0900000000
89 359.6881 1.8800000000
90 363.7730 2.0700000000
91 367.8581 1.9200000000
92 371.9421 2.0100000000
93 376.0297 1.9100000000
94 380.1150 1.9000000000
95 384.2010 2.0100000000
96 388.2863 1.8700000000
97 392.3759 1.9300000000
98 396.5174 1.8000000000
99 400.6114 2.0400000000
100 404.7068 1.9100000000
101 408.8382 1.9400000000
102 412.9367 1.9700000000
103 417.0336 2.0400000000
104 421.1308 1.8800000000
105 425.2200 1.9200000000
106 429.3142 1.9100000000
107 433.4082 1.9800000000
108 437.5028 2.0000000000
109 441.5954 1.9700000000
110 445.6897 1.9200000000
111 449.7812 1.9600000000
112 453.8769 1.9000000000
113 457.9708 2.0100000000
114 462.0674 1.9800000000
115 466.1609 2.0200000000
116 470.2581 1.8700000000
117 474.3558 2.0500000000
118 478.4479 1.9700000000
119 482.5356 2.1800000000
120 486.6231 1.9600000000
121 490.7090 1.8600000000
122 494.7968 1.8700000000
123 498.8824 1.8800000000
124 502.9684 1.8400000000
125 507.0550 1.8900000000
126 511.1401 2.0000000000
127 515.2270 1.9700000000
128 519.3136 2.0400000000
129 523.3968 1.8500000000
130 527.4822 2.0200000000
131 531.5675 1.9200000000
132 535.6540 1.9000000000
133 539.7395 1.8400000000
134 543.8243 1.7900000000
135 547.9100 1.8100000000
136 551.9958 1.7000000000
137 556.0821 1.8100000000
138 560.1671 1.9200000000
139 564.2530 1.8600000000
140 568.3401 1.9900000000
141 572.4241 1.8700000000
142 576.5109 1.8700000000
143 580.5963 1.8000000000
144 584.6808 1.8900000000
145 588.7669 1.8100000000
146 592.8530 1.8700000000
147 596.9360 1.9700000000
148 601.0213 1.8400000000
149 605.1057 1.8500000000
150 609.1896 1.9100000000
151 613.2743 1.7600000000
152 617.3594 1.8700000000
153 621.4433 1.8000000000
154 625.5289 1.8800000000
155 629.6133 1.8000000000
156 633.6996 1.9800000000
157 637.7822 2.0500000000
158 641.8677 1.9400000000
159 645.9520 1.8200000000
160 650.0377 1.8900000000
161 654.1239 1.8000000000
162 658.2093 1.9400000000
163 662.2951 1.7900000000
164 666.3827 1.7400000000
165 670.4688 1.7800000000
166 674.5536 1.9200000000
167 678.6383 1.9700000000
168 682.7240 1.8400000000
169 686.8102 1.9600000000
170 690.8957 1.9900000000
171 695.0288 1.9600000000
172 699.1470 1.8700000000
173 703.2322 1.8500000000
174 707.3177 1.8000000000
175 711.4025 1.9400000000
176 715.4872 1.9200000000
177 719.5755 1.7800000000
178 723.6617 1.8400000000
179 727.7470 1.9900000000
180 731.8318 1.8900000000
181 735.9175 1.7800000000
182 740.0027 1.8000000000
183 744.0863 1.8600000000
184 748.1749 2.0300000000
185 752.2681 1.8900000000
186 756.3562 1.9600000000
187 760.4439 1.9400000000
188 764.5307 1.9800000000
189 768.6194 1.8700000000
190 772.7103 1.8400000000
191 776.8001 1.9400000000
192 780.8993 1.9100000000
193 785.0006 1.7700000000
194 789.0970 1.7900000000
195 793.1884 1.8500000000
196 797.2862 1.9700000000
197 801.3810 1.8100000000
198 805.4763 1.7100000000
199 809.5710 1.9500000000
200 813.6703 1.8700000000
