1 0.0000 0.0832333333
2 4.3227 0.0444833333
3 8.4104 0.0366000000
4 12.4995 0.0321000000
5 16.5851 0.0288666667
6 20.6675 0.0266833333
7 24.7561 0.0262333333
8 28.8409 0.0247166667
9 32.9270 0.0237666667
10 37.0138 0.0224166667
11 41.0985 0.0218666667
12 45.1844 0.0208666667
13 49.2660 0.0206000000
14 53.3507 0.0197500000
15 57.4347 0.0193833333
16 61.5196 0.0189333333
17 65.6037 0.0185333333
18 69.6869 0.0176000000
19 73.7686 0.0174000000
20 77.8504 0.0174166667
21 81.9334 0.0175333333
22 86.0175 0.0165500000
23 90.0990 0.0158333333
24 94.1849 0.0166166667
25 98.2653 0.0160333333
26 102.3501 0.0149000000
27 106.4333 0.0154166667
28 110.5137 0.0152166667
29 114.5959 0.0151833333
30 118.6815 0.0148666667
31 122.7620 0.0145333333
32 126.8447 0.0141166667
33 130.9261 0.0141833333
34 135.0093 0.0134000000
35 139.0915 0.0139166667
36 143.1737 0.0133666667
37 147.2563 0.0135333333
38 151.3387 0.0134000000
39 155.4212 0.0129000000
40 159.5065 0.0129500000
41 163.5890 0.0125500000
42 167.6710 0.0129666667
43 171.7530 0.0126166667
44 175.8356 0.0125666667
45 179.9184 0.0124000000
46 184.0020 0.0119000000
47 188.0855 0.0122000000
48 192.1706 0.0113333333
49 196.2514 0.0114166667
50 200.3381 0.0116166667
51 204.4286 0.0116000000
52 208.5151 0.0115000000
53 212.6014 0.0116000000
54 216.6884 0.0114666667
55 220.7755 0.0117000000
56 224.8610 0.0111333333
57 228.9463 0.0111000000
58 233.0317 0.0109666667
59 237.1180 0.0107333333
60 241.1997 0.0114333333
61 245.2881 0.0103166667
62 249.3720 0.0106500000
63 253.4570 0.0102666667
64 257.5410 0.0102666667
65 261.6247 0.0102333333
66 265.7100 0.0099000000
67 269.7953 0.0105000000
68 273.8836 0.0100833333
69 277.9719 0.0100166667
70 282.0580 0.0100333333
71 286.1437 0.0101333333
72 290.2310 0.0098666667
73 294.3162 0.0097166667
74 298.4038 0.0096500000
75 302.4908 0.0094166667
76 306.5767 0.0094333333
77 310.6620 0.0095333333
78 314.7437 0.0091666667
79 318.8286 0.0092333333
80 322.9137 0.0094166667
81 326.9972 0.0092500000
82 331.0831 0.0094666667
83 335.1694 0.0096666667
84 339.2567 0.0093500000
85 343.3433 0.0086833333
86 347.4308 0.0089333333
87 351.5168 0.0091333333
88 355.6031 0.0086500000
89 359.6881 0.0089666667
90 363.7730 0.0084166667
91 367.8581 0.0083833333
92 371.9421 0.0091166667
93 376.0297 0.0086333333
94 380.1150 0.0086333333
95 384.2010 0.0086666667
96 388.2863 0.0083333333
97 392.3759 0.0084000000
98 396.5174 0.0081666667
99 400.6114 0.0083000000
100 404.7068 0.0081500000
101 408.8382 0.0079833333
102 412.9367 0.0082333333
103 417.0336 0.0086000000
104 421.1308 0.0085000000
105 425.2200 0.0084333333
106 429.3142 0.0083333333
107 433.4082 0.0082000000
108 437.5028 0.0078333333
109 441.5954 0.0079166667
110 445.6897 0.0078500000
111 449.7812 0.0079666667
112 453.8769 0.0079000000
113 457.9708 0.0076000000
114 462.0674 0.0076833333
115 466.1609 0.0078000000
116 470.2581 0.0075000000
117 474.3558 0.0078833333
118 478.4479 0.0074000000
119 482.5356 0.0072833333
120 486.6231 0.0073666667
121 490.7090 0.0074000000
122 494.7968 0.0076166667
123 498.8824 0.0077166667
124 502.9684 0.0074166667
125 507.0550 0.0076833333
126 511.1401 0.0075333333
127 515.2270 0.0071666667
128 519.3136 0.0072500000
129 523.3968 0.0073333333
130 527.4822 0.0072666667
131 531.5675 0.0073000000
132 535.6540 0.0075000000
133 539.7395 0.0068833333
134 543.8243 0.0071833333
135 547.9100 0.0073333333
136 551.9958 0.0070166667
137 556.0821 0.0072833333
138 560.1671 0.0069000000
139 564.2530 0.0067000000
140 568.3401 0.0067333333
141 572.4241 0.0066000000
142 576.5109 0.0070333333
143 580.5963 0.0068000000
144 584.6808 0.0071666667
145 588.7669 0.0070500000
146 592.8530 0.0066166667
147 596.9360 0.0068833333
148 601.0213 0.0066833333
149 605.1057 0.0069500000
150 609.1896 0.0067000000
151 613.2743 0.0067833333
152 617.3594 0.0066333333
153 621.4433 0.0062000000
154 625.5289 0.0070500000
155 629.6133 0.0062000000
156 633.6996 0.0068166667
157 637.7822 0.0067166667
158 641.8677 0.0064666667
159 645.9520 0.0068166667
160 650.0377 0.0064833333
161 654.1239 0.0067666667
162 658.2093 0.0067666667
163 662.2951 0.0064000000
164 666.3827 0.0060666667
165 670.4688 0.0064166667
166 674.5536 0.0065166667
167 678.6383 0.0064833333
168 682.7240 0.0062500000
169 686.8102 0.0063500000
170 690.8957 0.0058833333
171 695.0288 0.0062833333
172 699.1470 0.0060666667
173 703.2322 0.0060500000
174 707.3177 0.0061333333
175 711.4025 0.0063833333
176 715.4872 0.0062000000
177 719.5755 0.0064833333
178 723.6617 0.0061500000
179 727.7470 0.0058500000
180 731.8318 0.0061833333
181 735.9175 0.0060166667
182 740.0027 0.0061500000
183 744.0863 0.0056166667
184 748.1749 0.0060666667
185 752.2681 0.0058666667
186 756.3562 0.0059166667
187 760.4439 0.0063333333
188 764.5307 0.0061166667
189 768.6194 0.0057166667
190 772.7103 0.0062833333
191 776.8001 0.0061500000
192 780.8993 0.0063833333
193 785.0006 0.0058666667
194 789.0970 0.0060833333
195 793.1884 0.0055666667
196 797.2862 0.0055666667
197 801.3810 0.0057333333
198 805.4763 0.0059500000
199 809.5710 0.0058333333
200 813.6703 0.0058666667
