1 0.0000 4.9300000000
2 1.9294 3.7800000000
3 3.8518 3.3800000000
4 5.7742 3.1600000000
5 7.6955 3.0500000000
6 9.6162 2.9600000000
7 11.5557 2.9400000000
8 13.4776 2.8100000000
9 15.3994 2.8300000000
10 17.3220 2.7800000000
11 19.2424 2.7600000000
12 21.1634 2.7500000000
13 23.0841 2.7300000000
14 25.0050 2.7200000000
15 26.9256 2.7000000000
16 28.8507 2.6600000000
17 30.7765 2.6700000000
18 32.6974 2.6600000000
19 34.6183 2.6300000000
20 36.5392 2.6400000000
21 38.4589 2.6300000000
22 40.3784 2.6400000000
23 42.2972 2.6300000000
24 44.2167 2.6500000000
25 46.1383 2.6300000000
26 48.0564 2.6600000000
27 49.9750 2.6600000000
28 51.8949 2.6600000000
29 53.8137 2.6700000000
30 55.7328 2.6800000000
31 57.6552 2.6800000000
32 59.5790 2.6800000000
33 61.4993 2.6500000000
34 63.4218 2.6700000000
35 65.3408 2.6500000000
36 67.2617 2.6600000000
37 69.1822 2.6400000000
38 71.1027 2.6600000000
39 73.0233 2.6400000000
40 74.9438 2.6500000000
41 76.8633 2.6400000000
42 78.7830 2.6300000000
43 80.7132 2.6400000000
44 82.6600 2.6400000000
45 84.5876 2.6300000000
46 86.5087 2.6500000000
47 88.4297 2.6200000000
48 90.3496 2.6200000000
49 92.2697 2.6700000000
50 94.1892 2.6200000000
51 96.1080 2.6400000000
52 98.0272 2.6400000000
53 99.9464 2.6600000000
54 101.8641 2.6500000000
55 103.7835 2.6400000000
56 105.7027 2.6400000000
57 107.6232 2.6300000000
58 109.5474 2.6700000000
59 111.4684 2.6500000000
60 113.3880 2.6100000000
61 115.3064 2.6300000000
62 117.2260 2.6200000000
63 119.1447 2.6100000000
64 121.0650 2.6300000000
65 122.9837 2.6600000000
66 124.9036 2.6300000000
67 126.8233 2.6500000000
68 128.7444 2.6100000000
69 130.6665 2.6500000000
70 132.5951 2.6300000000
71 134.5140 2.6500000000
72 136.4338 2.6200000000
73 138.3530 2.6100000000
74 140.2733 2.6600000000
75 142.1926 2.6200000000
76 144.1125 2.6200000000
77 146.0304 2.6100000000
78 147.9494 2.5900000000
79 149.8673 2.6000000000
80 151.7877 2.6500000000
81 153.7104 2.6200000000
82 155.6459 2.6100000000
83 157.5683 2.5800000000
84 159.4899 2.6200000000
85 161.4113 2.6100000000
86 163.3342 2.6200000000
87 165.2558 2.6000000000
88 167.1770 2.6100000000
89 169.0973 2.6100000000
90 171.0183 2.5400000000
91 172.9388 2.5600000000
92 174.8592 2.5600000000
93 176.7824 2.6000000000
94 178.7065 2.5600000000
95 180.6274 2.5800000000
96 182.5457 2.5600000000
97 184.4647 2.6000000000
98 186.3844 2.5800000000
99 188.3037 2.5400000000
100 190.2243 2.6000000000
101 192.1677 2.5500000000
102 194.0884 2.5500000000
103 196.0070 2.5500000000
104 197.9288 2.5600000000
105 199.8506 2.5200000000
106 201.7725 2.5600000000
107 203.6924 2.5200000000
108 205.6134 2.5200000000
109 207.5322 2.5100000000
110 209.4516 2.5300000000
111 211.3700 2.5300000000
112 213.2894 2.5200000000
113 215.2088 2.5300000000
114 217.1284 2.5200000000
115 219.0484 2.5200000000
116 220.9688 2.5100000000
117 222.8876 2.5200000000
118 224.8070 2.5000000000
119 226.7257 2.5100000000
120 228.6478 2.5100000000
121 230.5747 2.5200000000
122 232.4968 2.5100000000
123 234.4174 2.5000000000
124 236.3399 2.5300000000
125 238.2600 2.5400000000
126 240.1812 2.5100000000
127 242.1027 2.5200000000
128 244.0238 2.5000000000
129 245.9440 2.5000000000
130 247.8651 2.5100000000
131 249.7854 2.5200000000
132 251.7068 2.5000000000
133 253.6288 2.4900000000
134 255.5499 2.5200000000
135 257.4697 2.5100000000
136 259.3928 2.5300000000
137 261.3283 2.5200000000
138 263.2559 2.4900000000
139 265.1770 2.5100000000
140 267.0980 2.5300000000
141 269.0180 2.5200000000
142 270.9388 2.4900000000
143 272.8604 2.5100000000
144 274.7846 2.5100000000
145 276.7070 2.5200000000
146 278.6268 2.5200000000
147 280.5457 2.5000000000
148 282.4644 2.5000000000
149 284.3838 2.4900000000
150 286.3030 2.5100000000
151 288.2211 2.5000000000
152 290.1429 2.5200000000
153 292.0684 2.5000000000
154 293.9883 2.5000000000
155 295.9088 2.4900000000
156 297.8305 2.5200000000
157 299.7523 2.5200000000
158 301.6730 2.5000000000
159 303.5921 2.5000000000
160 305.5121 2.5000000000
161 307.4317 2.4800000000
162 309.3517 2.5100000000
163 311.2700 2.5300000000
164 313.1900 2.4900000000
165 315.1096 2.5400000000
166 317.0296 2.4600000000
167 318.9481 2.4800000000
168 320.8679 2.5000000000
169 322.7880 2.4600000000
170 324.7078 2.4800000000
171 326.6294 2.4900000000
172 328.5505 2.5100000000
173 330.4704 2.4800000000
174 332.4113 2.5000000000
175 334.3313 2.5000000000
176 336.2527 2.4900000000
177 338.1725 2.5100000000
178 340.0923 2.4900000000
179 342.0125 2.5100000000
180 343.9327 2.5000000000
181 345.8523 2.4800000000
182 347.7718 2.5000000000
183 349.6931 2.4700000000
184 351.6133 2.4900000000
185 353.5330 2.5000000000
186 355.4537 2.4800000000
187 357.3721 2.4900000000
188 359.2910 2.4600000000
189 361.2118 2.5000000000
190 363.1321 2.4900000000
191 365.0508 2.4700000000
192 366.9911 2.4700000000
193 368.9110 2.4900000000
194 370.8309 2.4900000000
195 372.7494 2.5000000000
196 374.6684 2.4900000000
197 376.5861 2.5100000000
198 378.5053 2.5000000000
199 380.4247 2.4600000000
200 382.3451 2.5200000000
