1 0.0000 0.0727000000
2 1.9294 0.0358166667
3 3.8518 0.0270166667
4 5.7742 0.0230500000
5 7.6955 0.0205500000
6 9.6162 0.0191666667
7 11.5557 0.0181000000
8 13.4776 0.0176333333
9 15.3994 0.0170666667
10 17.3220 0.0165333333
11 19.2424 0.0161833333
12 21.1634 0.0160000000
13 23.0841 0.0158833333
14 25.0050 0.0155833333
15 26.9256 0.0155166667
16 28.8507 0.0152833333
17 30.7765 0.0151166667
18 32.6974 0.0151500000
19 34.6183 0.0150000000
20 36.5392 0.0147833333
21 38.4589 0.0149333333
22 40.3784 0.0148166667
23 42.2972 0.0147166667
24 44.2167 0.0146000000
25 46.1383 0.0145666667
26 48.0564 0.0144833333
27 49.9750 0.0144000000
28 51.8949 0.0144000000
29 53.8137 0.0143166667
30 55.7328 0.0143666667
31 57.6552 0.0142000000
32 59.5790 0.0141500000
33 61.4993 0.0143166667
34 63.4218 0.0142666667
35 65.3408 0.0141333333
36 67.2617 0.0142000000
37 69.1822 0.0141500000
38 71.1027 0.0141000000
39 73.0233 0.0140666667
40 74.9438 0.0141500000
41 76.8633 0.0141166667
42 78.7830 0.0140833333
43 80.7132 0.0140333333
44 82.6600 0.0140666667
45 84.5876 0.0140833333
46 86.5087 0.0140666667
47 88.4297 0.0140000000
48 90.3496 0.0139000000
49 92.2697 0.0140833333
50 94.1892 0.0140166667
51 96.1080 0.0140000000
52 98.0272 0.0138666667
53 99.9464 0.0139500000
54 101.8641 0.0140166667
55 103.7835 0.0140333333
56 105.7027 0.0140000000
57 107.6232 0.0139666667
58 109.5474 0.0139166667
59 111.4684 0.0140000000
60 113.3880 0.0138833333
61 115.3064 0.0140666667
62 117.2260 0.0139000000
63 119.1447 0.0138666667
64 121.0650 0.0139666667
65 122.9837 0.0138666667
66 124.9036 0.0138500000
67 126.8233 0.0139333333
68 128.7444 0.0138833333
69 130.6665 0.0137666667
70 132.5951 0.0138333333
71 134.5140 0.0138000000
72 136.4338 0.0139166667
73 138.3530 0.0138500000
74 140.2733 0.0137000000
75 142.1926 0.0138333333
76 144.1125 0.0137166667
77 146.0304 0.0139500000
78 147.9494 0.0138833333
79 149.8673 0.0137333333
80 151.7877 0.0136500000
81 153.7104 0.0137500000
82 155.6459 0.0137166667
83 157.5683 0.0137333333
84 159.4899 0.0137666667
85 161.4113 0.0137833333
86 163.3342 0.0137333333
87 165.2558 0.0137000000
88 167.1770 0.0136166667
89 169.0973 0.0136500000
90 171.0183 0.0136333333
91 172.9388 0.0136833333
92 174.8592 0.0136166667
93 176.7824 0.0135666667
94 178.7065 0.0136333333
95 180.6274 0.0136166667
96 182.5457 0.0135833333
97 184.4647 0.0135666667
98 186.3844 0.0136166667
99 188.3037 0.0137000000
100 190.2243 0.0135666667
101 192.1677 0.0135333333
102 194.0884 0.0135500000
103 196.0070 0.0135333333
104 197.9288 0.0135500000
105 199.8506 0.0135166667
106 201.7725 0.0136166667
107 203.6924 0.0135500000
108 205.6134 0.0135666667
109 207.5322 0.0135666667
110 209.4516 0.0135000000
111 211.3700 0.0134666667
112 213.2894 0.0135000000
113 215.2088 0.0133500000
114 217.1284 0.0134666667
115 219.0484 0.0134833333
116 220.9688 0.0133833333
117 222.8876 0.0135166667
118 224.8070 0.0134333333
119 226.7257 0.0135166667
120 228.6478 0.0135166667
121 230.5747 0.0134333333
122 232.4968 0.0134833333
123 234.4174 0.0134833333
124 236.3399 0.0136000000
125 238.2600 0.0135166667
126 240.1812 0.0134833333
127 242.1027 0.0133833333
128 244.0238 0.0134500000
129 245.9440 0.0135666667
130 247.8651 0.0134666667
131 249.7854 0.0134833333
132 251.7068 0.0135000000
133 253.6288 0.0135166667
134 255.5499 0.0133166667
135 257.4697 0.0135500000
136 259.3928 0.0134666667
137 261.3283 0.0135000000
138 263.2559 0.0134833333
139 265.1770 0.0134666667
140 267.0980 0.0134666667
141 269.0180 0.0135000000
142 270.9388 0.0133666667
143 272.8604 0.0135500000
144 274.7846 0.0134166667
145 276.7070 0.0135500000
146 278.6268 0.0134666667
147 280.5457 0.0134833333
148 282.4644 0.0134500000
149 284.3838 0.0133833333
150 286.3030 0.0134333333
151 288.2211 0.0134666667
152 290.1429 0.0134166667
153 292.0684 0.0135000000
154 293.9883 0.0135333333
155 295.9088 0.0134666667
156 297.8305 0.0134166667
157 299.7523 0.0134500000
158 301.6730 0.0135166667
159 303.5921 0.0134166667
160 305.5121 0.0135166667
161 307.4317 0.0134833333
162 309.3517 0.0134666667
163 311.2700 0.0135000000
164 313.1900 0.0134833333
165 315.1096 0.0133666667
166 317.0296 0.0133833333
167 318.9481 0.0135000000
168 320.8679 0.0133833333
169 322.7880 0.0135000000
170 324.7078 0.0134666667
171 326.6294 0.0134833333
172 328.5505 0.0134833333
173 330.4704 0.0134666667
174 332.4113 0.0135166667
175 334.3313 0.0133833333
176 336.2527 0.0135333333
177 338.1725 0.0134666667
178 340.0923 0.0134333333
179 342.0125 0.0134333333
180 343.9327 0.0134333333
181 345.8523 0.0136000000
182 347.7718 0.0134666667
183 349.6931 0.0134333333
184 351.6133 0.0133500000
185 353.5330 0.0133166667
186 355.4537 0.0134333333
187 357.3721 0.0134000000
188 359.2910 0.0133666667
189 361.2118 0.0133000000
190 363.1321 0.0133833333
191 365.0508 0.0133333333
192 366.9911 0.0135000000
193 368.9110 0.0134166667
194 370.8309 0.0134000000
195 372.7494 0.0133000000
196 374.6684 0.0134000000
197 376.5861 0.0133500000
198 378.5053 0.0133666667
199 380.4247 0.0133833333
200 382.3451 0.0133500000
