1 0.0000 8.0900000000
2 1.9276 5.1400000000
3 3.8421 4.0800000000
4 5.7580 3.5700000000
5 7.6739 3.0900000000
6 9.5896 2.8000000000
7 11.5067 2.7300000000
8 13.4251 2.6600000000
9 15.3427 2.5800000000
10 17.2614 2.5400000000
11 19.1810 2.5000000000
12 21.0980 2.4000000000
13 23.0158 2.3200000000
14 24.9330 2.3200000000
15 26.8493 2.2200000000
16 28.7661 2.2500000000
17 30.6816 2.2100000000
18 32.5988 2.1900000000
19 34.5157 2.1500000000
20 36.4317 2.1300000000
21 38.3465 2.1000000000
22 40.2629 2.1000000000
23 42.1800 2.1100000000
24 44.0971 2.0800000000
25 46.0134 1.9900000000
26 47.9308 1.9700000000
27 49.8474 1.9500000000
28 51.7624 1.9100000000
29 53.6776 1.8800000000
30 55.5938 1.8700000000
31 57.5086 1.8500000000
32 59.4247 1.8400000000
33 61.3405 1.8300000000
34 63.2570 1.8200000000
35 65.1721 1.8000000000
36 67.0888 1.7700000000
37 69.0037 1.7700000000
38 70.9202 1.7600000000
39 72.8354 1.7500000000
40 74.7517 1.7600000000
41 76.6675 1.7700000000
42 78.5837 1.7700000000
43 80.4999 1.7500000000
44 82.4173 1.7400000000
45 84.3321 1.7500000000
46 86.2478 1.7400000000
47 88.1638 1.7400000000
48 90.0798 1.7200000000
49 91.9952 1.7100000000
50 93.9121 1.7100000000
51 95.8271 1.7100000000
52 97.7435 1.7100000000
53 99.6591 1.7100000000
54 101.5748 1.7100000000
55 103.4904 1.7100000000
56 105.4077 1.7000000000
57 107.3220 1.6900000000
58 109.2381 1.7000000000
59 111.1530 1.7000000000
60 113.0690 1.7000000000
61 114.9855 1.7100000000
62 116.9013 1.7100000000
63 118.8171 1.7100000000
64 120.7318 1.7100000000
65 122.6484 1.7100000000
66 124.5641 1.7000000000
67 126.4804 1.7000000000
68 128.3978 1.7100000000
69 130.3146 1.7000000000
70 132.2304 1.7000000000
71 134.1455 1.7000000000
72 136.0612 1.7000000000
73 137.9772 1.7000000000
74 139.8931 1.7000000000
75 141.8088 1.7000000000
76 143.7243 1.7000000000
77 145.6401 1.7000000000
78 147.5561 1.7000000000
79 149.4734 1.7000000000
80 151.3890 1.7000000000
81 153.3056 1.7000000000
82 155.2219 1.7000000000
83 157.1380 1.7000000000
84 159.0544 1.7000000000
85 160.9693 1.7000000000
86 162.8851 1.6900000000
87 164.8021 1.6900000000
88 166.7185 1.6900000000
89 168.6333 1.6900000000
90 170.5500 1.6900000000
91 172.4664 1.6900000000
92 174.3829 1.6900000000
93 176.2974 1.6900000000
94 178.2132 1.7000000000
95 180.1288 1.7000000000
96 182.0441 1.7000000000
97 183.9596 1.7000000000
98 185.8765 1.7000000000
99 187.8039 1.7000000000
100 189.7238 1.7000000000
101 191.6422 1.7100000000
102 193.5609 1.7100000000
103 195.4794 1.7100000000
104 197.3987 1.7100000000
105 199.3155 1.7100000000
106 201.2344 1.7100000000
107 203.1515 1.7100000000
108 205.0689 1.7100000000
109 206.9857 1.7100000000
110 208.9037 1.7000000000
111 210.8209 1.7000000000
112 212.7384 1.7000000000
113 214.6550 1.7000000000
114 216.5727 1.7000000000
115 218.4900 1.7000000000
116 220.4077 1.7000000000
117 222.3254 1.7000000000
118 224.2434 1.7000000000
119 226.1616 1.7000000000
120 228.0788 1.7000000000
121 229.9964 1.7100000000
122 231.9157 1.7100000000
123 233.8338 1.7100000000
124 235.7501 1.7100000000
125 237.6684 1.7100000000
126 239.5857 1.7100000000
127 241.5035 1.7100000000
128 243.4201 1.7100000000
129 245.3370 1.7100000000
130 247.2551 1.7100000000
131 249.1721 1.7200000000
132 251.0893 1.7200000000
133 253.0053 1.7100000000
134 254.9236 1.7100000000
135 256.8407 1.7100000000
136 258.7581 1.7100000000
137 260.6755 1.7100000000
138 262.5934 1.7100000000
139 264.5101 1.7100000000
140 266.4279 1.7100000000
141 268.3451 1.7100000000
142 270.2631 1.7100000000
143 272.1803 1.7100000000
144 274.0968 1.7100000000
145 276.0134 1.7100000000
146 277.9298 1.7100000000
147 279.8457 1.7100000000
148 281.7622 1.7100000000
149 283.6776 1.7100000000
150 285.5955 1.7100000000
151 287.5118 1.7100000000
152 289.4290 1.7100000000
153 291.3461 1.7100000000
154 293.2635 1.7100000000
155 295.1805 1.7100000000
156 297.0979 1.7100000000
157 299.0157 1.7100000000
158 300.9328 1.7100000000
159 302.8505 1.7100000000
160 304.7677 1.7000000000
161 306.6867 1.7000000000
162 308.6033 1.7000000000
163 310.5215 1.7000000000
164 312.4391 1.7000000000
165 314.3561 1.7000000000
166 316.2732 1.7000000000
167 318.1894 1.7000000000
168 320.1070 1.7000000000
169 322.0240 1.6900000000
170 323.9401 1.6900000000
171 325.8571 1.6900000000
172 327.7741 1.6900000000
173 329.6915 1.6900000000
174 331.6092 1.6900000000
175 333.5256 1.6900000000
176 335.4419 1.6900000000
177 337.3582 1.6900000000
178 339.2755 1.6900000000
179 341.1924 1.6900000000
180 343.1095 1.6900000000
181 345.0257 1.7000000000
182 346.9433 1.7000000000
183 348.8599 1.7000000000
184 350.7761 1.7000000000
185 352.6936 1.7000000000
186 354.6107 1.7000000000
187 356.5264 1.7000000000
188 358.4450 1.7000000000
189 360.3622 1.7000000000
190 362.2793 1.7000000000
191 364.1968 1.7000000000
192 366.1141 1.7000000000
193 368.0315 1.7000000000
194 369.9484 1.7000000000
195 371.8670 1.7000000000
196 373.7839 1.7000000000
197 375.7007 1.7000000000
198 377.6177 1.7000000000
199 379.5347 1.7000000000
200 381.4531 1.7000000000
