1 0.0000 4.7100000000
2 1.9264 3.3600000000
3 3.8472 2.9500000000
4 5.7654 2.5600000000
5 7.6834 2.4800000000
6 9.5996 2.3900000000
7 11.5148 2.3000000000
8 13.4302 2.2500000000
9 15.3457 2.2100000000
10 17.2762 2.1700000000
11 19.2234 2.1600000000
12 21.1560 2.1100000000
13 23.0722 2.0500000000
14 24.9869 2.1000000000
15 26.9060 2.0500000000
16 28.8242 2.0600000000
17 30.7403 2.0300000000
18 32.6561 2.0300000000
19 34.5718 2.0000000000
20 36.4870 2.0300000000
21 38.4031 1.9900000000
22 40.3194 1.9800000000
23 42.2346 1.9800000000
24 44.1509 1.9100000000
25 46.0670 1.9300000000
26 47.9820 1.8700000000
27 49.9009 1.8800000000
28 51.8217 1.8200000000
29 53.7404 1.8400000000
30 55.6610 1.8400000000
31 57.5810 1.8500000000
32 59.4978 1.8000000000
33 61.4153 1.8200000000
34 63.3369 1.8200000000
35 65.2591 1.7800000000
36 67.1767 1.7700000000
37 69.0941 1.7700000000
38 71.0103 1.7900000000
39 72.9265 1.8000000000
40 74.8455 1.7500000000
41 76.7677 1.8000000000
42 78.6981 1.7500000000
43 80.6410 1.7700000000
44 82.5596 1.7900000000
45 84.4765 1.7700000000
46 86.3959 1.8100000000
47 88.3133 1.7400000000
48 90.2308 1.7700000000
49 92.1477 1.8000000000
50 94.0653 1.7700000000
51 95.9823 1.7700000000
52 97.8991 1.7800000000
53 99.8153 1.7800000000
54 101.7327 1.7600000000
55 103.6484 1.8000000000
56 105.5654 1.8000000000
57 107.4814 1.7700000000
58 109.3998 1.8000000000
59 111.3173 1.7700000000
60 113.2356 1.8100000000
61 115.1531 1.7900000000
62 117.0692 1.7900000000
63 118.9865 1.8100000000
64 120.9038 1.7900000000
65 122.8199 1.8100000000
66 124.7382 1.8200000000
67 126.6558 1.8000000000
68 128.5725 1.8100000000
69 130.4886 1.8000000000
70 132.4058 1.8000000000
71 134.3223 1.7900000000
72 136.2397 1.8000000000
73 138.1574 1.8000000000
74 140.0749 1.8000000000
75 141.9917 1.8000000000
76 143.9206 1.7900000000
77 145.8369 1.7900000000
78 147.7539 1.7700000000
79 149.6720 1.7900000000
80 151.5887 1.7800000000
81 153.5055 1.7900000000
82 155.4231 1.7700000000
83 157.3401 1.7800000000
84 159.2580 1.8000000000
85 161.1762 1.7700000000
86 163.0932 1.7900000000
87 165.0098 1.7500000000
88 166.9268 1.7600000000
89 168.8437 1.7900000000
90 170.7594 1.7400000000
91 172.6753 1.7700000000
92 174.5926 1.7500000000
93 176.5104 1.7700000000
94 178.4278 1.7300000000
95 180.3440 1.7400000000
96 182.2715 1.7500000000
97 184.1984 1.7700000000
98 186.1170 1.7400000000
99 188.0334 1.7400000000
100 189.9514 1.7600000000
101 191.8671 1.7200000000
102 193.7849 1.7800000000
103 195.7010 1.7500000000
104 197.6196 1.7500000000
105 199.5357 1.7600000000
106 201.4532 1.7700000000
107 203.3721 1.7400000000
108 205.2892 1.7500000000
109 207.2061 1.7700000000
110 209.1229 1.7300000000
111 211.0404 1.7600000000
112 212.9614 1.7500000000
113 214.8773 1.7700000000
114 216.7941 1.7300000000
115 218.7102 1.7400000000
116 220.6274 1.7300000000
117 222.5433 1.7200000000
118 224.4611 1.7200000000
119 226.3774 1.7200000000
120 228.2940 1.7300000000
121 230.2104 1.7200000000
122 232.1272 1.7300000000
123 234.0442 1.7200000000
124 235.9609 1.7200000000
125 237.8766 1.7200000000
126 239.7930 1.7300000000
127 241.7095 1.7200000000
128 243.6257 1.7200000000
129 245.5428 1.7200000000
130 247.4599 1.7200000000
131 249.3762 1.7300000000
132 251.2928 1.7300000000
133 253.2093 1.7300000000
134 255.1268 1.7200000000
135 257.0453 1.7300000000
136 258.9613 1.7200000000
137 260.8773 1.7100000000
138 262.7940 1.7200000000
139 264.7107 1.7300000000
140 266.6271 1.7100000000
141 268.5433 1.7100000000
142 270.4593 1.7300000000
143 272.3743 1.7200000000
144 274.2905 1.7400000000
145 276.2070 1.7300000000
146 278.1241 1.7100000000
147 280.0406 1.7300000000
148 281.9573 1.7200000000
149 283.8747 1.7000000000
150 285.7923 1.7300000000
151 287.7086 1.7100000000
152 289.6248 1.7300000000
153 291.5423 1.7300000000
154 293.4593 1.7300000000
155 295.3748 1.7400000000
156 297.2921 1.7300000000
157 299.2094 1.7200000000
158 301.1255 1.7200000000
159 303.0416 1.7400000000
160 304.9577 1.7300000000
161 306.8742 1.7400000000
162 308.7910 1.7200000000
163 310.7073 1.7300000000
164 312.6240 1.7200000000
165 314.5401 1.7400000000
166 316.4595 1.7400000000
167 318.3756 1.7300000000
168 320.2918 1.7400000000
169 322.2083 1.7200000000
170 324.1342 1.7400000000
171 326.0507 1.7400000000
172 327.9677 1.7300000000
173 329.8844 1.7300000000
174 331.8005 1.7100000000
175 333.7169 1.7000000000
176 335.6341 1.7300000000
177 337.5509 1.7200000000
178 339.4682 1.7100000000
179 341.3870 1.7200000000
180 343.3052 1.7300000000
181 345.2227 1.7200000000
182 347.1395 1.7100000000
183 349.0573 1.7200000000
184 350.9736 1.7100000000
185 352.8894 1.7100000000
186 354.8080 1.7100000000
187 356.7247 1.7000000000
188 358.6425 1.7100000000
189 360.5590 1.7000000000
190 362.4753 1.7100000000
191 364.3917 1.7100000000
192 366.3098 1.7100000000
193 368.2272 1.7100000000
194 370.1439 1.7000000000
195 372.0620 1.7100000000
196 373.9786 1.7100000000
197 375.8946 1.7100000000
198 377.8119 1.7000000000
199 379.7285 1.7000000000
200 381.6451 1.7000000000
