1 0.0000 0.0718333333
2 1.9264 0.0329666667
3 3.8472 0.0222500000
4 5.7654 0.0168000000
5 7.6834 0.0126166667
6 9.5996 0.0098666667
7 11.5148 0.0075333333
8 13.4302 0.0054333333
9 15.3457 0.0040333333
10 17.2762 0.0027833333
11 19.2234 0.0022833333
12 21.1560 0.0017166667
13 23.0722 0.0013000000
14 24.9869 0.0010000000
15 26.9060 0.0008166667
16 28.8242 0.0007000000
17 30.7403 0.0005833333
18 32.6561 0.0004833333
19 34.5718 0.0004000000
20 36.4870 0.0003333333
21 38.4031 0.0003000000
22 40.3194 0.0002166667
23 42.2346 0.0002166667
24 44.1509 0.0002000000
25 46.0670 0.0001500000
26 47.9820 0.0001333333
27 49.9009 0.0001166667
28 51.8217 0.0001000000
29 53.7404 0.0001000000
30 55.6610 0.0000833333
31 57.5810 0.0000833333
32 59.4978 0.0000833333
33 61.4153 0.0000833333
34 63.3369 0.0000833333
35 65.2591 0.0000833333
36 67.1767 0.0000833333
37 69.0941 0.0000833333
38 71.0103 0.0000833333
39 72.9265 0.0000500000
40 74.8455 0.0000500000
41 76.7677 0.0000500000
42 78.6981 0.0000500000
43 80.6410 0.0000500000
44 82.5596 0.0000500000
45 84.4765 0.0000500000
46 86.3959 0.0000500000
47 88.3133 0.0000333333
48 90.2308 0.0000500000
49 92.1477 0.0000500000
50 94.0653 0.0000500000
51 95.9823 0.0000333333
52 97.8991 0.0000500000
53 99.8153 0.0000500000
54 101.7327 0.0000333333
55 103.6484 0.0000333333
56 105.5654 0.0000166667
57 107.4814 0.0000166667
58 109.3998 0.0000333333
59 111.3173 0.0000166667
60 113.2356 0.0000166667
61 115.1531 0.0000166667
62 117.0692 0.0000166667
63 118.9865 0.0000166667
64 120.9038 0.0000166667
65 122.8199 0.0000166667
66 124.7382 0.0000166667
67 126.6558 0.0000166667
68 128.5725 0.0000166667
69 130.4886 0.0000166667
70 132.4058 0.0000166667
71 134.3223 0.0000166667
72 136.2397 0.0000166667
73 138.1574 0.0000166667
74 140.0749 0.0000166667
75 141.9917 0.0000166667
76 143.9206 0.0000166667
77 145.8369 0.0000166667
78 147.7539 0.0000166667
79 149.6720 0.0000166667
80 151.5887 0.0000166667
81 153.5055 0.0000166667
82 155.4231 0.0000166667
83 157.3401 0.0000166667
84 159.2580 0.0000166667
85 161.1762 0.0000166667
86 163.0932 0.0000166667
87 165.0098 0.0000166667
88 166.9268 0.0000166667
89 168.8437 0.0000166667
90 170.7594 0.0000166667
91 172.6753 0.0000166667
92 174.5926 0.0000166667
93 176.5104 0.0000166667
94 178.4278 0.0000166667
95 180.3440 0.0000166667
96 182.2715 0.0000166667
97 184.1984 0.0000166667
98 186.1170 0.0000166667
99 188.0334 0.0000166667
100 189.9514 0.0000166667
101 191.8671 0.0000166667
102 193.7849 0.0000166667
103 195.7010 0.0000166667
104 197.6196 0.0000166667
105 199.5357 0.0000166667
106 201.4532 0.0000166667
107 203.3721 0.0000166667
108 205.2892 0.0000166667
109 207.2061 0.0000166667
110 209.1229 0.0000166667
111 211.0404 0.0000166667
112 212.9614 0.0000166667
113 214.8773 0.0000166667
114 216.7941 0.0000166667
115 218.7102 0.0000166667
116 220.6274 0.0000166667
117 222.5433 0.0000166667
118 224.4611 0.0000166667
119 226.3774 0.0000166667
120 228.2940 0.0000166667
121 230.2104 0.0000166667
122 232.1272 0.0000166667
123 234.0442 0.0000166667
124 235.9609 0.0000166667
125 237.8766 0.0000166667
126 239.7930 0.0000166667
127 241.7095 0.0000166667
128 243.6257 0.0000166667
129 245.5428 0.0000166667
130 247.4599 0.0000166667
131 249.3762 0.0000166667
132 251.2928 0.0000166667
133 253.2093 0.0000166667
134 255.1268 0.0000166667
135 257.0453 0.0000166667
136 258.9613 0.0000166667
137 260.8773 0.0000166667
138 262.7940 0.0000166667
139 264.7107 0.0000166667
140 266.6271 0.0000166667
141 268.5433 0.0000166667
142 270.4593 0.0000166667
143 272.3743 0.0000166667
144 274.2905 0.0000166667
145 276.2070 0.0000166667
146 278.1241 0.0000166667
147 280.0406 0.0000166667
148 281.9573 0.0000166667
149 283.8747 0.0000166667
150 285.7923 0.0000166667
151 287.7086 0.0000166667
152 289.6248 0.0000166667
153 291.5423 0.0000166667
154 293.4593 0.0000166667
155 295.3748 0.0000166667
156 297.2921 0.0000166667
157 299.2094 0.0000166667
158 301.1255 0.0000166667
159 303.0416 0.0000166667
160 304.9577 0.0000166667
161 306.8742 0.0000166667
162 308.7910 0.0000166667
163 310.7073 0.0000166667
164 312.6240 0.0000166667
165 314.5401 0.0000166667
166 316.4595 0.0000166667
167 318.3756 0.0000166667
168 320.2918 0.0000166667
169 322.2083 0.0000166667
170 324.1342 0.0000166667
171 326.0507 0.0000166667
172 327.9677 0.0000166667
173 329.8844 0.0000166667
174 331.8005 0.0000166667
175 333.7169 0.0000166667
176 335.6341 0.0000166667
177 337.5509 0.0000166667
178 339.4682 0.0000166667
179 341.3870 0.0000166667
180 343.3052 0.0000166667
181 345.2227 0.0000166667
182 347.1395 0.0000166667
183 349.0573 0.0000166667
184 350.9736 0.0000166667
185 352.8894 0.0000166667
186 354.8080 0.0000166667
187 356.7247 0.0000166667
188 358.6425 0.0000166667
189 360.5590 0.0000166667
190 362.4753 0.0000166667
191 364.3917 0.0000166667
192 366.3098 0.0000166667
193 368.2272 0.0000166667
194 370.1439 0.0000166667
195 372.0620 0.0000166667
196 373.9786 0.0000166667
197 375.8946 0.0000166667
198 377.8119 0.0000166667
199 379.7285 0.0000166667
200 381.6451 0.0000166667
