1 0.0000 5.0000000000
2 1.9428 3.9300000000
3 3.8772 3.4400000000
4 5.8099 3.2000000000
5 7.7419 3.0300000000
6 9.6753 2.9100000000
7 11.6079 2.7900000000
8 13.5414 2.8100000000
9 15.4734 2.7300000000
10 17.4067 2.7300000000
11 19.3390 2.7000000000
12 21.2715 2.6600000000
13 23.2027 2.5900000000
14 25.1354 2.5500000000
15 27.0690 2.6100000000
16 29.0056 2.5600000000
17 30.9426 2.5400000000
18 32.8768 2.5200000000
19 34.8098 2.5600000000
20 36.7429 2.4900000000
21 38.6747 2.5100000000
22 40.6118 2.4900000000
23 42.5437 2.4900000000
24 44.4764 2.5100000000
25 46.4097 2.4800000000
26 48.3427 2.4800000000
27 50.2751 2.4800000000
28 52.2086 2.4400000000
29 54.1404 2.4600000000
30 56.0731 2.4800000000
31 58.0049 2.4700000000
32 59.9376 2.4700000000
33 61.8701 2.4500000000
34 63.8043 2.4600000000
35 65.7395 2.4600000000
36 67.6764 2.4700000000
37 69.6093 2.4600000000
38 71.5412 2.4500000000
39 73.4754 2.4800000000
40 75.4083 2.4100000000
41 77.3412 2.4700000000
42 79.2742 2.4600000000
43 81.2062 2.4400000000
44 83.1390 2.4900000000
45 85.0706 2.4600000000
46 87.0033 2.4500000000
47 88.9352 2.4700000000
48 90.8683 2.4600000000
49 92.7998 2.4900000000
50 94.7322 2.4800000000
51 96.6644 2.4800000000
52 98.5964 2.4700000000
53 100.5274 2.4700000000
54 102.4615 2.5100000000
55 104.3934 2.4900000000
56 106.3265 2.4900000000
57 108.2585 2.4900000000
58 110.1907 2.4400000000
59 112.1232 2.4700000000
60 114.0558 2.4800000000
61 115.9865 2.4400000000
62 117.9186 2.5000000000
63 119.8502 2.4100000000
64 121.7828 2.4300000000
65 123.7145 2.4500000000
66 125.6475 2.4400000000
67 127.5795 2.4400000000
68 129.5114 2.4800000000
69 131.4436 2.4500000000
70 133.3757 2.4700000000
71 135.3083 2.4500000000
72 137.2411 2.4200000000
73 139.1733 2.4500000000
74 141.1056 2.4600000000
75 143.0378 2.4500000000
76 144.9792 2.4600000000
77 146.9120 2.4500000000
78 148.8444 2.4800000000
79 150.7770 2.4400000000
80 152.7101 2.4600000000
81 154.6419 2.4500000000
82 156.5739 2.4300000000
83 158.5066 2.4900000000
84 160.4399 2.4400000000
85 162.3714 2.4500000000
86 164.3048 2.4600000000
87 166.2379 2.4700000000
88 168.1710 2.4700000000
89 170.1041 2.5200000000
90 172.0357 2.4700000000
91 173.9680 2.4800000000
92 175.9011 2.4500000000
93 177.8318 2.4900000000
94 179.7680 2.4700000000
95 181.7004 2.4700000000
96 183.6335 2.4800000000
97 185.5665 2.4700000000
98 187.4987 2.5000000000
99 189.4309 2.4800000000
100 191.3640 2.4400000000
101 193.2960 2.4800000000
102 195.2296 2.4900000000
103 197.1618 2.4800000000
104 199.0953 2.4600000000
105 201.0277 2.5000000000
106 202.9593 2.4600000000
107 204.8919 2.5000000000
108 206.8246 2.4800000000
109 208.7567 2.4800000000
110 210.6888 2.4700000000
111 212.6213 2.4800000000
112 214.5548 2.4700000000
113 216.4868 2.4900000000
114 218.4192 2.4800000000
115 220.3506 2.5200000000
116 222.2829 2.4800000000
117 224.2157 2.5100000000
118 226.1488 2.5000000000
119 228.0807 2.5000000000
120 230.0128 2.5100000000
121 231.9445 2.5100000000
122 233.8768 2.4700000000
123 235.8084 2.5000000000
124 237.7410 2.4800000000
125 239.6722 2.5000000000
126 241.6050 2.5000000000
127 243.5378 2.4700000000
128 245.4700 2.5100000000
129 247.4016 2.5100000000
130 249.3337 2.4900000000
131 251.2663 2.5100000000
132 253.1993 2.5000000000
133 255.1317 2.5000000000
134 257.0655 2.5300000000
135 258.9963 2.5100000000
136 260.9291 2.5100000000
137 262.8602 2.4800000000
138 264.7924 2.5000000000
139 266.7247 2.5100000000
140 268.6568 2.5000000000
141 270.5897 2.5000000000
142 272.5223 2.5000000000
143 274.4530 2.4900000000
144 276.3848 2.4800000000
145 278.3164 2.5100000000
146 280.2492 2.5000000000
147 282.1822 2.5000000000
148 284.1144 2.5000000000
149 286.0461 2.5100000000
150 287.9799 2.5200000000
151 289.9212 2.5000000000
152 291.8601 2.4900000000
153 293.7912 2.5100000000
154 295.7233 2.4900000000
155 297.6533 2.4900000000
156 299.5863 2.4800000000
157 301.5197 2.4700000000
158 303.4525 2.5100000000
159 305.3849 2.4900000000
160 307.3174 2.4800000000
161 309.2503 2.4900000000
162 311.1839 2.4500000000
163 313.1150 2.4900000000
164 315.0481 2.4800000000
165 316.9801 2.4700000000
166 318.9137 2.4800000000
167 320.8460 2.4800000000
168 322.7780 2.4900000000
169 324.7111 2.5000000000
170 326.6443 2.4500000000
171 328.5767 2.4800000000
172 330.5090 2.4700000000
173 332.4400 2.4900000000
174 334.3730 2.4900000000
175 336.3046 2.5000000000
176 338.2381 2.5000000000
177 340.1691 2.5100000000
178 342.0925 2.5100000000
179 344.0141 2.4900000000
180 345.9365 2.5000000000
181 347.8578 2.5200000000
182 349.7779 2.4600000000
183 351.6987 2.4800000000
184 353.6209 2.4900000000
185 355.5415 2.5100000000
186 357.4625 2.5100000000
187 359.3838 2.5200000000
188 361.3157 2.4800000000
189 363.2366 2.4900000000
190 365.1577 2.5100000000
191 367.0791 2.4800000000
192 368.9995 2.4900000000
193 370.9212 2.4900000000
194 372.8425 2.5000000000
195 374.7642 2.4800000000
196 376.6845 2.4700000000
197 378.6051 2.5100000000
198 380.5263 2.4800000000
199 382.4465 2.4700000000
200 384.3687 2.4900000000
