1 0.0000 0.0723666667
2 1.9428 0.0355666667
3 3.8772 0.0271333333
4 5.8099 0.0233666667
5 7.7419 0.0207833333
6 9.6753 0.0190500000
7 11.6079 0.0181500000
8 13.5414 0.0176333333
9 15.4734 0.0171166667
10 17.4067 0.0168166667
11 19.3390 0.0163166667
12 21.2715 0.0161166667
13 23.2027 0.0159000000
14 25.1354 0.0156666667
15 27.0690 0.0154833333
16 29.0056 0.0153166667
17 30.9426 0.0152666667
18 32.8768 0.0150333333
19 34.8098 0.0151000000
20 36.7429 0.0149833333
21 38.6747 0.0148500000
22 40.6118 0.0148166667
23 42.5437 0.0146333333
24 44.4764 0.0146833333
25 46.4097 0.0146500000
26 48.3427 0.0144500000
27 50.2751 0.0144000000
28 52.2086 0.0144333333
29 54.1404 0.0144166667
30 56.0731 0.0143333333
31 58.0049 0.0143166667
32 59.9376 0.0143166667
33 61.8701 0.0141666667
34 63.8043 0.0141833333
35 65.7395 0.0141166667
36 67.6764 0.0141666667
37 69.6093 0.0139666667
38 71.5412 0.0140666667
39 73.4754 0.0140000000
40 75.4083 0.0139666667
41 77.3412 0.0140666667
42 79.2742 0.0140500000
43 81.2062 0.0139500000
44 83.1390 0.0139333333
45 85.0706 0.0139000000
46 87.0033 0.0139333333
47 88.9352 0.0138000000
48 90.8683 0.0138833333
49 92.7998 0.0138333333
50 94.7322 0.0137666667
51 96.6644 0.0138500000
52 98.5964 0.0137833333
53 100.5274 0.0137500000
54 102.4615 0.0137500000
55 104.3934 0.0138500000
56 106.3265 0.0136666667
57 108.2585 0.0137000000
58 110.1907 0.0137166667
59 112.1232 0.0136666667
60 114.0558 0.0137000000
61 115.9865 0.0137500000
62 117.9186 0.0137666667
63 119.8502 0.0137000000
64 121.7828 0.0137166667
65 123.7145 0.0135666667
66 125.6475 0.0137666667
67 127.5795 0.0136833333
68 129.5114 0.0135833333
69 131.4436 0.0136666667
70 133.3757 0.0137000000
71 135.3083 0.0136166667
72 137.2411 0.0136500000
73 139.1733 0.0136833333
74 141.1056 0.0135333333
75 143.0378 0.0135333333
76 144.9792 0.0136000000
77 146.9120 0.0136000000
78 148.8444 0.0136833333
79 150.7770 0.0136333333
80 152.7101 0.0136000000
81 154.6419 0.0136000000
82 156.5739 0.0136166667
83 158.5066 0.0136500000
84 160.4399 0.0136333333
85 162.3714 0.0134833333
86 164.3048 0.0135833333
87 166.2379 0.0136833333
88 168.1710 0.0135666667
89 170.1041 0.0135000000
90 172.0357 0.0135833333
91 173.9680 0.0136500000
92 175.9011 0.0135166667
93 177.8318 0.0135333333
94 179.7680 0.0136833333
95 181.7004 0.0134666667
96 183.6335 0.0135666667
97 185.5665 0.0135666667
98 187.4987 0.0135833333
99 189.4309 0.0135833333
100 191.3640 0.0134333333
101 193.2960 0.0134666667
102 195.2296 0.0136166667
103 197.1618 0.0134000000
104 199.0953 0.0135333333
105 201.0277 0.0134666667
106 202.9593 0.0134833333
107 204.8919 0.0135166667
108 206.8246 0.0133833333
109 208.7567 0.0134333333
110 210.6888 0.0135000000
111 212.6213 0.0135000000
112 214.5548 0.0133500000
113 216.4868 0.0134000000
114 218.4192 0.0134166667
115 220.3506 0.0134500000
116 222.2829 0.0133833333
117 224.2157 0.0134166667
118 226.1488 0.0134833333
119 228.0807 0.0133333333
120 230.0128 0.0134333333
121 231.9445 0.0134000000
122 233.8768 0.0133166667
123 235.8084 0.0133666667
124 237.7410 0.0134333333
125 239.6722 0.0133166667
126 241.6050 0.0132833333
127 243.5378 0.0133333333
128 245.4700 0.0133666667
129 247.4016 0.0132500000
130 249.3337 0.0132666667
131 251.2663 0.0132166667
132 253.1993 0.0132166667
133 255.1317 0.0132500000
134 257.0655 0.0132333333
135 258.9963 0.0133000000
136 260.9291 0.0132833333
137 262.8602 0.0133000000
138 264.7924 0.0133666667
139 266.7247 0.0132333333
140 268.6568 0.0132500000
141 270.5897 0.0132833333
142 272.5223 0.0132833333
143 274.4530 0.0132500000
144 276.3848 0.0131833333
145 278.3164 0.0132333333
146 280.2492 0.0132166667
147 282.1822 0.0132166667
148 284.1144 0.0132333333
149 286.0461 0.0131833333
150 287.9799 0.0131666667
151 289.9212 0.0132500000
152 291.8601 0.0132833333
153 293.7912 0.0131166667
154 295.7233 0.0132500000
155 297.6533 0.0133000000
156 299.5863 0.0132000000
157 301.5197 0.0132666667
158 303.4525 0.0132333333
159 305.3849 0.0131833333
160 307.3174 0.0132000000
161 309.2503 0.0132500000
162 311.1839 0.0132333333
163 313.1150 0.0133166667
164 315.0481 0.0131500000
165 316.9801 0.0132666667
166 318.9137 0.0132666667
167 320.8460 0.0132000000
168 322.7780 0.0131666667
169 324.7111 0.0132166667
170 326.6443 0.0132333333
171 328.5767 0.0132500000
172 330.5090 0.0132500000
173 332.4400 0.0131666667
174 334.3730 0.0132500000
175 336.3046 0.0132833333
176 338.2381 0.0131166667
177 340.1691 0.0131833333
178 342.0925 0.0132333333
179 344.0141 0.0130333333
180 345.9365 0.0132166667
181 347.8578 0.0132166667
182 349.7779 0.0133000000
183 351.6987 0.0133000000
184 353.6209 0.0133333333
185 355.5415 0.0132666667
186 357.4625 0.0132000000
187 359.3838 0.0131833333
188 361.3157 0.0131500000
189 363.2366 0.0132500000
190 365.1577 0.0132000000
191 367.0791 0.0132333333
192 368.9995 0.0133166667
193 370.9212 0.0133166667
194 372.8425 0.0132333333
195 374.7642 0.0132166667
196 376.6845 0.0132333333
197 378.6051 0.0132166667
198 380.5263 0.0132833333
199 382.4465 0.0133000000
200 384.3687 0.0132833333
