1 0.0000 6.1300000000
2 4.3128 4.3800000000
3 8.4379 3.6900000000
4 12.5600 3.6300000000
5 16.6673 3.1900000000
6 20.7774 3.0000000000
7 24.9061 3.0500000000
8 29.0188 2.8200000000
9 33.1258 2.6700000000
10 37.2399 2.7800000000
11 41.3489 2.5700000000
12 45.4596 2.6800000000
13 49.5621 2.5600000000
14 53.6682 2.6100000000
15 57.7749 2.5300000000
16 61.8815 2.6100000000
17 65.9834 2.5100000000
18 70.0833 2.6200000000
19 74.1858 2.4600000000
20 78.2879 2.3900000000
21 82.3932 2.4700000000
22 86.4944 2.3300000000
23 90.5982 2.4600000000
24 94.7005 2.4700000000
25 98.8050 2.4500000000
26 102.9109 2.3500000000
27 107.0145 2.4200000000
28 111.1186 2.3400000000
29 115.2207 2.2900000000
30 119.3231 2.2500000000
31 123.4375 2.2000000000
32 127.5462 2.3000000000
33 131.6611 2.3000000000
34 135.7795 2.2000000000
35 139.8833 2.2500000000
36 143.9979 2.3100000000
37 148.1011 2.2200000000
38 152.2093 2.3400000000
39 156.3142 2.1400000000
40 160.4200 2.2700000000
41 164.5259 2.1600000000
42 168.6275 2.3500000000
43 172.7323 2.2000000000
44 176.8386 2.1100000000
45 180.9451 2.2400000000
46 185.0522 2.1600000000
47 189.1558 2.2100000000
48 193.2585 2.2600000000
49 197.3570 2.1400000000
50 201.4545 2.0200000000
51 205.5571 2.2400000000
52 209.6643 2.2200000000
53 213.7645 2.2100000000
54 217.8674 2.1100000000
55 221.9678 2.2100000000
56 226.0701 2.0700000000
57 230.1650 2.2000000000
58 234.2591 2.1100000000
59 238.3588 2.1500000000
60 242.4575 2.2400000000
61 246.5568 2.0300000000
62 250.6546 2.2400000000
63 254.7524 2.0000000000
64 258.8487 2.0200000000
65 262.9466 1.9900000000
66 267.0456 2.0700000000
67 271.1474 1.8200000000
68 275.2511 2.0500000000
69 279.3505 2.2100000000
70 283.4489 2.0300000000
71 287.5494 2.1400000000
72 291.6499 2.1700000000
73 295.7508 2.1600000000
74 299.8531 1.9200000000
75 303.9548 2.2200000000
76 308.0572 1.9700000000
77 312.1554 1.8900000000
78 316.2536 1.9300000000
79 320.3522 1.9300000000
80 324.4547 1.9900000000
81 328.5571 2.0700000000
82 332.6640 2.0600000000
83 336.7665 2.0800000000
84 340.8662 2.0900000000
85 344.9682 1.9800000000
86 349.0645 1.8000000000
87 353.1675 2.1200000000
88 357.2677 2.1100000000
89 361.3667 2.0400000000
90 365.4654 2.0600000000
91 369.5613 2.2000000000
92 373.6594 2.0400000000
93 377.7545 1.9700000000
94 381.8534 2.2000000000
95 385.9536 2.1300000000
96 390.0542 2.0600000000
97 394.1524 2.0000000000
98 398.2583 2.0500000000
99 402.3571 1.9700000000
100 406.4606 1.9100000000
101 410.5654 2.0200000000
102 414.6727 1.9300000000
103 418.7816 1.9200000000
104 422.8917 1.9100000000
105 427.0001 1.9300000000
106 431.1087 1.9100000000
107 435.2168 1.8700000000
108 439.3232 1.9900000000
109 443.4299 1.8600000000
110 447.5345 1.9200000000
111 451.6415 2.0100000000
112 455.7524 2.0100000000
113 459.8561 1.7900000000
114 463.9648 1.9600000000
115 468.0678 1.8400000000
116 472.1761 1.9700000000
117 476.2785 2.0000000000
118 480.3814 1.9200000000
119 484.4845 1.9600000000
120 488.5908 1.8900000000
121 492.6975 1.8400000000
122 496.8056 1.9300000000
123 500.9101 1.9400000000
124 505.0124 1.9100000000
125 509.1173 1.9300000000
126 513.2252 2.0000000000
127 517.3302 1.9700000000
128 521.4349 1.9100000000
129 525.5378 2.0800000000
130 529.6411 1.9700000000
131 533.7446 1.9000000000
132 537.8515 2.0600000000
133 541.9531 1.9400000000
134 546.0609 1.8800000000
135 550.1676 1.8700000000
136 554.2760 1.9100000000
137 558.3832 2.1900000000
138 562.4883 1.9400000000
139 566.5935 1.9600000000
140 570.7021 1.9800000000
141 574.8032 2.0400000000
142 578.9054 1.9800000000
143 583.0071 1.9500000000
144 587.1119 1.8400000000
145 591.2168 2.1100000000
146 595.3209 2.0100000000
147 599.4272 2.0300000000
148 603.5318 1.9500000000
149 607.6356 2.0100000000
150 611.7401 2.0500000000
151 615.8447 2.0400000000
152 619.9494 1.9800000000
153 624.0510 1.9300000000
154 628.1518 1.8600000000
155 632.2555 1.9400000000
156 636.3600 2.0600000000
157 640.4584 1.9600000000
158 644.5630 1.8600000000
159 648.6638 1.9700000000
160 652.7651 1.8500000000
161 656.8680 1.9000000000
162 660.9733 1.9800000000
163 665.0765 1.9500000000
164 669.1811 1.9500000000
165 673.2830 2.0000000000
166 677.3839 1.9700000000
167 681.4871 2.0100000000
168 685.5844 1.9600000000
169 689.6814 1.8400000000
170 693.7886 1.9600000000
171 697.8873 2.0800000000
172 701.9871 2.0200000000
173 706.0898 1.9900000000
174 710.1881 1.9500000000
175 714.2888 1.9700000000
176 718.3949 1.9000000000
177 722.5005 1.9700000000
178 726.6048 2.0300000000
179 730.7034 1.8400000000
180 734.8028 1.8100000000
181 738.8982 1.9100000000
182 742.9986 1.8700000000
183 747.0989 2.0200000000
184 751.2000 1.9400000000
185 755.3012 2.1300000000
186 759.4019 1.9400000000
187 763.5046 1.9600000000
188 767.6102 2.0400000000
189 771.7088 1.9000000000
190 775.8128 2.0300000000
191 779.9144 1.9100000000
192 784.0208 1.9600000000
193 788.1226 2.0300000000
194 792.2244 1.9800000000
195 796.3283 1.9200000000
196 800.4340 1.8400000000
197 804.5349 1.9400000000
198 808.6383 1.9900000000
199 812.7402 1.8700000000
200 816.8412 1.8800000000
