1 0.0000 0.0857000000
2 4.3128 0.0457666667
3 8.4379 0.0378333333
4 12.5600 0.0330000000
5 16.6673 0.0294500000
6 20.7774 0.0273500000
7 24.9061 0.0260333333
8 29.0188 0.0247000000
9 33.1258 0.0240000000
10 37.2399 0.0233666667
11 41.3489 0.0219333333
12 45.4596 0.0213500000
13 49.5621 0.0207833333
14 53.6682 0.0196333333
15 57.7749 0.0195500000
16 61.8815 0.0196333333
17 65.9834 0.0192500000
18 70.0833 0.0185166667
19 74.1858 0.0185500000
20 78.2879 0.0181333333
21 82.3932 0.0176500000
22 86.4944 0.0171500000
23 90.5982 0.0165000000
24 94.7005 0.0166000000
25 98.8050 0.0161000000
26 102.9109 0.0154333333
27 107.0145 0.0156666667
28 111.1186 0.0150833333
29 115.2207 0.0154166667
30 119.3231 0.0154333333
31 123.4375 0.0147666667
32 127.5462 0.0145166667
33 131.6611 0.0147666667
34 135.7795 0.0146166667
35 139.8833 0.0142666667
36 143.9979 0.0140000000
37 148.1011 0.0135500000
38 152.2093 0.0133500000
39 156.3142 0.0139500000
40 160.4200 0.0131500000
41 164.5259 0.0129166667
42 168.6275 0.0125833333
43 172.7323 0.0123166667
44 176.8386 0.0128166667
45 180.9451 0.0124500000
46 185.0522 0.0124000000
47 189.1558 0.0124666667
48 193.2585 0.0122166667
49 197.3570 0.0117000000
50 201.4545 0.0115333333
51 205.5571 0.0117833333
52 209.6643 0.0112000000
53 213.7645 0.0116333333
54 217.8674 0.0121666667
55 221.9678 0.0113333333
56 226.0701 0.0112833333
57 230.1650 0.0115666667
58 234.2591 0.0107666667
59 238.3588 0.0113833333
60 242.4575 0.0112500000
61 246.5568 0.0113500000
62 250.6546 0.0113500000
63 254.7524 0.0106500000
64 258.8487 0.0105833333
65 262.9466 0.0103666667
66 267.0456 0.0104666667
67 271.1474 0.0101500000
68 275.2511 0.0102000000
69 279.3505 0.0106666667
70 283.4489 0.0099166667
71 287.5494 0.0100500000
72 291.6499 0.0102666667
73 295.7508 0.0101500000
74 299.8531 0.0107166667
75 303.9548 0.0100000000
76 308.0572 0.0101000000
77 312.1554 0.0098500000
78 316.2536 0.0096666667
79 320.3522 0.0092500000
80 324.4547 0.0096500000
81 328.5571 0.0095666667
82 332.6640 0.0097333333
83 336.7665 0.0097166667
84 340.8662 0.0092500000
85 344.9682 0.0095833333
86 349.0645 0.0091166667
87 353.1675 0.0094333333
88 357.2677 0.0096000000
89 361.3667 0.0084666667
90 365.4654 0.0090666667
91 369.5613 0.0091333333
92 373.6594 0.0092500000
93 377.7545 0.0085166667
94 381.8534 0.0088666667
95 385.9536 0.0090166667
96 390.0542 0.0090000000
97 394.1524 0.0090166667
98 398.2583 0.0089333333
99 402.3571 0.0088833333
100 406.4606 0.0084500000
101 410.5654 0.0080833333
102 414.6727 0.0086833333
103 418.7816 0.0084500000
104 422.8917 0.0089833333
105 427.0001 0.0084666667
106 431.1087 0.0083666667
107 435.2168 0.0084500000
108 439.3232 0.0084666667
109 443.4299 0.0084500000
110 447.5345 0.0087166667
111 451.6415 0.0084333333
112 455.7524 0.0083666667
113 459.8561 0.0082166667
114 463.9648 0.0082500000
115 468.0678 0.0076500000
116 472.1761 0.0080166667
117 476.2785 0.0077833333
118 480.3814 0.0080500000
119 484.4845 0.0082833333
120 488.5908 0.0082666667
121 492.6975 0.0081000000
122 496.8056 0.0080833333
123 500.9101 0.0076833333
124 505.0124 0.0076000000
125 509.1173 0.0076333333
126 513.2252 0.0077166667
127 517.3302 0.0076166667
128 521.4349 0.0077833333
129 525.5378 0.0077166667
130 529.6411 0.0074666667
131 533.7446 0.0074833333
132 537.8515 0.0074500000
133 541.9531 0.0077166667
134 546.0609 0.0074166667
135 550.1676 0.0077833333
136 554.2760 0.0075666667
137 558.3832 0.0075166667
138 562.4883 0.0076500000
139 566.5935 0.0075666667
140 570.7021 0.0074500000
141 574.8032 0.0074500000
142 578.9054 0.0072833333
143 583.0071 0.0072500000
144 587.1119 0.0068666667
145 591.2168 0.0069666667
146 595.3209 0.0072833333
147 599.4272 0.0067333333
148 603.5318 0.0071166667
149 607.6356 0.0073666667
150 611.7401 0.0068500000
151 615.8447 0.0064833333
152 619.9494 0.0073166667
153 624.0510 0.0070833333
154 628.1518 0.0070500000
155 632.2555 0.0070166667
156 636.3600 0.0069666667
157 640.4584 0.0069166667
158 644.5630 0.0069833333
159 648.6638 0.0063500000
160 652.7651 0.0070500000
161 656.8680 0.0063333333
162 660.9733 0.0066833333
163 665.0765 0.0069500000
164 669.1811 0.0066666667
165 673.2830 0.0068333333
166 677.3839 0.0070333333
167 681.4871 0.0069000000
168 685.5844 0.0068833333
169 689.6814 0.0069166667
170 693.7886 0.0066333333
171 697.8873 0.0066666667
172 701.9871 0.0068000000
173 706.0898 0.0068333333
174 710.1881 0.0070166667
175 714.2888 0.0070500000
176 718.3949 0.0066833333
177 722.5005 0.0069833333
178 726.6048 0.0069166667
179 730.7034 0.0067333333
180 734.8028 0.0064000000
181 738.8982 0.0063500000
182 742.9986 0.0068833333
183 747.0989 0.0061166667
184 751.2000 0.0065166667
185 755.3012 0.0062000000
186 759.4019 0.0060666667
187 763.5046 0.0067000000
188 767.6102 0.0061500000
189 771.7088 0.0056666667
190 775.8128 0.0058833333
191 779.9144 0.0061000000
192 784.0208 0.0062500000
193 788.1226 0.0061500000
194 792.2244 0.0063166667
195 796.3283 0.0058833333
196 800.4340 0.0062500000
197 804.5349 0.0061833333
198 808.6383 0.0062333333
199 812.7402 0.0061666667
200 816.8412 0.0061333333
