1 0.0000 8.6100000000
2 1.9128 7.5300000000
3 3.8195 6.5200000000
4 5.7274 5.7100000000
5 7.6358 5.0700000000
6 9.5436 4.5900000000
7 11.4507 4.3000000000
8 13.3562 3.9100000000
9 15.2621 3.7300000000
10 17.1682 3.4500000000
11 19.0767 3.2600000000
12 20.9878 3.1200000000
13 22.8959 3.0100000000
14 24.8125 2.8800000000
15 26.7203 2.8000000000
16 28.6273 2.7100000000
17 30.5355 2.6700000000
18 32.4433 2.5700000000
19 34.3511 2.5100000000
20 36.2587 2.5200000000
21 38.1656 2.5000000000
22 40.0730 2.4600000000
23 41.9805 2.4100000000
24 43.8879 2.4200000000
25 45.7946 2.3900000000
26 47.7026 2.3800000000
27 49.6095 2.3500000000
28 51.5167 2.3600000000
29 53.4246 2.3300000000
30 55.3309 2.3500000000
31 57.2361 2.3400000000
32 59.1439 2.3300000000
33 61.0510 2.3200000000
34 62.9572 2.3400000000
35 64.8643 2.3200000000
36 66.7712 2.3100000000
37 68.6778 2.3200000000
38 70.5850 2.2900000000
39 72.4913 2.3100000000
40 74.3978 2.2600000000
41 76.3034 2.2500000000
42 78.2109 2.2400000000
43 80.1171 2.2300000000
44 82.0239 2.2200000000
45 83.9290 2.2100000000
46 85.8363 2.1900000000
47 87.7429 2.1600000000
48 89.6501 2.1600000000
49 91.5584 2.1600000000
50 93.4658 2.1700000000
51 95.3718 2.1700000000
52 97.2791 2.1600000000
53 99.1854 2.1500000000
54 101.0924 2.1500000000
55 102.9995 2.1700000000
56 104.9053 2.1600000000
57 106.8112 2.1600000000
58 108.7172 2.1700000000
59 110.6222 2.1700000000
60 112.5289 2.1300000000
61 114.4349 2.1300000000
62 116.3423 2.1200000000
63 118.2485 2.1000000000
64 120.1551 2.0900000000
65 122.0626 2.0800000000
66 123.9692 2.0900000000
67 125.8758 2.1000000000
68 127.7823 2.0900000000
69 129.6890 2.0900000000
70 131.5958 2.1000000000
71 133.5015 2.0800000000
72 135.4078 2.0600000000
73 137.3136 2.0600000000
74 139.2239 2.0500000000
75 141.1293 1.9900000000
76 143.0367 1.9800000000
77 144.9444 1.9800000000
78 146.8510 1.9600000000
79 148.7567 1.9600000000
80 150.6636 1.9600000000
81 152.5698 1.9500000000
82 154.4764 1.9500000000
83 156.3827 1.9500000000
84 158.2886 1.9500000000
85 160.1938 1.9600000000
86 162.1005 1.9500000000
87 164.0059 1.9600000000
88 165.9126 1.9600000000
89 167.8202 1.9400000000
90 169.7263 1.9400000000
91 171.6325 1.9400000000
92 173.5395 1.9400000000
93 175.4455 1.9300000000
94 177.3516 1.8900000000
95 179.2577 1.8900000000
96 181.1699 1.8900000000
97 183.0811 1.8700000000
98 184.9892 1.8700000000
99 186.8969 1.8700000000
100 188.8051 1.8700000000
101 190.7116 1.8700000000
102 192.6188 1.8700000000
103 194.5256 1.8700000000
104 196.4329 1.8700000000
105 198.3393 1.8700000000
106 200.2462 1.8600000000
107 202.1570 1.8600000000
108 204.0692 1.8600000000
109 205.9776 1.8600000000
110 207.8843 1.8500000000
111 209.7915 1.8400000000
112 211.6993 1.8400000000
113 213.6067 1.8300000000
114 215.5140 1.8300000000
115 217.4211 1.8300000000
116 219.3285 1.8300000000
117 221.2359 1.8300000000
118 223.1438 1.8300000000
119 225.0514 1.8300000000
120 226.9581 1.8300000000
121 228.8666 1.8300000000
122 230.7739 1.8200000000
123 232.6812 1.8200000000
124 234.5892 1.8200000000
125 236.4960 1.8300000000
126 238.4045 1.8300000000
127 240.3116 1.8300000000
128 242.2201 1.8300000000
129 244.1277 1.8300000000
130 246.0335 1.8300000000
131 247.9402 1.8300000000
132 249.8484 1.8300000000
133 251.7549 1.8300000000
134 253.6628 1.8300000000
135 255.5691 1.8200000000
136 257.4759 1.8200000000
137 259.3833 1.8200000000
138 261.2895 1.8200000000
139 263.1964 1.8200000000
140 265.1042 1.8200000000
141 267.0100 1.8200000000
142 268.9168 1.8100000000
143 270.8231 1.8100000000
144 272.7305 1.8100000000
145 274.6362 1.8100000000
146 276.5430 1.8200000000
147 278.4492 1.8300000000
148 280.3559 1.8300000000
149 282.2623 1.8300000000
150 284.1702 1.8300000000
151 286.0779 1.8300000000
152 287.9854 1.8300000000
153 289.8931 1.8300000000
154 291.7994 1.8300000000
155 293.7076 1.8300000000
156 295.6137 1.8300000000
157 297.5195 1.8300000000
158 299.4265 1.8100000000
159 301.3321 1.8100000000
160 303.2388 1.8100000000
161 305.1458 1.8100000000
162 307.0527 1.8100000000
163 308.9605 1.8100000000
164 310.8678 1.8100000000
165 312.7733 1.8000000000
166 314.6806 1.7800000000
167 316.5883 1.7800000000
168 318.4954 1.7800000000
169 320.4019 1.7800000000
170 322.3091 1.7800000000
171 324.2167 1.7700000000
172 326.1231 1.7700000000
173 328.0303 1.7700000000
174 329.9382 1.7700000000
175 331.8453 1.7700000000
176 333.7535 1.7700000000
177 335.6608 1.7700000000
178 337.5681 1.7700000000
179 339.4768 1.7700000000
180 341.3842 1.7700000000
181 343.2918 1.7700000000
182 345.1978 1.7600000000
183 347.1047 1.7600000000
184 349.0122 1.7600000000
185 350.9182 1.7600000000
186 352.8244 1.7600000000
187 354.7313 1.7600000000
188 356.6373 1.7600000000
189 358.5439 1.7600000000
190 360.4510 1.7600000000
191 362.3582 1.7500000000
192 364.2656 1.7500000000
193 366.1730 1.7500000000
194 368.0796 1.7500000000
195 369.9864 1.7500000000
196 371.8934 1.7500000000
197 373.8031 1.7500000000
198 375.7092 1.7500000000
199 377.6163 1.7500000000
200 379.5234 1.7500000000
