1 0.0000 0.1257666667
2 1.9128 0.0798166667
3 3.8195 0.0664166667
4 5.7274 0.0568166667
5 7.6358 0.0491666667
6 9.5436 0.0428666667
7 11.4507 0.0380833333
8 13.3562 0.0340333333
9 15.2621 0.0308166667
10 17.1682 0.0283166667
11 19.0767 0.0259000000
12 20.9878 0.0237166667
13 22.8959 0.0217166667
14 24.8125 0.0199500000
15 26.7203 0.0181666667
16 28.6273 0.0168000000
17 30.5355 0.0154333333
18 32.4433 0.0144833333
19 34.3511 0.0136000000
20 36.2587 0.0126666667
21 38.1656 0.0115666667
22 40.0730 0.0107500000
23 41.9805 0.0100500000
24 43.8879 0.0092500000
25 45.7946 0.0086500000
26 47.7026 0.0078833333
27 49.6095 0.0073333333
28 51.5167 0.0067833333
29 53.4246 0.0063000000
30 55.3309 0.0057166667
31 57.2361 0.0050500000
32 59.1439 0.0046500000
33 61.0510 0.0043166667
34 62.9572 0.0040833333
35 64.8643 0.0036666667
36 66.7712 0.0034500000
37 68.6778 0.0032666667
38 70.5850 0.0030166667
39 72.4913 0.0027333333
40 74.3978 0.0023833333
41 76.3034 0.0020833333
42 78.2109 0.0019500000
43 80.1171 0.0018000000
44 82.0239 0.0015666667
45 83.9290 0.0013666667
46 85.8363 0.0012166667
47 87.7429 0.0011666667
48 89.6501 0.0011500000
49 91.5584 0.0010666667
50 93.4658 0.0009833333
51 95.3718 0.0008333333
52 97.2791 0.0007666667
53 99.1854 0.0007333333
54 101.0924 0.0007000000
55 102.9995 0.0006833333
56 104.9053 0.0006500000
57 106.8112 0.0006333333
58 108.7172 0.0005666667
59 110.6222 0.0004833333
60 112.5289 0.0004500000
61 114.4349 0.0004333333
62 116.3423 0.0003833333
63 118.2485 0.0003333333
64 120.1551 0.0002833333
65 122.0626 0.0002833333
66 123.9692 0.0002666667
67 125.8758 0.0002500000
68 127.7823 0.0002000000
69 129.6890 0.0002000000
70 131.5958 0.0002000000
71 133.5015 0.0001833333
72 135.4078 0.0001833333
73 137.3136 0.0001666667
74 139.2239 0.0001666667
75 141.1293 0.0001500000
76 143.0367 0.0001333333
77 144.9444 0.0001166667
78 146.8510 0.0001166667
79 148.7567 0.0001166667
80 150.6636 0.0001000000
81 152.5698 0.0000666667
82 154.4764 0.0000666667
83 156.3827 0.0000333333
84 158.2886 0.0000333333
85 160.1938 0.0000333333
86 162.1005 0.0000333333
87 164.0059 0.0000333333
88 165.9126 0.0000333333
89 167.8202 0.0000333333
90 169.7263 0.0000333333
91 171.6325 0.0000166667
92 173.5395 0.0000166667
93 175.4455 0.0000166667
94 177.3516 0.0000166667
95 179.2577 0.0000166667
96 181.1699 0.0000166667
97 183.0811 0.0000166667
98 184.9892 0.0000166667
99 186.8969 0.0000166667
100 188.8051 0.0000166667
101 190.7116 0.0000166667
102 192.6188 0.0000166667
103 194.5256 0.0000166667
104 196.4329 0.0000166667
105 198.3393 0.0000166667
106 200.2462 0.0000166667
107 202.1570 0.0000166667
108 204.0692 0.0000166667
109 205.9776 0.0000166667
110 207.8843 0.0000166667
111 209.7915 0.0000166667
112 211.6993 0.0000166667
113 213.6067 0.0000166667
114 215.5140 0.0000166667
115 217.4211 0.0000166667
116 219.3285 0.0000166667
117 221.2359 0.0000166667
118 223.1438 0.0000166667
119 225.0514 0.0000166667
120 226.9581 0.0000166667
121 228.8666 0.0000166667
122 230.7739 0.0000166667
123 232.6812 0.0000166667
124 234.5892 0.0000166667
125 236.4960 0.0000000000
126 238.4045 0.0000000000
127 240.3116 0.0000000000
128 242.2201 0.0000000000
129 244.1277 0.0000000000
130 246.0335 0.0000000000
131 247.9402 0.0000000000
132 249.8484 0.0000000000
133 251.7549 0.0000000000
134 253.6628 0.0000000000
135 255.5691 0.0000000000
136 257.4759 0.0000000000
137 259.3833 0.0000000000
138 261.2895 0.0000000000
139 263.1964 0.0000000000
140 265.1042 0.0000000000
141 267.0100 0.0000000000
142 268.9168 0.0000000000
143 270.8231 0.0000000000
144 272.7305 0.0000000000
145 274.6362 0.0000000000
146 276.5430 0.0000000000
147 278.4492 0.0000000000
148 280.3559 0.0000000000
149 282.2623 0.0000000000
150 284.1702 0.0000000000
151 286.0779 0.0000000000
152 287.9854 0.0000000000
153 289.8931 0.0000000000
154 291.7994 0.0000000000
155 293.7076 0.0000000000
156 295.6137 0.0000000000
157 297.5195 0.0000000000
158 299.4265 0.0000000000
159 301.3321 0.0000000000
160 303.2388 0.0000000000
161 305.1458 0.0000000000
162 307.0527 0.0000000000
163 308.9605 0.0000000000
164 310.8678 0.0000000000
165 312.7733 0.0000000000
166 314.6806 0.0000000000
167 316.5883 0.0000000000
168 318.4954 0.0000000000
169 320.4019 0.0000000000
170 322.3091 0.0000000000
171 324.2167 0.0000000000
172 326.1231 0.0000000000
173 328.0303 0.0000000000
174 329.9382 0.0000000000
175 331.8453 0.0000000000
176 333.7535 0.0000000000
177 335.6608 0.0000000000
178 337.5681 0.0000000000
179 339.4768 0.0000000000
180 341.3842 0.0000000000
181 343.2918 0.0000000000
182 345.1978 0.0000000000
183 347.1047 0.0000000000
184 349.0122 0.0000000000
185 350.9182 0.0000000000
186 352.8244 0.0000000000
187 354.7313 0.0000000000
188 356.6373 0.0000000000
189 358.5439 0.0000000000
190 360.4510 0.0000000000
191 362.3582 0.0000000000
192 364.2656 0.0000000000
193 366.1730 0.0000000000
194 368.0796 0.0000000000
195 369.9864 0.0000000000
196 371.8934 0.0000000000
197 373.8031 0.0000000000
198 375.7092 0.0000000000
199 377.6163 0.0000000000
200 379.5234 0.0000000000
