1 0.0000 4.5600000000
2 1.9266 3.2800000000
3 3.8530 2.7400000000
4 5.7808 2.4500000000
5 7.7070 2.3000000000
6 9.6330 2.2700000000
7 11.5587 2.1500000000
8 13.5015 2.0900000000
9 15.4300 2.0700000000
10 17.3565 2.0300000000
11 19.2811 2.0100000000
12 21.2071 2.0100000000
13 23.1317 2.0000000000
14 25.0562 2.0000000000
15 26.9793 1.9500000000
16 28.9041 1.9600000000
17 30.8293 1.9300000000
18 32.7543 1.9200000000
19 34.6780 1.8800000000
20 36.6027 1.9200000000
21 38.5270 1.9100000000
22 40.4511 1.9100000000
23 42.3747 1.8800000000
24 44.2997 1.8400000000
25 46.2245 1.8700000000
26 48.1515 1.8700000000
27 50.0751 1.8500000000
28 52.0001 1.8900000000
29 53.9245 1.8600000000
30 55.8486 1.8900000000
31 57.7739 1.8800000000
32 59.6980 1.8800000000
33 61.6229 1.8500000000
34 63.5473 1.8700000000
35 65.4726 1.8800000000
36 67.3969 1.8800000000
37 69.3212 1.8900000000
38 71.2460 1.9000000000
39 73.1698 1.8700000000
40 75.0944 1.8700000000
41 77.0187 1.8700000000
42 78.9430 1.8300000000
43 80.8677 1.8400000000
44 82.7919 1.8600000000
45 84.7159 1.8400000000
46 86.6409 1.8700000000
47 88.5660 1.8300000000
48 90.4897 1.8500000000
49 92.4128 1.8200000000
50 94.3378 1.8600000000
51 96.2615 1.8400000000
52 98.1854 1.8500000000
53 100.1084 1.8400000000
54 102.0336 1.8500000000
55 103.9576 1.8100000000
56 105.8811 1.8300000000
57 107.8053 1.8400000000
58 109.7296 1.8100000000
59 111.6529 1.8300000000
60 113.5777 1.8100000000
61 115.5000 1.8400000000
62 117.4231 1.8000000000
63 119.3499 1.8200000000
64 121.2745 1.8200000000
65 123.1978 1.8000000000
66 125.1227 1.8100000000
67 127.0464 1.8100000000
68 128.9697 1.8100000000
69 130.8927 1.8000000000
70 132.8161 1.7900000000
71 134.7399 1.8000000000
72 136.6630 1.8000000000
73 138.5863 1.8000000000
74 140.5107 1.8100000000
75 142.4345 1.8000000000
76 144.3586 1.8000000000
77 146.2817 1.8100000000
78 148.2058 1.8000000000
79 150.1285 1.8100000000
80 152.0540 1.8000000000
81 153.9800 1.8000000000
82 155.9042 1.8000000000
83 157.8286 1.8200000000
84 159.7524 1.7900000000
85 161.6754 1.8000000000
86 163.6002 1.8000000000
87 165.5240 1.8000000000
88 167.4481 1.8100000000
89 169.3723 1.8100000000
90 171.2954 1.8100000000
91 173.2200 1.8000000000
92 175.1428 1.8000000000
93 177.0670 1.8200000000
94 178.9900 1.8000000000
95 180.9133 1.8000000000
96 182.8364 1.8000000000
97 184.7601 1.8100000000
98 186.6846 1.7900000000
99 188.6078 1.8000000000
100 190.5311 1.8000000000
101 192.4542 1.8000000000
102 194.3784 1.8000000000
103 196.3014 1.8000000000
104 198.2248 1.7900000000
105 200.1500 1.7800000000
106 202.0747 1.8000000000
107 203.9981 1.7900000000
108 205.9224 1.7600000000
109 207.8454 1.7900000000
110 209.7687 1.7600000000
111 211.6923 1.7700000000
112 213.6163 1.7900000000
113 215.5394 1.8100000000
114 217.4645 1.7800000000
115 219.3880 1.7900000000
116 221.3122 1.7600000000
117 223.2379 1.7800000000
118 225.1690 1.7700000000
119 227.0946 1.7600000000
120 229.0203 1.7800000000
121 230.9458 1.7600000000
122 232.8704 1.7500000000
123 234.7953 1.7500000000
124 236.7206 1.7400000000
125 238.6440 1.7600000000
126 240.5683 1.7600000000
127 242.4932 1.7500000000
128 244.4194 1.7500000000
129 246.3440 1.7500000000
130 248.2687 1.7600000000
131 250.1930 1.7500000000
132 252.1171 1.7500000000
133 254.0408 1.7600000000
134 255.9650 1.7600000000
135 257.8889 1.7600000000
136 259.8127 1.7500000000
137 261.7372 1.7500000000
138 263.6615 1.7500000000
139 265.5866 1.7400000000
140 267.5104 1.7500000000
141 269.4334 1.7600000000
142 271.3581 1.7600000000
143 273.2824 1.7500000000
144 275.2061 1.7400000000
145 277.1295 1.7500000000
146 279.0535 1.7400000000
147 280.9764 1.7600000000
148 282.9010 1.7300000000
149 284.8246 1.7500000000
150 286.7492 1.7500000000
151 288.6728 1.7200000000
152 290.5979 1.7600000000
153 292.5214 1.7400000000
154 294.4466 1.7600000000
155 296.3706 1.7500000000
156 298.2942 1.7500000000
157 300.2182 1.7600000000
158 302.1406 1.7300000000
159 304.0639 1.7600000000
160 305.9892 1.7600000000
161 307.9134 1.7500000000
162 309.8373 1.7600000000
163 311.7603 1.7500000000
164 313.6847 1.7300000000
165 315.6072 1.7400000000
166 317.5330 1.7600000000
167 319.4562 1.7500000000
168 321.3799 1.7500000000
169 323.3030 1.7400000000
170 325.2275 1.7600000000
171 327.1503 1.7400000000
172 329.0743 1.7500000000
173 330.9980 1.7500000000
174 332.9213 1.7500000000
175 334.8459 1.7500000000
176 336.7709 1.7400000000
177 338.6944 1.7500000000
178 340.6169 1.7500000000
179 342.5397 1.7400000000
180 344.4632 1.7400000000
181 346.3869 1.7500000000
182 348.3106 1.7600000000
183 350.2370 1.7300000000
184 352.1605 1.7600000000
185 354.0835 1.7500000000
186 356.0070 1.7400000000
187 357.9302 1.7400000000
188 359.8548 1.7300000000
189 361.7779 1.7400000000
190 363.7007 1.7400000000
191 365.6245 1.7400000000
192 367.5476 1.7400000000
193 369.4714 1.7400000000
194 371.3945 1.7200000000
195 373.3182 1.7300000000
196 375.2428 1.7400000000
197 377.1664 1.7400000000
198 379.0900 1.7300000000
199 381.0129 1.7600000000
200 382.9359 1.7300000000
