1 0.0000 0.0706166667
2 1.9266 0.0316500000
3 3.8530 0.0216500000
4 5.7808 0.0162000000
5 7.7070 0.0125333333
6 9.6330 0.0095333333
7 11.5587 0.0070166667
8 13.5015 0.0052666667
9 15.4300 0.0037333333
10 17.3565 0.0027500000
11 19.2811 0.0019500000
12 21.2071 0.0014833333
13 23.1317 0.0011333333
14 25.0562 0.0008500000
15 26.9793 0.0007166667
16 28.9041 0.0006000000
17 30.8293 0.0005333333
18 32.7543 0.0004666667
19 34.6780 0.0003666667
20 36.6027 0.0003000000
21 38.5270 0.0002666667
22 40.4511 0.0002500000
23 42.3747 0.0002000000
24 44.2997 0.0001500000
25 46.2245 0.0001166667
26 48.1515 0.0001166667
27 50.0751 0.0001000000
28 52.0001 0.0000833333
29 53.9245 0.0000833333
30 55.8486 0.0000833333
31 57.7739 0.0000833333
32 59.6980 0.0000833333
33 61.6229 0.0000500000
34 63.5473 0.0000500000
35 65.4726 0.0000500000
36 67.3969 0.0000500000
37 69.3212 0.0000500000
38 71.2460 0.0000333333
39 73.1698 0.0000333333
40 75.0944 0.0000333333
41 77.0187 0.0000333333
42 78.9430 0.0000333333
43 80.8677 0.0000333333
44 82.7919 0.0000333333
45 84.7159 0.0000333333
46 86.6409 0.0000333333
47 88.5660 0.0000333333
48 90.4897 0.0000333333
49 92.4128 0.0000333333
50 94.3378 0.0000333333
51 96.2615 0.0000333333
52 98.1854 0.0000166667
53 100.1084 0.0000333333
54 102.0336 0.0000166667
55 103.9576 0.0000166667
56 105.8811 0.0000166667
57 107.8053 0.0000166667
58 109.7296 0.0000166667
59 111.6529 0.0000166667
60 113.5777 0.0000166667
61 115.5000 0.0000166667
62 117.4231 0.0000166667
63 119.3499 0.0000166667
64 121.2745 0.0000166667
65 123.1978 0.0000166667
66 125.1227 0.0000166667
67 127.0464 0.0000166667
68 128.9697 0.0000166667
69 130.8927 0.0000166667
70 132.8161 0.0000166667
71 134.7399 0.0000166667
72 136.6630 0.0000166667
73 138.5863 0.0000166667
74 140.5107 0.0000166667
75 142.4345 0.0000166667
76 144.3586 0.0000166667
77 146.2817 0.0000166667
78 148.2058 0.0000166667
79 150.1285 0.0000166667
80 152.0540 0.0000166667
81 153.9800 0.0000166667
82 155.9042 0.0000166667
83 157.8286 0.0000166667
84 159.7524 0.0000166667
85 161.6754 0.0000166667
86 163.6002 0.0000166667
87 165.5240 0.0000166667
88 167.4481 0.0000166667
89 169.3723 0.0000166667
90 171.2954 0.0000166667
91 173.2200 0.0000166667
92 175.1428 0.0000166667
93 177.0670 0.0000166667
94 178.9900 0.0000166667
95 180.9133 0.0000166667
96 182.8364 0.0000166667
97 184.7601 0.0000166667
98 186.6846 0.0000166667
99 188.6078 0.0000166667
100 190.5311 0.0000166667
101 192.4542 0.0000166667
102 194.3784 0.0000166667
103 196.3014 0.0000166667
104 198.2248 0.0000166667
105 200.1500 0.0000166667
106 202.0747 0.0000166667
107 203.9981 0.0000166667
108 205.9224 0.0000166667
109 207.8454 0.0000166667
110 209.7687 0.0000166667
111 211.6923 0.0000166667
112 213.6163 0.0000166667
113 215.5394 0.0000166667
114 217.4645 0.0000166667
115 219.3880 0.0000166667
116 221.3122 0.0000166667
117 223.2379 0.0000166667
118 225.1690 0.0000166667
119 227.0946 0.0000166667
120 229.0203 0.0000166667
121 230.9458 0.0000166667
122 232.8704 0.0000166667
123 234.7953 0.0000166667
124 236.7206 0.0000166667
125 238.6440 0.0000166667
126 240.5683 0.0000166667
127 242.4932 0.0000166667
128 244.4194 0.0000166667
129 246.3440 0.0000166667
130 248.2687 0.0000166667
131 250.1930 0.0000166667
132 252.1171 0.0000166667
133 254.0408 0.0000166667
134 255.9650 0.0000166667
135 257.8889 0.0000166667
136 259.8127 0.0000166667
137 261.7372 0.0000166667
138 263.6615 0.0000166667
139 265.5866 0.0000166667
140 267.5104 0.0000166667
141 269.4334 0.0000166667
142 271.3581 0.0000166667
143 273.2824 0.0000166667
144 275.2061 0.0000166667
145 277.1295 0.0000166667
146 279.0535 0.0000166667
147 280.9764 0.0000166667
148 282.9010 0.0000166667
149 284.8246 0.0000166667
150 286.7492 0.0000166667
151 288.6728 0.0000166667
152 290.5979 0.0000166667
153 292.5214 0.0000166667
154 294.4466 0.0000166667
155 296.3706 0.0000166667
156 298.2942 0.0000166667
157 300.2182 0.0000166667
158 302.1406 0.0000166667
159 304.0639 0.0000166667
160 305.9892 0.0000166667
161 307.9134 0.0000166667
162 309.8373 0.0000166667
163 311.7603 0.0000166667
164 313.6847 0.0000166667
165 315.6072 0.0000166667
166 317.5330 0.0000166667
167 319.4562 0.0000166667
168 321.3799 0.0000166667
169 323.3030 0.0000166667
170 325.2275 0.0000166667
171 327.1503 0.0000166667
172 329.0743 0.0000166667
173 330.9980 0.0000166667
174 332.9213 0.0000166667
175 334.8459 0.0000166667
176 336.7709 0.0000166667
177 338.6944 0.0000166667
178 340.6169 0.0000166667
179 342.5397 0.0000166667
180 344.4632 0.0000166667
181 346.3869 0.0000166667
182 348.3106 0.0000166667
183 350.2370 0.0000166667
184 352.1605 0.0000166667
185 354.0835 0.0000166667
186 356.0070 0.0000166667
187 357.9302 0.0000166667
188 359.8548 0.0000166667
189 361.7779 0.0000166667
190 363.7007 0.0000166667
191 365.6245 0.0000166667
192 367.5476 0.0000166667
193 369.4714 0.0000166667
194 371.3945 0.0000166667
195 373.3182 0.0000166667
196 375.2428 0.0000166667
197 377.1664 0.0000166667
198 379.0900 0.0000166667
199 381.0129 0.0000166667
200 382.9359 0.0000166667
