1 0.0000 8.9700000000
2 1.9126 7.4600000000
3 3.8247 6.5500000000
4 5.7343 5.6000000000
5 7.6464 5.0000000000
6 9.5614 4.7300000000
7 11.4712 4.3000000000
8 13.3815 4.0600000000
9 15.2918 3.7800000000
10 17.2011 3.5100000000
11 19.1096 3.3700000000
12 21.0204 3.2900000000
13 22.9284 3.2600000000
14 24.8384 3.1300000000
15 26.7485 3.1000000000
16 28.6588 3.0600000000
17 30.5728 2.9900000000
18 32.4859 2.9300000000
19 34.3957 2.8200000000
20 36.3055 2.7400000000
21 38.2154 2.7300000000
22 40.1232 2.6900000000
23 42.0309 2.6300000000
24 43.9399 2.5800000000
25 45.8499 2.5300000000
26 47.7624 2.4800000000
27 49.6733 2.4600000000
28 51.5842 2.4400000000
29 53.4945 2.4300000000
30 55.4039 2.3900000000
31 57.3129 2.3700000000
32 59.2222 2.3300000000
33 61.1303 2.3200000000
34 63.0382 2.2900000000
35 64.9490 2.2700000000
36 66.8606 2.2400000000
37 68.7704 2.2200000000
38 70.6827 2.1900000000
39 72.5946 2.1800000000
40 74.5042 2.1500000000
41 76.4138 2.1200000000
42 78.3211 2.1100000000
43 80.2291 2.0900000000
44 82.1385 2.1000000000
45 84.0474 2.1000000000
46 85.9586 2.0900000000
47 87.8679 2.0900000000
48 89.7776 2.0900000000
49 91.6868 2.0800000000
50 93.5983 2.0800000000
51 95.5106 2.0800000000
52 97.4202 2.0500000000
53 99.3288 2.0300000000
54 101.2378 2.0300000000
55 103.1479 2.0300000000
56 105.0596 2.0200000000
57 106.9699 2.0100000000
58 108.8796 2.0200000000
59 110.7925 2.0200000000
60 112.7066 2.0100000000
61 114.6166 2.0200000000
62 116.5252 2.0100000000
63 118.4336 1.9800000000
64 120.3435 1.9800000000
65 122.2536 1.9700000000
66 124.1622 1.9700000000
67 126.0715 1.9700000000
68 127.9803 1.9600000000
69 129.8906 1.9600000000
70 131.7995 1.9600000000
71 133.7113 1.9700000000
72 135.6234 1.9500000000
73 137.5332 1.9600000000
74 139.4715 1.9600000000
75 141.3810 1.9700000000
76 143.2899 1.9600000000
77 145.1992 1.9500000000
78 147.1088 1.9400000000
79 149.0175 1.9200000000
80 150.9267 1.9100000000
81 152.8363 1.9100000000
82 154.7448 1.9200000000
83 156.6559 1.9100000000
84 158.5689 1.9100000000
85 160.4797 1.9100000000
86 162.3902 1.9000000000
87 164.3006 1.8700000000
88 166.2119 1.8600000000
89 168.1206 1.8500000000
90 170.0311 1.8400000000
91 171.9408 1.8400000000
92 173.8488 1.8300000000
93 175.7579 1.8200000000
94 177.6663 1.8300000000
95 179.5783 1.8200000000
96 181.4909 1.8100000000
97 183.4015 1.8100000000
98 185.3278 1.8200000000
99 187.2426 1.8000000000
100 189.1523 1.8000000000
101 191.0622 1.8000000000
102 192.9695 1.8000000000
103 194.8785 1.7900000000
104 196.7863 1.7900000000
105 198.6955 1.7900000000
106 200.6051 1.7800000000
107 202.5188 1.7800000000
108 204.4328 1.7800000000
109 206.3439 1.7800000000
110 208.2538 1.7900000000
111 210.1628 1.7900000000
112 212.0712 1.7900000000
113 213.9794 1.7900000000
114 215.8880 1.7900000000
115 217.7982 1.8000000000
116 219.7108 1.7900000000
117 221.6214 1.7900000000
118 223.5316 1.7900000000
119 225.4426 1.7900000000
120 227.3530 1.8000000000
121 229.2625 1.8100000000
122 231.1703 1.8100000000
123 233.0795 1.8200000000
124 234.9880 1.8200000000
125 236.8967 1.8200000000
126 238.8057 1.8200000000
127 240.7149 1.8100000000
128 242.6281 1.8100000000
129 244.5395 1.8100000000
130 246.4491 1.8100000000
131 248.3586 1.8100000000
132 250.2687 1.8100000000
133 252.1758 1.8000000000
134 254.0842 1.8000000000
135 255.9921 1.8000000000
136 257.9008 1.8000000000
137 259.8103 1.8000000000
138 261.7192 1.8000000000
139 263.6275 1.8100000000
140 265.5402 1.8200000000
141 267.4554 1.8100000000
142 269.3636 1.8100000000
143 271.2710 1.8100000000
144 273.1799 1.8100000000
145 275.0892 1.8100000000
146 276.9991 1.8100000000
147 278.9095 1.8000000000
148 280.8180 1.8000000000
149 282.7311 1.8000000000
150 284.6439 1.8000000000
151 286.5549 1.7900000000
152 288.4649 1.7900000000
153 290.3730 1.7800000000
154 292.2816 1.7900000000
155 294.1906 1.8000000000
156 296.1026 1.8000000000
157 298.0132 1.8000000000
158 299.9249 1.8000000000
159 301.8343 1.8000000000
160 303.7447 1.8000000000
161 305.6581 1.8000000000
162 307.5706 1.8100000000
163 309.4795 1.8100000000
164 311.3885 1.8100000000
165 313.2983 1.8000000000
166 315.2084 1.8100000000
167 317.1190 1.8100000000
168 319.0289 1.8100000000
169 320.9379 1.8100000000
170 322.8477 1.8100000000
171 324.7575 1.8100000000
172 326.6658 1.8100000000
173 328.5762 1.8100000000
174 330.4908 1.8100000000
175 332.4011 1.8100000000
176 334.3109 1.8100000000
177 336.2294 1.8100000000
178 338.1397 1.8100000000
179 340.0508 1.8100000000
180 341.9612 1.8100000000
181 343.8702 1.8100000000
182 345.7792 1.8100000000
183 347.6878 1.8100000000
184 349.5962 1.8100000000
185 351.5091 1.8100000000
186 353.4238 1.8000000000
187 355.3334 1.8000000000
188 357.2425 1.8000000000
189 359.1525 1.8000000000
190 361.0630 1.8000000000
191 362.9720 1.8000000000
192 364.8806 1.8000000000
193 366.7887 1.8000000000
194 368.7000 1.8000000000
195 370.6123 1.8000000000
196 372.5223 1.8000000000
197 374.4333 1.8000000000
198 376.3439 1.8000000000
199 378.2542 1.8000000000
200 380.1642 1.8000000000
