1 0.0000 0.1252833333
2 1.9126 0.0795666667
3 3.8247 0.0671500000
4 5.7343 0.0572000000
5 7.6464 0.0493166667
6 9.5614 0.0437666667
7 11.4712 0.0388000000
8 13.3815 0.0347833333
9 15.2918 0.0313333333
10 17.2011 0.0282500000
11 19.1096 0.0257333333
12 21.0204 0.0232833333
13 22.9284 0.0215166667
14 24.8384 0.0197333333
15 26.7485 0.0181500000
16 28.6588 0.0169666667
17 30.5728 0.0158500000
18 32.4859 0.0146833333
19 34.3957 0.0137000000
20 36.3055 0.0128666667
21 38.2154 0.0119166667
22 40.1232 0.0112166667
23 42.0309 0.0104333333
24 43.9399 0.0096500000
25 45.8499 0.0088833333
26 47.7624 0.0082666667
27 49.6733 0.0075000000
28 51.5842 0.0066666667
29 53.4945 0.0061000000
30 55.4039 0.0056500000
31 57.3129 0.0050333333
32 59.2222 0.0045833333
33 61.1303 0.0041333333
34 63.0382 0.0038000000
35 64.9490 0.0034000000
36 66.8606 0.0031833333
37 68.7704 0.0028500000
38 70.6827 0.0026333333
39 72.5946 0.0023666667
40 74.5042 0.0022000000
41 76.4138 0.0019500000
42 78.3211 0.0018333333
43 80.2291 0.0017000000
44 82.1385 0.0015666667
45 84.0474 0.0014500000
46 85.9586 0.0013333333
47 87.8679 0.0012500000
48 89.7776 0.0010833333
49 91.6868 0.0010166667
50 93.5983 0.0008666667
51 95.5106 0.0007500000
52 97.4202 0.0006833333
53 99.3288 0.0006666667
54 101.2378 0.0006000000
55 103.1479 0.0005500000
56 105.0596 0.0005333333
57 106.9699 0.0005000000
58 108.8796 0.0005000000
59 110.7925 0.0004333333
60 112.7066 0.0003833333
61 114.6166 0.0003666667
62 116.5252 0.0003500000
63 118.4336 0.0002666667
64 120.3435 0.0002666667
65 122.2536 0.0002500000
66 124.1622 0.0002500000
67 126.0715 0.0002333333
68 127.9803 0.0002333333
69 129.8906 0.0002333333
70 131.7995 0.0002000000
71 133.7113 0.0001833333
72 135.6234 0.0001500000
73 137.5332 0.0001333333
74 139.4715 0.0001333333
75 141.3810 0.0001166667
76 143.2899 0.0001000000
77 145.1992 0.0000833333
78 147.1088 0.0000833333
79 149.0175 0.0000666667
80 150.9267 0.0000500000
81 152.8363 0.0000500000
82 154.7448 0.0000333333
83 156.6559 0.0000166667
84 158.5689 0.0000166667
85 160.4797 0.0000166667
86 162.3902 0.0000166667
87 164.3006 0.0000166667
88 166.2119 0.0000166667
89 168.1206 0.0000166667
90 170.0311 0.0000166667
91 171.9408 0.0000166667
92 173.8488 0.0000166667
93 175.7579 0.0000166667
94 177.6663 0.0000166667
95 179.5783 0.0000166667
96 181.4909 0.0000166667
97 183.4015 0.0000166667
98 185.3278 0.0000166667
99 187.2426 0.0000166667
100 189.1523 0.0000166667
101 191.0622 0.0000166667
102 192.9695 0.0000166667
103 194.8785 0.0000166667
104 196.7863 0.0000166667
105 198.6955 0.0000166667
106 200.6051 0.0000166667
107 202.5188 0.0000166667
108 204.4328 0.0000166667
109 206.3439 0.0000166667
110 208.2538 0.0000166667
111 210.1628 0.0000166667
112 212.0712 0.0000166667
113 213.9794 0.0000166667
114 215.8880 0.0000166667
115 217.7982 0.0000166667
116 219.7108 0.0000166667
117 221.6214 0.0000166667
118 223.5316 0.0000166667
119 225.4426 0.0000000000
120 227.3530 0.0000000000
121 229.2625 0.0000000000
122 231.1703 0.0000000000
123 233.0795 0.0000000000
124 234.9880 0.0000000000
125 236.8967 0.0000000000
126 238.8057 0.0000000000
127 240.7149 0.0000000000
128 242.6281 0.0000000000
129 244.5395 0.0000000000
130 246.4491 0.0000000000
131 248.3586 0.0000000000
132 250.2687 0.0000000000
133 252.1758 0.0000000000
134 254.0842 0.0000000000
135 255.9921 0.0000000000
136 257.9008 0.0000000000
137 259.8103 0.0000000000
138 261.7192 0.0000000000
139 263.6275 0.0000000000
140 265.5402 0.0000000000
141 267.4554 0.0000000000
142 269.3636 0.0000000000
143 271.2710 0.0000000000
144 273.1799 0.0000000000
145 275.0892 0.0000000000
146 276.9991 0.0000000000
147 278.9095 0.0000000000
148 280.8180 0.0000000000
149 282.7311 0.0000000000
150 284.6439 0.0000000000
151 286.5549 0.0000000000
152 288.4649 0.0000000000
153 290.3730 0.0000000000
154 292.2816 0.0000000000
155 294.1906 0.0000000000
156 296.1026 0.0000000000
157 298.0132 0.0000000000
158 299.9249 0.0000000000
159 301.8343 0.0000000000
160 303.7447 0.0000000000
161 305.6581 0.0000000000
162 307.5706 0.0000000000
163 309.4795 0.0000000000
164 311.3885 0.0000000000
165 313.2983 0.0000000000
166 315.2084 0.0000000000
167 317.1190 0.0000000000
168 319.0289 0.0000000000
169 320.9379 0.0000000000
170 322.8477 0.0000000000
171 324.7575 0.0000000000
172 326.6658 0.0000000000
173 328.5762 0.0000000000
174 330.4908 0.0000000000
175 332.4011 0.0000000000
176 334.3109 0.0000000000
177 336.2294 0.0000000000
178 338.1397 0.0000000000
179 340.0508 0.0000000000
180 341.9612 0.0000000000
181 343.8702 0.0000000000
182 345.7792 0.0000000000
183 347.6878 0.0000000000
184 349.5962 0.0000000000
185 351.5091 0.0000000000
186 353.4238 0.0000000000
187 355.3334 0.0000000000
188 357.2425 0.0000000000
189 359.1525 0.0000000000
190 361.0630 0.0000000000
191 362.9720 0.0000000000
192 364.8806 0.0000000000
193 366.7887 0.0000000000
194 368.7000 0.0000000000
195 370.6123 0.0000000000
196 372.5223 0.0000000000
197 374.4333 0.0000000000
198 376.3439 0.0000000000
199 378.2542 0.0000000000
200 380.1642 0.0000000000
