1 0.0000 9.1300000000
2 1.9144 7.6100000000
3 3.8213 6.7800000000
4 5.7314 5.8300000000
5 7.6487 5.0600000000
6 9.5731 4.5200000000
7 11.4796 4.1200000000
8 13.3874 3.8700000000
9 15.2943 3.6400000000
10 17.2017 3.4400000000
11 19.1096 3.2600000000
12 21.0171 3.0200000000
13 22.9256 2.9500000000
14 24.8335 2.8400000000
15 26.7407 2.7000000000
16 28.6485 2.6100000000
17 30.5591 2.5600000000
18 32.4738 2.4600000000
19 34.3845 2.4200000000
20 36.2955 2.3700000000
21 38.2068 2.3700000000
22 40.1185 2.3300000000
23 42.0301 2.2900000000
24 43.9682 2.2700000000
25 45.8788 2.2400000000
26 47.7882 2.2200000000
27 49.6987 2.1900000000
28 51.6101 2.1700000000
29 53.5236 2.1400000000
30 55.4354 2.1000000000
31 57.3448 2.0900000000
32 59.2528 2.1000000000
33 61.1623 2.1100000000
34 63.0719 2.0900000000
35 64.9809 2.1100000000
36 66.8905 2.0900000000
37 68.7998 2.0600000000
38 70.7121 2.0500000000
39 72.6288 2.0500000000
40 74.5398 2.0400000000
41 76.4506 2.0500000000
42 78.3607 2.0200000000
43 80.2711 2.0200000000
44 82.1814 2.0200000000
45 84.0911 2.0100000000
46 86.0011 2.0200000000
47 87.9104 2.0100000000
48 89.8205 2.0000000000
49 91.7297 2.0000000000
50 93.6525 2.0000000000
51 95.5718 2.0000000000
52 97.4845 1.9900000000
53 99.3948 1.9900000000
54 101.3061 1.9900000000
55 103.2178 1.9700000000
56 105.1284 1.9800000000
57 107.0388 1.9700000000
58 108.9505 1.9700000000
59 110.8617 1.9600000000
60 112.7714 1.9600000000
61 114.6823 1.9600000000
62 116.5970 1.9600000000
63 118.5147 1.9400000000
64 120.4251 1.9300000000
65 122.3349 1.9300000000
66 124.2442 1.9300000000
67 126.1570 1.9300000000
68 128.0657 1.9300000000
69 129.9747 1.9300000000
70 131.8821 1.9300000000
71 133.8004 1.9300000000
72 135.7091 1.9200000000
73 137.6194 1.9300000000
74 139.5299 1.9400000000
75 141.4434 1.9400000000
76 143.3545 1.9300000000
77 145.2636 1.9400000000
78 147.1734 1.9400000000
79 149.0840 1.9400000000
80 150.9923 1.9400000000
81 152.9037 1.9400000000
82 154.8141 1.9400000000
83 156.7262 1.9400000000
84 158.6408 1.9400000000
85 160.5531 1.9400000000
86 162.4636 1.9500000000
87 164.3738 1.9500000000
88 166.2848 1.9500000000
89 168.1957 1.9600000000
90 170.1062 1.9500000000
91 172.0175 1.9500000000
92 173.9288 1.9400000000
93 175.8391 1.9400000000
94 177.7498 1.9300000000
95 179.6639 1.9300000000
96 181.5774 1.9300000000
97 183.4873 1.9200000000
98 185.3960 1.9100000000
99 187.3055 1.9100000000
100 189.2139 1.9000000000
101 191.1231 1.9000000000
102 193.0324 1.9000000000
103 194.9401 1.9000000000
104 196.8492 1.8900000000
105 198.7573 1.8900000000
106 200.6671 1.8800000000
107 202.5798 1.8700000000
108 204.4915 1.8700000000
109 206.4017 1.8700000000
110 208.3123 1.8700000000
111 210.2216 1.8700000000
112 212.1325 1.8700000000
113 214.0437 1.8700000000
114 215.9541 1.8500000000
115 217.8644 1.8500000000
116 219.7753 1.8600000000
117 221.6922 1.8600000000
118 223.6038 1.8600000000
119 225.5183 1.8600000000
120 227.4312 1.8600000000
121 229.3399 1.8500000000
122 231.2487 1.8500000000
123 233.1581 1.8400000000
124 235.0670 1.8400000000
125 236.9765 1.8400000000
126 238.8844 1.8400000000
127 240.7932 1.8400000000
128 242.7049 1.8400000000
129 244.6132 1.8400000000
130 246.5212 1.8200000000
131 248.4306 1.8200000000
132 250.3391 1.8200000000
133 252.2474 1.8200000000
134 254.1558 1.8200000000
135 256.0641 1.8100000000
136 257.9716 1.8200000000
137 259.8803 1.8100000000
138 261.7895 1.8000000000
139 263.6977 1.8000000000
140 265.6100 1.8000000000
141 267.5252 1.8000000000
142 269.4356 1.8000000000
143 271.3460 1.8000000000
144 273.2565 1.7900000000
145 275.1670 1.7900000000
146 277.0784 1.7900000000
147 278.9881 1.7900000000
148 280.8987 1.7900000000
149 282.8088 1.7900000000
150 284.7179 1.7900000000
151 286.6268 1.7800000000
152 288.5400 1.7800000000
153 290.4556 1.7800000000
154 292.3661 1.7700000000
155 294.2778 1.7700000000
156 296.1899 1.7700000000
157 298.1008 1.7700000000
158 300.0118 1.7700000000
159 301.9225 1.7600000000
160 303.8332 1.7600000000
161 305.7469 1.7700000000
162 307.6607 1.7700000000
163 309.5719 1.7700000000
164 311.4816 1.7700000000
165 313.3914 1.7700000000
166 315.3008 1.7700000000
167 317.2097 1.7700000000
168 319.1175 1.7700000000
169 321.0255 1.7700000000
170 322.9337 1.7700000000
171 324.8421 1.7700000000
172 326.7501 1.7700000000
173 328.6615 1.7700000000
174 330.5738 1.7700000000
175 332.4845 1.7700000000
176 334.3935 1.7700000000
177 336.3038 1.7700000000
178 338.2127 1.7700000000
179 340.1228 1.7700000000
180 342.0333 1.7700000000
181 343.9438 1.7700000000
182 345.8556 1.7700000000
183 347.7612 1.7700000000
184 349.6674 1.7700000000
185 351.5759 1.7600000000
186 353.4891 1.7600000000
187 355.3952 1.7600000000
188 357.3021 1.7600000000
189 359.2084 1.7600000000
190 361.1143 1.7600000000
191 363.0214 1.7500000000
192 364.9265 1.7500000000
193 366.8321 1.7500000000
194 368.7416 1.7500000000
195 370.6475 1.7600000000
196 372.5525 1.7600000000
197 374.4572 1.7500000000
198 376.3625 1.7500000000
199 378.2670 1.7400000000
200 380.1724 1.7400000000
