1 0.0000 0.1256333333
2 1.9144 0.0797666667
3 3.8213 0.0668000000
4 5.7314 0.0571500000
5 7.6487 0.0495000000
6 9.5731 0.0433000000
7 11.4796 0.0381833333
8 13.3874 0.0335500000
9 15.2943 0.0301333333
10 17.2017 0.0278000000
11 19.1096 0.0253833333
12 21.0171 0.0233000000
13 22.9256 0.0213333333
14 24.8335 0.0192166667
15 26.7407 0.0178333333
16 28.6485 0.0164500000
17 30.5591 0.0153333333
18 32.4738 0.0144166667
19 34.3845 0.0132500000
20 36.2955 0.0120333333
21 38.2068 0.0112166667
22 40.1185 0.0103333333
23 42.0301 0.0095500000
24 43.9682 0.0088833333
25 45.8788 0.0082333333
26 47.7882 0.0076333333
27 49.6987 0.0070166667
28 51.6101 0.0064333333
29 53.5236 0.0058000000
30 55.4354 0.0052833333
31 57.3448 0.0048166667
32 59.2528 0.0045000000
33 61.1623 0.0041333333
34 63.0719 0.0037666667
35 64.9809 0.0033500000
36 66.8905 0.0029333333
37 68.7998 0.0026500000
38 70.7121 0.0024166667
39 72.6288 0.0022333333
40 74.5398 0.0022000000
41 76.4506 0.0018833333
42 78.3607 0.0017333333
43 80.2711 0.0015666667
44 82.1814 0.0014500000
45 84.0911 0.0013000000
46 86.0011 0.0012166667
47 87.9104 0.0011500000
48 89.8205 0.0011166667
49 91.7297 0.0009666667
50 93.6525 0.0009166667
51 95.5718 0.0008333333
52 97.4845 0.0007500000
53 99.3948 0.0006166667
54 101.3061 0.0005833333
55 103.2178 0.0005333333
56 105.1284 0.0004833333
57 107.0388 0.0004500000
58 108.9505 0.0004333333
59 110.8617 0.0004000000
60 112.7714 0.0003833333
61 114.6823 0.0003833333
62 116.5970 0.0003666667
63 118.5147 0.0003166667
64 120.4251 0.0003000000
65 122.3349 0.0002166667
66 124.2442 0.0002000000
67 126.1570 0.0002000000
68 128.0657 0.0002000000
69 129.9747 0.0002000000
70 131.8821 0.0002000000
71 133.8004 0.0002000000
72 135.7091 0.0002000000
73 137.6194 0.0001666667
74 139.5299 0.0001666667
75 141.4434 0.0001666667
76 143.3545 0.0001500000
77 145.2636 0.0001500000
78 147.1734 0.0001500000
79 149.0840 0.0001500000
80 150.9923 0.0001333333
81 152.9037 0.0001166667
82 154.8141 0.0001000000
83 156.7262 0.0001000000
84 158.6408 0.0000833333
85 160.5531 0.0000500000
86 162.4636 0.0000333333
87 164.3738 0.0000333333
88 166.2848 0.0000333333
89 168.1957 0.0000166667
90 170.1062 0.0000166667
91 172.0175 0.0000166667
92 173.9288 0.0000166667
93 175.8391 0.0000166667
94 177.7498 0.0000166667
95 179.6639 0.0000166667
96 181.5774 0.0000166667
97 183.4873 0.0000166667
98 185.3960 0.0000166667
99 187.3055 0.0000166667
100 189.2139 0.0000166667
101 191.1231 0.0000166667
102 193.0324 0.0000166667
103 194.9401 0.0000166667
104 196.8492 0.0000166667
105 198.7573 0.0000166667
106 200.6671 0.0000166667
107 202.5798 0.0000166667
108 204.4915 0.0000166667
109 206.4017 0.0000166667
110 208.3123 0.0000166667
111 210.2216 0.0000166667
112 212.1325 0.0000166667
113 214.0437 0.0000166667
114 215.9541 0.0000166667
115 217.8644 0.0000166667
116 219.7753 0.0000166667
117 221.6922 0.0000166667
118 223.6038 0.0000166667
119 225.5183 0.0000166667
120 227.4312 0.0000166667
121 229.3399 0.0000000000
122 231.2487 0.0000000000
123 233.1581 0.0000000000
124 235.0670 0.0000000000
125 236.9765 0.0000000000
126 238.8844 0.0000000000
127 240.7932 0.0000000000
128 242.7049 0.0000000000
129 244.6132 0.0000000000
130 246.5212 0.0000000000
131 248.4306 0.0000000000
132 250.3391 0.0000000000
133 252.2474 0.0000000000
134 254.1558 0.0000000000
135 256.0641 0.0000000000
136 257.9716 0.0000000000
137 259.8803 0.0000000000
138 261.7895 0.0000000000
139 263.6977 0.0000000000
140 265.6100 0.0000000000
141 267.5252 0.0000000000
142 269.4356 0.0000000000
143 271.3460 0.0000000000
144 273.2565 0.0000000000
145 275.1670 0.0000000000
146 277.0784 0.0000000000
147 278.9881 0.0000000000
148 280.8987 0.0000000000
149 282.8088 0.0000000000
150 284.7179 0.0000000000
151 286.6268 0.0000000000
152 288.5400 0.0000000000
153 290.4556 0.0000000000
154 292.3661 0.0000000000
155 294.2778 0.0000000000
156 296.1899 0.0000000000
157 298.1008 0.0000000000
158 300.0118 0.0000000000
159 301.9225 0.0000000000
160 303.8332 0.0000000000
161 305.7469 0.0000000000
162 307.6607 0.0000000000
163 309.5719 0.0000000000
164 311.4816 0.0000000000
165 313.3914 0.0000000000
166 315.3008 0.0000000000
167 317.2097 0.0000000000
168 319.1175 0.0000000000
169 321.0255 0.0000000000
170 322.9337 0.0000000000
171 324.8421 0.0000000000
172 326.7501 0.0000000000
173 328.6615 0.0000000000
174 330.5738 0.0000000000
175 332.4845 0.0000000000
176 334.3935 0.0000000000
177 336.3038 0.0000000000
178 338.2127 0.0000000000
179 340.1228 0.0000000000
180 342.0333 0.0000000000
181 343.9438 0.0000000000
182 345.8556 0.0000000000
183 347.7612 0.0000000000
184 349.6674 0.0000000000
185 351.5759 0.0000000000
186 353.4891 0.0000000000
187 355.3952 0.0000000000
188 357.3021 0.0000000000
189 359.2084 0.0000000000
190 361.1143 0.0000000000
191 363.0214 0.0000000000
192 364.9265 0.0000000000
193 366.8321 0.0000000000
194 368.7416 0.0000000000
195 370.6475 0.0000000000
196 372.5525 0.0000000000
197 374.4572 0.0000000000
198 376.3625 0.0000000000
199 378.2670 0.0000000000
200 380.1724 0.0000000000
