1 0.0000 4.6000000000
2 1.9185 3.3000000000
3 3.8399 2.8900000000
4 5.7564 2.5400000000
5 7.6720 2.3400000000
6 9.5881 2.2700000000
7 11.5035 2.1700000000
8 13.4186 2.1400000000
9 15.3342 2.0600000000
10 17.2492 2.0800000000
11 19.1655 2.0600000000
12 21.0808 2.0100000000
13 22.9963 1.9400000000
14 24.9123 1.9700000000
15 26.8284 1.9500000000
16 28.7441 1.9500000000
17 30.6616 1.9400000000
18 32.5868 1.9000000000
19 34.5045 1.8900000000
20 36.4205 1.8100000000
21 38.3470 1.8100000000
22 40.2616 1.7800000000
23 42.1767 1.7700000000
24 44.0922 1.7300000000
25 46.0066 1.7100000000
26 47.9236 1.7200000000
27 49.8386 1.7400000000
28 51.7539 1.7200000000
29 53.6713 1.7200000000
30 55.5944 1.7100000000
31 57.5104 1.7100000000
32 59.4264 1.7100000000
33 61.3426 1.6800000000
34 63.2590 1.6700000000
35 65.1751 1.6700000000
36 67.0911 1.6600000000
37 69.0061 1.6500000000
38 70.9214 1.6400000000
39 72.8378 1.6300000000
40 74.7531 1.6300000000
41 76.6716 1.6500000000
42 78.5907 1.6500000000
43 80.5074 1.6500000000
44 82.4235 1.6500000000
45 84.3395 1.6400000000
46 86.2569 1.6300000000
47 88.1729 1.6300000000
48 90.0880 1.6400000000
49 92.0040 1.6400000000
50 93.9199 1.6500000000
51 95.8355 1.6500000000
52 97.7531 1.6500000000
53 99.6728 1.6500000000
54 101.5924 1.6500000000
55 103.5089 1.6500000000
56 105.4251 1.6500000000
57 107.3400 1.6600000000
58 109.2554 1.6600000000
59 111.1710 1.6700000000
60 113.0864 1.6700000000
61 115.0024 1.6700000000
62 116.9175 1.6700000000
63 118.8326 1.6700000000
64 120.7479 1.6700000000
65 122.6654 1.6700000000
66 124.5898 1.6700000000
67 126.5050 1.6700000000
68 128.4221 1.6700000000
69 130.3376 1.6700000000
70 132.2524 1.6700000000
71 134.1682 1.6600000000
72 136.0851 1.6600000000
73 137.9993 1.6500000000
74 139.9154 1.6500000000
75 141.8303 1.6500000000
76 143.7449 1.6500000000
77 145.6627 1.6500000000
78 147.5912 1.6400000000
79 149.5063 1.6400000000
80 151.4230 1.6400000000
81 153.3389 1.6400000000
82 155.2550 1.6400000000
83 157.1703 1.6400000000
84 159.0934 1.6400000000
85 161.0374 1.6400000000
86 162.9713 1.6400000000
87 164.8856 1.6400000000
88 166.8016 1.6400000000
89 168.7188 1.6400000000
90 170.6395 1.6400000000
91 172.5556 1.6400000000
92 174.4718 1.6400000000
93 176.3871 1.6400000000
94 178.3036 1.6400000000
95 180.2184 1.6400000000
96 182.1346 1.6400000000
97 184.0534 1.6400000000
98 185.9691 1.6400000000
99 187.8848 1.6400000000
100 189.8003 1.6400000000
101 191.7180 1.6400000000
102 193.6346 1.6400000000
103 195.5508 1.6400000000
104 197.4678 1.6400000000
105 199.3842 1.6400000000
106 201.3012 1.6400000000
107 203.2168 1.6400000000
108 205.1333 1.6400000000
109 207.0495 1.6400000000
110 208.9644 1.6400000000
111 210.8795 1.6400000000
112 212.7962 1.6400000000
113 214.7125 1.6300000000
114 216.6396 1.6400000000
115 218.5568 1.6400000000
116 220.4739 1.6300000000
117 222.3913 1.6300000000
118 224.3083 1.6200000000
119 226.2256 1.6200000000
120 228.1412 1.6200000000
121 230.0566 1.6200000000
122 231.9740 1.6200000000
123 233.8906 1.6200000000
124 235.8083 1.6200000000
125 237.7272 1.6200000000
126 239.6499 1.6200000000
127 241.5671 1.6200000000
128 243.4838 1.6200000000
129 245.3989 1.6200000000
130 247.3165 1.6200000000
131 249.2325 1.6200000000
132 251.1488 1.6300000000
133 253.0637 1.6300000000
134 254.9784 1.6300000000
135 256.8926 1.6300000000
136 258.8077 1.6300000000
137 260.7255 1.6300000000
138 262.6453 1.6300000000
139 264.5620 1.6300000000
140 266.4782 1.6300000000
141 268.3938 1.6300000000
142 270.3103 1.6300000000
143 272.2279 1.6300000000
144 274.1439 1.6300000000
145 276.0600 1.6300000000
146 277.9757 1.6300000000
147 279.8920 1.6300000000
148 281.8081 1.6300000000
149 283.7257 1.6300000000
150 285.6514 1.6300000000
151 287.5686 1.6300000000
152 289.4862 1.6300000000
153 291.4026 1.6300000000
154 293.3194 1.6300000000
155 295.2367 1.6300000000
156 297.1527 1.6300000000
157 299.0690 1.6300000000
158 300.9857 1.6300000000
159 302.9015 1.6300000000
160 304.8173 1.6300000000
161 306.7354 1.6300000000
162 308.6541 1.6300000000
163 310.5711 1.6300000000
164 312.4889 1.6300000000
165 314.4059 1.6300000000
166 316.3225 1.6300000000
167 318.2391 1.6300000000
168 320.1565 1.6300000000
169 322.0711 1.6300000000
170 323.9878 1.6300000000
171 325.9026 1.6300000000
172 327.8196 1.6300000000
173 329.7346 1.6400000000
174 331.6500 1.6300000000
175 333.5685 1.6400000000
176 335.4876 1.6400000000
177 337.4046 1.6400000000
178 339.3202 1.6400000000
179 341.2358 1.6400000000
180 343.1517 1.6400000000
181 345.0674 1.6400000000
182 346.9781 1.6400000000
183 348.8917 1.6400000000
184 350.8026 1.6400000000
185 352.7143 1.6400000000
186 354.6259 1.6400000000
187 356.5391 1.6400000000
188 358.4590 1.6400000000
189 360.3710 1.6400000000
190 362.2837 1.6400000000
191 364.1955 1.6400000000
192 366.1084 1.6400000000
193 368.0215 1.6400000000
194 369.9343 1.6400000000
195 371.8462 1.6400000000
196 373.7617 1.6400000000
197 375.6768 1.6400000000
198 377.5898 1.6400000000
199 379.5009 1.6400000000
200 381.4128 1.6400000000
