1 0.0000 4.4000000000
2 1.9432 3.4600000000
3 3.8780 2.9700000000
4 5.8141 2.6100000000
5 7.7501 2.4500000000
6 9.6847 2.3100000000
7 11.6191 2.2000000000
8 13.5541 2.2100000000
9 15.4874 2.2100000000
10 17.4240 2.2100000000
11 19.3583 2.1700000000
12 21.2937 2.1600000000
13 23.2278 2.1100000000
14 25.1637 2.0900000000
15 27.0983 2.0800000000
16 29.0337 2.0600000000
17 30.9677 2.0300000000
18 32.9039 1.9800000000
19 34.8402 1.9500000000
20 36.7826 1.9000000000
21 38.7190 1.8800000000
22 40.6584 1.8800000000
23 42.5975 1.8400000000
24 44.5340 1.8500000000
25 46.4735 1.8200000000
26 48.4103 1.8300000000
27 50.3494 1.8000000000
28 52.2871 1.7800000000
29 54.2220 1.8100000000
30 56.1606 1.8000000000
31 58.0963 1.8000000000
32 60.0357 1.7800000000
33 61.9745 1.7900000000
34 63.9108 1.7600000000
35 65.8456 1.7800000000
36 67.7858 1.7600000000
37 69.7225 1.8000000000
38 71.6719 1.7600000000
39 73.6092 1.7700000000
40 75.5507 1.7700000000
41 77.4886 1.7700000000
42 79.4251 1.7600000000
43 81.3660 1.7800000000
44 83.3070 1.7500000000
45 85.2532 1.7900000000
46 87.1910 1.7600000000
47 89.1311 1.7700000000
48 91.0690 1.7700000000
49 93.0057 1.7800000000
50 94.9453 1.7700000000
51 96.8823 1.7500000000
52 98.8163 1.7700000000
53 100.7546 1.7800000000
54 102.6911 1.7600000000
55 104.6265 1.7600000000
56 106.5728 1.7500000000
57 108.5085 1.7600000000
58 110.4497 1.7700000000
59 112.3870 1.7700000000
60 114.3243 1.7800000000
61 116.2619 1.7800000000
62 118.1972 1.7900000000
63 120.1364 1.7500000000
64 122.0744 1.7900000000
65 124.0090 1.7600000000
66 125.9482 1.7800000000
67 127.8862 1.7900000000
68 129.8222 1.7900000000
69 131.7620 1.7600000000
70 133.6996 1.7900000000
71 135.6338 1.7800000000
72 137.5733 1.7900000000
73 139.5086 1.7600000000
74 141.4440 1.7900000000
75 143.3745 1.7800000000
76 145.3107 1.7800000000
77 147.2500 1.7700000000
78 149.1910 1.7500000000
79 151.1320 1.8000000000
80 153.0681 1.7900000000
81 155.0086 1.7900000000
82 156.9471 1.7700000000
83 158.8855 1.8000000000
84 160.8230 1.7600000000
85 162.7576 1.7600000000
86 164.6967 1.7700000000
87 166.6329 1.7600000000
88 168.5686 1.7800000000
89 170.5069 1.7500000000
90 172.4432 1.7700000000
91 174.3789 1.7700000000
92 176.3165 1.7800000000
93 178.2502 1.7700000000
94 180.1864 1.7600000000
95 182.1226 1.7700000000
96 184.0617 1.7700000000
97 185.9969 1.7500000000
98 187.9321 1.7500000000
99 189.8728 1.7400000000
100 191.8103 1.7500000000
101 193.7453 1.7500000000
102 195.6850 1.7500000000
103 197.6212 1.7500000000
104 199.5573 1.7700000000
105 201.4953 1.7500000000
106 203.4311 1.7700000000
107 205.3630 1.7600000000
108 207.2953 1.7700000000
109 209.2277 1.7600000000
110 211.1630 1.7600000000
111 213.1022 1.7600000000
112 215.0384 1.7600000000
113 216.9771 1.7900000000
114 218.9131 1.7600000000
115 220.8487 1.7800000000
116 222.7862 1.7700000000
117 224.7226 1.7700000000
118 226.6575 1.7900000000
119 228.5907 1.7700000000
120 230.5263 1.7700000000
121 232.4614 1.7800000000
122 234.3964 1.7700000000
123 236.3320 1.7700000000
124 238.2676 1.7600000000
125 240.2029 1.7500000000
126 242.1386 1.7600000000
127 244.0722 1.7600000000
128 246.0086 1.7600000000
129 247.9433 1.7600000000
130 249.8792 1.7600000000
131 251.8137 1.7500000000
132 253.7484 1.7600000000
133 255.6823 1.7600000000
134 257.6163 1.7600000000
135 259.5518 1.7400000000
136 261.4866 1.7500000000
137 263.4216 1.7400000000
138 265.3574 1.7500000000
139 267.2933 1.7500000000
140 269.2332 1.7500000000
141 271.1706 1.7500000000
142 273.1071 1.7500000000
143 275.0403 1.7500000000
144 276.9773 1.7500000000
145 278.9129 1.7500000000
146 280.8483 1.7500000000
147 282.7844 1.7600000000
148 284.7209 1.7400000000
149 286.6553 1.7500000000
150 288.5901 1.7600000000
151 290.5255 1.7500000000
152 292.4608 1.7600000000
153 294.3947 1.7500000000
154 296.3282 1.7400000000
155 298.2647 1.7600000000
156 300.2012 1.7600000000
157 302.1343 1.7600000000
158 304.0687 1.7500000000
159 306.0017 1.7500000000
160 307.9348 1.7400000000
161 309.8667 1.7500000000
162 311.8009 1.7500000000
163 313.7325 1.7500000000
164 315.6679 1.7400000000
165 317.6009 1.7700000000
166 319.5320 1.7300000000
167 321.4639 1.7500000000
168 323.3980 1.7500000000
169 325.3286 1.7700000000
170 327.2652 1.7400000000
171 329.2045 1.7700000000
172 331.1422 1.7400000000
173 333.0782 1.7400000000
174 335.0152 1.7300000000
175 336.9511 1.7500000000
176 338.8881 1.7500000000
177 340.8237 1.7400000000
178 342.7578 1.7500000000
179 344.6926 1.7500000000
180 346.6274 1.7500000000
181 348.5604 1.7400000000
182 350.4957 1.7600000000
183 352.4300 1.7300000000
184 354.3643 1.7600000000
185 356.2963 1.7500000000
186 358.2302 1.7400000000
187 360.1634 1.7400000000
188 362.1003 1.7500000000
189 364.0358 1.7300000000
190 365.9714 1.7600000000
191 367.9054 1.7300000000
192 369.8397 1.7600000000
193 371.7752 1.7300000000
194 373.7088 1.7400000000
195 375.6430 1.7400000000
196 377.5764 1.7300000000
197 379.5093 1.7400000000
198 381.4443 1.7300000000
199 383.3778 1.7300000000
200 385.3113 1.7300000000
