1 0.0000 0.0710000000
2 1.9432 0.0316666667
3 3.8780 0.0215166667
4 5.8141 0.0159166667
5 7.7501 0.0119500000
6 9.6847 0.0091333333
7 11.6191 0.0067000000
8 13.5541 0.0050666667
9 15.4874 0.0039000000
10 17.4240 0.0028000000
11 19.3583 0.0021166667
12 21.2937 0.0015833333
13 23.2278 0.0013166667
14 25.1637 0.0010333333
15 27.0983 0.0008666667
16 29.0337 0.0006333333
17 30.9677 0.0006166667
18 32.9039 0.0004166667
19 34.8402 0.0003333333
20 36.7826 0.0002833333
21 38.7190 0.0002166667
22 40.6584 0.0002166667
23 42.5975 0.0002000000
24 44.5340 0.0001666667
25 46.4735 0.0001333333
26 48.4103 0.0001000000
27 50.3494 0.0000833333
28 52.2871 0.0000833333
29 54.2220 0.0000833333
30 56.1606 0.0000833333
31 58.0963 0.0000666667
32 60.0357 0.0000833333
33 61.9745 0.0000666667
34 63.9108 0.0000666667
35 65.8456 0.0000666667
36 67.7858 0.0000666667
37 69.7225 0.0000666667
38 71.6719 0.0000500000
39 73.6092 0.0000500000
40 75.5507 0.0000500000
41 77.4886 0.0000500000
42 79.4251 0.0000500000
43 81.3660 0.0000500000
44 83.3070 0.0000333333
45 85.2532 0.0000333333
46 87.1910 0.0000500000
47 89.1311 0.0000333333
48 91.0690 0.0000166667
49 93.0057 0.0000166667
50 94.9453 0.0000166667
51 96.8823 0.0000166667
52 98.8163 0.0000166667
53 100.7546 0.0000166667
54 102.6911 0.0000166667
55 104.6265 0.0000166667
56 106.5728 0.0000166667
57 108.5085 0.0000166667
58 110.4497 0.0000166667
59 112.3870 0.0000166667
60 114.3243 0.0000166667
61 116.2619 0.0000166667
62 118.1972 0.0000166667
63 120.1364 0.0000166667
64 122.0744 0.0000166667
65 124.0090 0.0000166667
66 125.9482 0.0000166667
67 127.8862 0.0000166667
68 129.8222 0.0000166667
69 131.7620 0.0000166667
70 133.6996 0.0000166667
71 135.6338 0.0000166667
72 137.5733 0.0000166667
73 139.5086 0.0000166667
74 141.4440 0.0000166667
75 143.3745 0.0000166667
76 145.3107 0.0000166667
77 147.2500 0.0000166667
78 149.1910 0.0000166667
79 151.1320 0.0000166667
80 153.0681 0.0000166667
81 155.0086 0.0000166667
82 156.9471 0.0000166667
83 158.8855 0.0000166667
84 160.8230 0.0000166667
85 162.7576 0.0000166667
86 164.6967 0.0000166667
87 166.6329 0.0000166667
88 168.5686 0.0000166667
89 170.5069 0.0000166667
90 172.4432 0.0000166667
91 174.3789 0.0000166667
92 176.3165 0.0000166667
93 178.2502 0.0000166667
94 180.1864 0.0000166667
95 182.1226 0.0000166667
96 184.0617 0.0000166667
97 185.9969 0.0000166667
98 187.9321 0.0000166667
99 189.8728 0.0000166667
100 191.8103 0.0000166667
101 193.7453 0.0000166667
102 195.6850 0.0000166667
103 197.6212 0.0000166667
104 199.5573 0.0000166667
105 201.4953 0.0000166667
106 203.4311 0.0000166667
107 205.3630 0.0000166667
108 207.2953 0.0000166667
109 209.2277 0.0000166667
110 211.1630 0.0000166667
111 213.1022 0.0000166667
112 215.0384 0.0000166667
113 216.9771 0.0000166667
114 218.9131 0.0000166667
115 220.8487 0.0000166667
116 222.7862 0.0000166667
117 224.7226 0.0000166667
118 226.6575 0.0000166667
119 228.5907 0.0000166667
120 230.5263 0.0000166667
121 232.4614 0.0000166667
122 234.3964 0.0000166667
123 236.3320 0.0000166667
124 238.2676 0.0000166667
125 240.2029 0.0000166667
126 242.1386 0.0000166667
127 244.0722 0.0000166667
128 246.0086 0.0000166667
129 247.9433 0.0000166667
130 249.8792 0.0000166667
131 251.8137 0.0000166667
132 253.7484 0.0000166667
133 255.6823 0.0000166667
134 257.6163 0.0000166667
135 259.5518 0.0000166667
136 261.4866 0.0000166667
137 263.4216 0.0000166667
138 265.3574 0.0000166667
139 267.2933 0.0000166667
140 269.2332 0.0000166667
141 271.1706 0.0000166667
142 273.1071 0.0000166667
143 275.0403 0.0000166667
144 276.9773 0.0000166667
145 278.9129 0.0000166667
146 280.8483 0.0000166667
147 282.7844 0.0000166667
148 284.7209 0.0000166667
149 286.6553 0.0000166667
150 288.5901 0.0000166667
151 290.5255 0.0000166667
152 292.4608 0.0000166667
153 294.3947 0.0000166667
154 296.3282 0.0000166667
155 298.2647 0.0000166667
156 300.2012 0.0000166667
157 302.1343 0.0000166667
158 304.0687 0.0000166667
159 306.0017 0.0000166667
160 307.9348 0.0000166667
161 309.8667 0.0000166667
162 311.8009 0.0000166667
163 313.7325 0.0000166667
164 315.6679 0.0000166667
165 317.6009 0.0000166667
166 319.5320 0.0000166667
167 321.4639 0.0000166667
168 323.3980 0.0000166667
169 325.3286 0.0000166667
170 327.2652 0.0000166667
171 329.2045 0.0000166667
172 331.1422 0.0000166667
173 333.0782 0.0000166667
174 335.0152 0.0000166667
175 336.9511 0.0000166667
176 338.8881 0.0000166667
177 340.8237 0.0000166667
178 342.7578 0.0000166667
179 344.6926 0.0000166667
180 346.6274 0.0000166667
181 348.5604 0.0000166667
182 350.4957 0.0000166667
183 352.4300 0.0000166667
184 354.3643 0.0000166667
185 356.2963 0.0000166667
186 358.2302 0.0000166667
187 360.1634 0.0000166667
188 362.1003 0.0000166667
189 364.0358 0.0000166667
190 365.9714 0.0000166667
191 367.9054 0.0000166667
192 369.8397 0.0000166667
193 371.7752 0.0000166667
194 373.7088 0.0000166667
195 375.6430 0.0000166667
196 377.5764 0.0000166667
197 379.5093 0.0000166667
198 381.4443 0.0000166667
199 383.3778 0.0000166667
200 385.3113 0.0000166667
