1 0.0000 4.7300000000
2 4.2964 3.3700000000
3 8.3872 2.8300000000
4 12.4640 2.5000000000
5 16.5399 2.4500000000
6 20.6165 2.3800000000
7 24.6915 2.0400000000
8 28.7659 2.0100000000
9 32.8419 1.8100000000
10 36.9364 2.0000000000
11 41.0132 1.8500000000
12 45.0892 1.7400000000
13 49.1652 1.7900000000
14 53.2405 1.8300000000
15 57.3286 1.8700000000
16 61.4071 1.6500000000
17 65.4846 1.6000000000
18 69.5608 1.5100000000
19 73.6405 1.6800000000
20 77.7178 1.7400000000
21 81.7948 1.5600000000
22 85.8706 1.5100000000
23 89.9460 1.5500000000
24 94.0225 1.4600000000
25 98.1009 1.5700000000
26 102.1775 1.6300000000
27 106.2534 1.5100000000
28 110.3336 1.4900000000
29 114.4171 1.5600000000
30 118.4939 1.4800000000
31 122.5698 1.4600000000
32 126.6456 1.4800000000
33 130.7208 1.4600000000
34 134.7975 1.4800000000
35 138.8735 1.4400000000
36 142.9492 1.4200000000
37 147.0473 1.4500000000
38 151.1265 1.4100000000
39 155.2039 1.3700000000
40 159.2825 1.3800000000
41 163.3590 1.3400000000
42 167.4375 1.4400000000
43 171.5162 1.4100000000
44 175.5959 1.3900000000
45 179.6723 1.3700000000
46 183.7492 1.3200000000
47 187.8245 1.4100000000
48 191.9040 1.3900000000
49 195.9804 1.3600000000
50 200.0578 1.3900000000
51 204.1342 1.4500000000
52 208.2112 1.3100000000
53 212.2888 1.3700000000
54 216.3662 1.3100000000
55 220.4408 1.4300000000
56 224.5322 1.3400000000
57 228.6095 1.4300000000
58 232.6862 1.4100000000
59 236.7603 1.3400000000
60 240.8352 1.2400000000
61 244.9112 1.2800000000
62 248.9874 1.4100000000
63 253.0628 1.4300000000
64 257.1517 1.4000000000
65 261.2267 1.3400000000
66 265.3029 1.2700000000
67 269.3799 1.3000000000
68 273.4575 1.4200000000
69 277.5340 1.3400000000
70 281.6105 1.3400000000
71 285.6869 1.3700000000
72 289.7662 1.3600000000
73 293.8429 1.4000000000
74 297.9189 1.3300000000
75 301.9951 1.2700000000
76 306.0715 1.4700000000
77 310.1481 1.3900000000
78 314.2255 1.3800000000
79 318.3018 1.4100000000
80 322.3775 1.4000000000
81 326.4568 1.3700000000
82 330.5326 1.3000000000
83 334.6086 1.3900000000
84 338.6844 1.3100000000
85 342.7588 1.3100000000
86 346.8375 1.3300000000
87 350.9132 1.2900000000
88 354.9898 1.3900000000
89 359.0646 1.4000000000
90 363.1408 1.3300000000
91 367.2162 1.3800000000
92 371.2925 1.2900000000
93 375.3687 1.4700000000
94 379.4446 1.4100000000
95 383.5209 1.2300000000
96 387.6001 1.4300000000
97 391.6768 1.3300000000
98 395.7536 1.3200000000
99 399.8306 1.2500000000
100 403.9189 1.2800000000
101 407.9956 1.3300000000
102 412.0725 1.4400000000
103 416.1485 1.3200000000
104 420.2239 1.3000000000
105 424.3006 1.2600000000
106 428.3776 1.3600000000
107 432.4528 1.3000000000
108 436.5369 1.3100000000
109 440.6139 1.3400000000
110 444.6902 1.3000000000
111 448.7665 1.3000000000
112 452.8433 1.2600000000
113 456.9202 1.2500000000
114 460.9976 1.2900000000
115 465.0728 1.2300000000
116 469.1503 1.2400000000
117 473.2271 1.2700000000
118 477.3032 1.3400000000
119 481.3808 1.1900000000
120 485.4589 1.2200000000
121 489.5356 1.3200000000
122 493.6129 1.3300000000
123 497.6935 1.1900000000
124 501.7746 1.1400000000
125 505.8519 1.1600000000
126 509.9295 1.1700000000
127 514.0245 1.2800000000
128 518.0877 1.2700000000
129 522.1500 1.1800000000
130 526.2111 1.2600000000
131 530.2774 1.2100000000
132 534.3375 1.2000000000
133 538.3981 1.1800000000
134 542.4559 1.3200000000
135 546.5174 1.2200000000
136 550.5757 1.2400000000
137 554.6340 1.2300000000
138 558.6916 1.2100000000
139 562.7500 1.2100000000
140 566.8090 1.2600000000
141 570.8662 1.3200000000
142 574.9250 1.2600000000
143 578.9844 1.2600000000
144 583.0438 1.1700000000
145 587.1017 1.2500000000
146 591.1616 1.2700000000
147 595.2209 1.2000000000
148 599.2780 1.1900000000
149 603.3355 1.2300000000
150 607.3928 1.3300000000
151 611.4510 1.3300000000
152 615.5092 1.2100000000
153 619.5675 1.2900000000
154 623.6257 1.2800000000
155 627.6828 1.2700000000
156 631.7417 1.2500000000
157 635.7995 1.3100000000
158 639.8563 1.3300000000
159 643.9131 1.2200000000
160 647.9706 1.2300000000
161 652.0317 1.2100000000
162 656.1011 1.3400000000
163 660.1648 1.2500000000
164 664.2298 1.3000000000
165 668.2904 1.2600000000
166 672.3508 1.2800000000
167 676.4137 1.2400000000
168 680.4746 1.2500000000
169 684.5349 1.2300000000
170 688.6109 1.2800000000
171 692.6697 1.2000000000
172 696.7275 1.2700000000
173 700.7864 1.3000000000
174 704.8465 1.3000000000
175 708.9050 1.2200000000
176 712.9624 1.2500000000
177 717.0216 1.1900000000
178 721.0808 1.1100000000
179 725.1389 1.2000000000
180 729.1970 1.1800000000
181 733.2549 1.2700000000
182 737.3137 1.2600000000
183 741.3713 1.2900000000
184 745.4295 1.3100000000
185 749.4891 1.3000000000
186 753.5481 1.1900000000
187 757.6113 1.2500000000
188 761.6752 1.3100000000
189 765.7411 1.2000000000
190 769.8011 1.2700000000
191 773.8631 1.3300000000
192 777.9275 1.3100000000
193 782.0011 1.2900000000
194 786.0667 1.2200000000
195 790.1321 1.1800000000
196 794.1967 1.2000000000
197 798.2599 1.2200000000
198 802.3244 1.2300000000
199 806.3914 1.3000000000
200 810.4587 1.2200000000
