1 0.0000 0.0716833333
2 4.2964 0.0340000000
3 8.3872 0.0247000000
4 12.4640 0.0195666667
5 16.5399 0.0162000000
6 20.6165 0.0142666667
7 24.6915 0.0125000000
8 28.7659 0.0108500000
9 32.8419 0.0095666667
10 36.9364 0.0081500000
11 41.0132 0.0072500000
12 45.0892 0.0067333333
13 49.1652 0.0062500000
14 53.2405 0.0052000000
15 57.3286 0.0048333333
16 61.4071 0.0044000000
17 65.4846 0.0038000000
18 69.5608 0.0035000000
19 73.6405 0.0032166667
20 77.7178 0.0027833333
21 81.7948 0.0025666667
22 85.8706 0.0026500000
23 89.9460 0.0023333333
24 94.0225 0.0021333333
25 98.1009 0.0019000000
26 102.1775 0.0016500000
27 106.2534 0.0015833333
28 110.3336 0.0014666667
29 114.4171 0.0013666667
30 118.4939 0.0011833333
31 122.5698 0.0011500000
32 126.6456 0.0011000000
33 130.7208 0.0010500000
34 134.7975 0.0010000000
35 138.8735 0.0008500000
36 142.9492 0.0008500000
37 147.0473 0.0007666667
38 151.1265 0.0007833333
39 155.2039 0.0007166667
40 159.2825 0.0006000000
41 163.3590 0.0007000000
42 167.4375 0.0005833333
43 171.5162 0.0005333333
44 175.5959 0.0006000000
45 179.6723 0.0004500000
46 183.7492 0.0004333333
47 187.8245 0.0004833333
48 191.9040 0.0004833333
49 195.9804 0.0004333333
50 200.0578 0.0004500000
51 204.1342 0.0002666667
52 208.2112 0.0003833333
53 212.2888 0.0003666667
54 216.3662 0.0001833333
55 220.4408 0.0003000000
56 224.5322 0.0003333333
57 228.6095 0.0002833333
58 232.6862 0.0002833333
59 236.7603 0.0002333333
60 240.8352 0.0001333333
61 244.9112 0.0001666667
62 248.9874 0.0002500000
63 253.0628 0.0001666667
64 257.1517 0.0001833333
65 261.2267 0.0002500000
66 265.3029 0.0001166667
67 269.3799 0.0000833333
68 273.4575 0.0002500000
69 277.5340 0.0001000000
70 281.6105 0.0001666667
71 285.6869 0.0001166667
72 289.7662 0.0001333333
73 293.8429 0.0001666667
74 297.9189 0.0000833333
75 301.9951 0.0001000000
76 306.0715 0.0000833333
77 310.1481 0.0000833333
78 314.2255 0.0001000000
79 318.3018 0.0001000000
80 322.3775 0.0001000000
81 326.4568 0.0000833333
82 330.5326 0.0001333333
83 334.6086 0.0000500000
84 338.6844 0.0000833333
85 342.7588 0.0001500000
86 346.8375 0.0001000000
87 350.9132 0.0000666667
88 354.9898 0.0000833333
89 359.0646 0.0000666667
90 363.1408 0.0000666667
91 367.2162 0.0000666667
92 371.2925 0.0001333333
93 375.3687 0.0000500000
94 379.4446 0.0000500000
95 383.5209 0.0000333333
96 387.6001 0.0000833333
97 391.6768 0.0000500000
98 395.7536 0.0000333333
99 399.8306 0.0000666667
100 403.9189 0.0000333333
101 407.9956 0.0000666667
102 412.0725 0.0000000000
103 416.1485 0.0000166667
104 420.2239 0.0000166667
105 424.3006 0.0000333333
106 428.3776 0.0000333333
107 432.4528 0.0000166667
108 436.5369 0.0000333333
109 440.6139 0.0000333333
110 444.6902 0.0000166667
111 448.7665 0.0000000000
112 452.8433 0.0000500000
113 456.9202 0.0000166667
114 460.9976 0.0000166667
115 465.0728 0.0000166667
116 469.1503 0.0000166667
117 473.2271 0.0000333333
118 477.3032 0.0000333333
119 481.3808 0.0000000000
120 485.4589 0.0000500000
121 489.5356 0.0000333333
122 493.6129 0.0000166667
123 497.6935 0.0000666667
124 501.7746 0.0000000000
125 505.8519 0.0000000000
126 509.9295 0.0000166667
127 514.0245 0.0000000000
128 518.0877 0.0000000000
129 522.1500 0.0000333333
130 526.2111 0.0000333333
131 530.2774 0.0000000000
132 534.3375 0.0000500000
133 538.3981 0.0000333333
134 542.4559 0.0000166667
135 546.5174 0.0000333333
136 550.5757 0.0000166667
137 554.6340 0.0000000000
138 558.6916 0.0000000000
139 562.7500 0.0000166667
140 566.8090 0.0000000000
141 570.8662 0.0000333333
142 574.9250 0.0000166667
143 578.9844 0.0000166667
144 583.0438 0.0000500000
145 587.1017 0.0000000000
146 591.1616 0.0000333333
147 595.2209 0.0000166667
148 599.2780 0.0000000000
149 603.3355 0.0000000000
150 607.3928 0.0000000000
151 611.4510 0.0000000000
152 615.5092 0.0000000000
153 619.5675 0.0000000000
154 623.6257 0.0000166667
155 627.6828 0.0000000000
156 631.7417 0.0000333333
157 635.7995 0.0000333333
158 639.8563 0.0000000000
159 643.9131 0.0000166667
160 647.9706 0.0000000000
161 652.0317 0.0000000000
162 656.1011 0.0000000000
163 660.1648 0.0000000000
164 664.2298 0.0000000000
165 668.2904 0.0000000000
166 672.3508 0.0000000000
167 676.4137 0.0000000000
168 680.4746 0.0000000000
169 684.5349 0.0000166667
170 688.6109 0.0000000000
171 692.6697 0.0000166667
172 696.7275 0.0000166667
173 700.7864 0.0000000000
174 704.8465 0.0000000000
175 708.9050 0.0000166667
176 712.9624 0.0000000000
177 717.0216 0.0000166667
178 721.0808 0.0000166667
179 725.1389 0.0000000000
180 729.1970 0.0000000000
181 733.2549 0.0000000000
182 737.3137 0.0000000000
183 741.3713 0.0000000000
184 745.4295 0.0000000000
185 749.4891 0.0000000000
186 753.5481 0.0000166667
187 757.6113 0.0000000000
188 761.6752 0.0000166667
189 765.7411 0.0000000000
190 769.8011 0.0000000000
191 773.8631 0.0000166667
192 777.9275 0.0000000000
193 782.0011 0.0000166667
194 786.0667 0.0000000000
195 790.1321 0.0000000000
196 794.1967 0.0000000000
197 798.2599 0.0000333333
198 802.3244 0.0000000000
199 806.3914 0.0000000000
200 810.4587 0.0000000000
