1 0.0000 4.7300000000
2 1.9332 3.5200000000
3 3.8589 2.9300000000
4 5.7834 2.6200000000
5 7.7091 2.4500000000
6 9.6328 2.3000000000
7 11.5580 2.2200000000
8 13.4834 2.1800000000
9 15.4092 2.1100000000
10 17.3342 2.0900000000
11 19.2593 2.0300000000
12 21.2080 2.0500000000
13 23.1644 2.0200000000
14 25.1180 2.0300000000
15 27.0426 2.0000000000
16 28.9669 1.9600000000
17 30.8919 1.9200000000
18 32.8167 1.9600000000
19 34.7416 1.8700000000
20 36.6675 1.7800000000
21 38.5929 1.7500000000
22 40.5207 1.7500000000
23 42.4494 1.7400000000
24 44.3762 1.7200000000
25 46.3035 1.7300000000
26 48.2292 1.7300000000
27 50.1543 1.7300000000
28 52.0813 1.7100000000
29 54.0070 1.7100000000
30 55.9358 1.6900000000
31 57.8609 1.6800000000
32 59.7869 1.6800000000
33 61.7129 1.6700000000
34 63.6385 1.6700000000
35 65.5660 1.6700000000
36 67.4924 1.6400000000
37 69.4177 1.6500000000
38 71.3451 1.6500000000
39 73.2701 1.6400000000
40 75.1955 1.6400000000
41 77.1214 1.6400000000
42 79.0459 1.6400000000
43 80.9720 1.6400000000
44 82.8983 1.6300000000
45 84.8234 1.6400000000
46 86.7481 1.6400000000
47 88.6727 1.6400000000
48 90.5983 1.6500000000
49 92.5265 1.6500000000
50 94.4518 1.6500000000
51 96.3761 1.6400000000
52 98.3010 1.6400000000
53 100.2258 1.6500000000
54 102.1504 1.6500000000
55 104.0762 1.6500000000
56 106.0009 1.6500000000
57 107.9262 1.6500000000
58 109.8543 1.6500000000
59 111.7817 1.6400000000
60 113.7055 1.6400000000
61 115.6304 1.6400000000
62 117.5539 1.6400000000
63 119.4771 1.6500000000
64 121.4002 1.6500000000
65 123.3238 1.6400000000
66 125.2481 1.6500000000
67 127.1720 1.6500000000
68 129.0956 1.6700000000
69 131.0267 1.6600000000
70 132.9507 1.6600000000
71 134.8745 1.6700000000
72 136.7971 1.6700000000
73 138.7222 1.6800000000
74 140.6442 1.6900000000
75 142.5685 1.7000000000
76 144.4917 1.6900000000
77 146.4145 1.6800000000
78 148.3392 1.6900000000
79 150.2630 1.6900000000
80 152.1859 1.6900000000
81 154.1090 1.6900000000
82 156.0326 1.6900000000
83 157.9554 1.7000000000
84 159.8785 1.7000000000
85 161.8046 1.7000000000
86 163.7389 1.7000000000
87 165.6648 1.7000000000
88 167.5911 1.7000000000
89 169.5166 1.7000000000
90 171.4435 1.7000000000
91 173.3680 1.7000000000
92 175.2927 1.7000000000
93 177.2154 1.7000000000
94 179.1413 1.7000000000
95 181.0663 1.6900000000
96 182.9916 1.6900000000
97 184.9157 1.6900000000
98 186.8402 1.6800000000
99 188.7635 1.6800000000
100 190.6892 1.6800000000
101 192.6130 1.6800000000
102 194.5389 1.6700000000
103 196.4623 1.6700000000
104 198.3876 1.6700000000
105 200.3114 1.6700000000
106 202.2365 1.6700000000
107 204.1599 1.6700000000
108 206.0832 1.6700000000
109 208.0069 1.6700000000
110 209.9312 1.6700000000
111 211.8555 1.6600000000
112 213.7830 1.6600000000
113 215.7132 1.6600000000
114 217.6399 1.6500000000
115 219.5655 1.6600000000
116 221.4918 1.6500000000
117 223.4188 1.6500000000
118 225.3462 1.6500000000
119 227.2719 1.6500000000
120 229.1993 1.6500000000
121 231.1259 1.6500000000
122 233.0515 1.6500000000
123 234.9778 1.6500000000
124 236.9035 1.6500000000
125 238.8302 1.6500000000
126 240.7559 1.6500000000
127 242.6815 1.6500000000
128 244.6069 1.6500000000
129 246.5333 1.6500000000
130 248.4596 1.6500000000
131 250.3850 1.6500000000
132 252.3108 1.6500000000
133 254.2366 1.6500000000
134 256.1622 1.6500000000
135 258.0889 1.6500000000
136 260.0141 1.6500000000
137 261.9397 1.6500000000
138 263.8650 1.6500000000
139 265.7905 1.6500000000
140 267.7169 1.6500000000
141 269.6425 1.6500000000
142 271.5674 1.6500000000
143 273.4921 1.6500000000
144 275.4174 1.6500000000
145 277.3439 1.6500000000
146 279.2699 1.6500000000
147 281.1950 1.6500000000
148 283.1201 1.6500000000
149 285.0450 1.6500000000
150 286.9704 1.6500000000
151 288.8951 1.6500000000
152 290.8206 1.6500000000
153 292.7476 1.6500000000
154 294.6740 1.6500000000
155 296.5993 1.6500000000
156 298.5255 1.6500000000
157 300.4521 1.6500000000
158 302.3776 1.6500000000
159 304.3034 1.6500000000
160 306.2294 1.6500000000
161 308.1548 1.6500000000
162 310.0789 1.6500000000
163 312.0041 1.6500000000
164 313.9290 1.6400000000
165 315.8550 1.6400000000
166 317.7838 1.6400000000
167 319.7178 1.6400000000
168 321.6457 1.6400000000
169 323.5732 1.6400000000
170 325.5006 1.6400000000
171 327.4288 1.6400000000
172 329.3551 1.6400000000
173 331.2828 1.6400000000
174 333.2104 1.6400000000
175 335.1376 1.6400000000
176 337.0652 1.6400000000
177 338.9916 1.6400000000
178 340.9180 1.6400000000
179 342.8459 1.6400000000
180 344.7724 1.6400000000
181 346.7080 1.6400000000
182 348.6347 1.6400000000
183 350.5625 1.6400000000
184 352.4897 1.6400000000
185 354.4184 1.6400000000
186 356.3455 1.6500000000
187 358.2732 1.6400000000
188 360.2015 1.6500000000
189 362.1294 1.6500000000
190 364.0571 1.6500000000
191 365.9855 1.6500000000
192 367.9167 1.6500000000
193 369.8461 1.6400000000
194 371.7770 1.6400000000
195 373.7033 1.6400000000
196 375.6299 1.6400000000
197 377.5575 1.6400000000
198 379.4842 1.6400000000
199 381.4183 1.6400000000
200 383.3465 1.6400000000
