1 0.0000 0.0721333333
2 1.9332 0.0317333333
3 3.8589 0.0215166667
4 5.7834 0.0154000000
5 7.7091 0.0113833333
6 9.6328 0.0081500000
7 11.5580 0.0056833333
8 13.4834 0.0039166667
9 15.4092 0.0025666667
10 17.3342 0.0017500000
11 19.2593 0.0010000000
12 21.2080 0.0007000000
13 23.1644 0.0005666667
14 25.1180 0.0004000000
15 27.0426 0.0002833333
16 28.9669 0.0001500000
17 30.8919 0.0001333333
18 32.8167 0.0000833333
19 34.7416 0.0000333333
20 36.6675 0.0000166667
21 38.5929 0.0000166667
22 40.5207 0.0000166667
23 42.4494 0.0000166667
24 44.3762 0.0000000000
25 46.3035 0.0000000000
26 48.2292 0.0000000000
27 50.1543 0.0000000000
28 52.0813 0.0000000000
29 54.0070 0.0000000000
30 55.9358 0.0000000000
31 57.8609 0.0000000000
32 59.7869 0.0000000000
33 61.7129 0.0000000000
34 63.6385 0.0000000000
35 65.5660 0.0000000000
36 67.4924 0.0000000000
37 69.4177 0.0000000000
38 71.3451 0.0000000000
39 73.2701 0.0000000000
40 75.1955 0.0000000000
41 77.1214 0.0000000000
42 79.0459 0.0000000000
43 80.9720 0.0000000000
44 82.8983 0.0000000000
45 84.8234 0.0000000000
46 86.7481 0.0000000000
47 88.6727 0.0000000000
48 90.5983 0.0000000000
49 92.5265 0.0000000000
50 94.4518 0.0000000000
51 96.3761 0.0000000000
52 98.3010 0.0000000000
53 100.2258 0.0000000000
54 102.1504 0.0000000000
55 104.0762 0.0000000000
56 106.0009 0.0000000000
57 107.9262 0.0000000000
58 109.8543 0.0000000000
59 111.7817 0.0000000000
60 113.7055 0.0000000000
61 115.6304 0.0000000000
62 117.5539 0.0000000000
63 119.4771 0.0000000000
64 121.4002 0.0000000000
65 123.3238 0.0000000000
66 125.2481 0.0000000000
67 127.1720 0.0000000000
68 129.0956 0.0000000000
69 131.0267 0.0000000000
70 132.9507 0.0000000000
71 134.8745 0.0000000000
72 136.7971 0.0000000000
73 138.7222 0.0000000000
74 140.6442 0.0000000000
75 142.5685 0.0000000000
76 144.4917 0.0000000000
77 146.4145 0.0000000000
78 148.3392 0.0000000000
79 150.2630 0.0000000000
80 152.1859 0.0000000000
81 154.1090 0.0000000000
82 156.0326 0.0000000000
83 157.9554 0.0000000000
84 159.8785 0.0000000000
85 161.8046 0.0000000000
86 163.7389 0.0000000000
87 165.6648 0.0000000000
88 167.5911 0.0000000000
89 169.5166 0.0000000000
90 171.4435 0.0000000000
91 173.3680 0.0000000000
92 175.2927 0.0000000000
93 177.2154 0.0000000000
94 179.1413 0.0000000000
95 181.0663 0.0000000000
96 182.9916 0.0000000000
97 184.9157 0.0000000000
98 186.8402 0.0000000000
99 188.7635 0.0000000000
100 190.6892 0.0000000000
101 192.6130 0.0000000000
102 194.5389 0.0000000000
103 196.4623 0.0000000000
104 198.3876 0.0000000000
105 200.3114 0.0000000000
106 202.2365 0.0000000000
107 204.1599 0.0000000000
108 206.0832 0.0000000000
109 208.0069 0.0000000000
110 209.9312 0.0000000000
111 211.8555 0.0000000000
112 213.7830 0.0000000000
113 215.7132 0.0000000000
114 217.6399 0.0000000000
115 219.5655 0.0000000000
116 221.4918 0.0000000000
117 223.4188 0.0000000000
118 225.3462 0.0000000000
119 227.2719 0.0000000000
120 229.1993 0.0000000000
121 231.1259 0.0000000000
122 233.0515 0.0000000000
123 234.9778 0.0000000000
124 236.9035 0.0000000000
125 238.8302 0.0000000000
126 240.7559 0.0000000000
127 242.6815 0.0000000000
128 244.6069 0.0000000000
129 246.5333 0.0000000000
130 248.4596 0.0000000000
131 250.3850 0.0000000000
132 252.3108 0.0000000000
133 254.2366 0.0000000000
134 256.1622 0.0000000000
135 258.0889 0.0000000000
136 260.0141 0.0000000000
137 261.9397 0.0000000000
138 263.8650 0.0000000000
139 265.7905 0.0000000000
140 267.7169 0.0000000000
141 269.6425 0.0000000000
142 271.5674 0.0000000000
143 273.4921 0.0000000000
144 275.4174 0.0000000000
145 277.3439 0.0000000000
146 279.2699 0.0000000000
147 281.1950 0.0000000000
148 283.1201 0.0000000000
149 285.0450 0.0000000000
150 286.9704 0.0000000000
151 288.8951 0.0000000000
152 290.8206 0.0000000000
153 292.7476 0.0000000000
154 294.6740 0.0000000000
155 296.5993 0.0000000000
156 298.5255 0.0000000000
157 300.4521 0.0000000000
158 302.3776 0.0000000000
159 304.3034 0.0000000000
160 306.2294 0.0000000000
161 308.1548 0.0000000000
162 310.0789 0.0000000000
163 312.0041 0.0000000000
164 313.9290 0.0000000000
165 315.8550 0.0000000000
166 317.7838 0.0000000000
167 319.7178 0.0000000000
168 321.6457 0.0000000000
169 323.5732 0.0000000000
170 325.5006 0.0000000000
171 327.4288 0.0000000000
172 329.3551 0.0000000000
173 331.2828 0.0000000000
174 333.2104 0.0000000000
175 335.1376 0.0000000000
176 337.0652 0.0000000000
177 338.9916 0.0000000000
178 340.9180 0.0000000000
179 342.8459 0.0000000000
180 344.7724 0.0000000000
181 346.7080 0.0000000000
182 348.6347 0.0000000000
183 350.5625 0.0000000000
184 352.4897 0.0000000000
185 354.4184 0.0000000000
186 356.3455 0.0000000000
187 358.2732 0.0000000000
188 360.2015 0.0000000000
189 362.1294 0.0000000000
190 364.0571 0.0000000000
191 365.9855 0.0000000000
192 367.9167 0.0000000000
193 369.8461 0.0000000000
194 371.7770 0.0000000000
195 373.7033 0.0000000000
196 375.6299 0.0000000000
197 377.5575 0.0000000000
198 379.4842 0.0000000000
199 381.4183 0.0000000000
200 383.3465 0.0000000000
