1 0.0000 4.7900000000
2 1.9251 3.7300000000
3 3.8474 3.3900000000
4 5.7701 3.1400000000
5 7.6910 3.0100000000
6 9.6127 2.9200000000
7 11.5340 2.8800000000
8 13.4553 2.8900000000
9 15.3766 2.8100000000
10 17.3040 2.7700000000
11 19.2254 2.7400000000
12 21.1467 2.6600000000
13 23.0688 2.6500000000
14 24.9918 2.6700000000
15 26.9131 2.6800000000
16 28.8354 2.6200000000
17 30.7591 2.6300000000
18 32.6890 2.6500000000
19 34.6107 2.6300000000
20 36.5331 2.6900000000
21 38.4541 2.6400000000
22 40.3760 2.5800000000
23 42.2973 2.6200000000
24 44.2200 2.6100000000
25 46.1399 2.6100000000
26 48.0616 2.5600000000
27 49.9831 2.6000000000
28 51.9053 2.5800000000
29 53.8275 2.5900000000
30 55.7489 2.6200000000
31 57.6693 2.6100000000
32 59.5912 2.6000000000
33 61.5123 2.6000000000
34 63.4343 2.6200000000
35 65.3560 2.6100000000
36 67.2764 2.6000000000
37 69.1982 2.5900000000
38 71.1187 2.5800000000
39 73.0391 2.5900000000
40 74.9603 2.5800000000
41 76.8810 2.5700000000
42 78.8004 2.5400000000
43 80.7214 2.5800000000
44 82.6433 2.5900000000
45 84.5643 2.5600000000
46 86.4869 2.5700000000
47 88.4083 2.5800000000
48 90.3298 2.5800000000
49 92.2509 2.5600000000
50 94.1725 2.5500000000
51 96.0930 2.5600000000
52 98.0138 2.5800000000
53 99.9351 2.5800000000
54 101.8554 2.5900000000
55 103.7767 2.6000000000
56 105.6968 2.5700000000
57 107.6170 2.5600000000
58 109.5373 2.5600000000
59 111.4580 2.5600000000
60 113.3782 2.5900000000
61 115.2996 2.5900000000
62 117.2193 2.5800000000
63 119.1385 2.5900000000
64 121.0604 2.5700000000
65 122.9812 2.5800000000
66 124.9017 2.5800000000
67 126.8222 2.6000000000
68 128.7424 2.5900000000
69 130.6634 2.5900000000
70 132.5843 2.5900000000
71 134.5036 2.6100000000
72 136.4244 2.6000000000
73 138.3450 2.5800000000
74 140.2663 2.5800000000
75 142.1880 2.6000000000
76 144.1094 2.6000000000
77 146.0316 2.6000000000
78 147.9524 2.5800000000
79 149.8729 2.6100000000
80 151.7947 2.6000000000
81 153.7159 2.5900000000
82 155.6362 2.6000000000
83 157.5570 2.5900000000
84 159.4767 2.5900000000
85 161.3966 2.5900000000
86 163.3168 2.5700000000
87 165.2382 2.5700000000
88 167.1598 2.5600000000
89 169.0795 2.5800000000
90 171.0005 2.5900000000
91 172.9214 2.6000000000
92 174.8417 2.6000000000
93 176.7672 2.5700000000
94 178.6964 2.5900000000
95 180.6190 2.5900000000
96 182.5423 2.5700000000
97 184.4645 2.5900000000
98 186.3867 2.5900000000
99 188.3086 2.5700000000
100 190.2314 2.5700000000
101 192.1546 2.5800000000
102 194.0782 2.5700000000
103 196.0001 2.5700000000
104 197.9240 2.5600000000
105 199.8458 2.5900000000
106 201.7673 2.5600000000
107 203.6881 2.5600000000
108 205.6102 2.5700000000
109 207.5313 2.5800000000
110 209.4534 2.5500000000
111 211.3759 2.5700000000
112 213.2973 2.5500000000
113 215.2181 2.5500000000
114 217.1399 2.5800000000
115 219.0601 2.5400000000
116 220.9827 2.5600000000
117 222.9034 2.5600000000
118 224.8260 2.5600000000
119 226.7463 2.6000000000
120 228.6723 2.5600000000
121 230.5942 2.5600000000
122 232.5175 2.5600000000
123 234.4401 2.5500000000
124 236.3608 2.5500000000
125 238.2829 2.5700000000
126 240.2050 2.5800000000
127 242.1256 2.5900000000
128 244.0470 2.5400000000
129 245.9671 2.6000000000
130 247.8874 2.5700000000
131 249.8083 2.5700000000
132 251.7289 2.5800000000
133 253.6496 2.5200000000
134 255.5713 2.5500000000
135 257.4933 2.5600000000
136 259.4151 2.5800000000
137 261.3348 2.5600000000
138 263.2561 2.5700000000
139 265.1760 2.5700000000
140 267.0975 2.5200000000
141 269.0190 2.5500000000
142 270.9401 2.5600000000
143 272.8610 2.5700000000
144 274.7820 2.5700000000
145 276.7014 2.5500000000
146 278.6228 2.5400000000
147 280.5446 2.5400000000
148 282.4663 2.5600000000
149 284.3857 2.5300000000
150 286.3068 2.5500000000
151 288.2276 2.5300000000
152 290.1486 2.5200000000
153 292.0691 2.5500000000
154 293.9908 2.5400000000
155 295.9124 2.5400000000
156 297.8354 2.5200000000
157 299.7558 2.5500000000
158 301.6763 2.5100000000
159 303.5981 2.5200000000
160 305.5197 2.5300000000
161 307.4397 2.5400000000
162 309.3618 2.5400000000
163 311.2823 2.5400000000
164 313.2051 2.5200000000
165 315.1264 2.5100000000
166 317.0480 2.5400000000
167 318.9679 2.5600000000
168 320.8896 2.5400000000
169 322.8100 2.5300000000
170 324.7338 2.5600000000
171 326.6618 2.5100000000
172 328.5852 2.5200000000
173 330.5067 2.5600000000
174 332.4342 2.5400000000
175 334.3874 2.5400000000
176 336.3248 2.5400000000
177 338.2457 2.5400000000
178 340.1678 2.5500000000
179 342.0894 2.5300000000
180 344.0123 2.5200000000
181 345.9340 2.5600000000
182 347.8563 2.5100000000
183 349.7770 2.5400000000
184 351.6982 2.5400000000
185 353.6204 2.5100000000
186 355.5434 2.5500000000
187 357.4653 2.5300000000
188 359.3884 2.5600000000
189 361.3086 2.5400000000
190 363.2301 2.5400000000
191 365.1507 2.5500000000
192 367.0713 2.5200000000
193 369.0040 2.5400000000
194 370.9261 2.5400000000
195 372.8496 2.5300000000
196 374.7717 2.5300000000
197 376.6947 2.5400000000
198 378.6154 2.5400000000
199 380.5363 2.5500000000
200 382.4556 2.5200000000
