1 0.0000 0.0714333333
2 1.9251 0.0353333333
3 3.8474 0.0267500000
4 5.7701 0.0229333333
5 7.6910 0.0204000000
6 9.6127 0.0192166667
7 11.5340 0.0183333333
8 13.4553 0.0176333333
9 15.3766 0.0170666667
10 17.3040 0.0165333333
11 19.2254 0.0161333333
12 21.1467 0.0159333333
13 23.0688 0.0156166667
14 24.9918 0.0154833333
15 26.9131 0.0152500000
16 28.8354 0.0151500000
17 30.7591 0.0151000000
18 32.6890 0.0149333333
19 34.6107 0.0149666667
20 36.5331 0.0149833333
21 38.4541 0.0149833333
22 40.3760 0.0147833333
23 42.2973 0.0148666667
24 44.2200 0.0146666667
25 46.1399 0.0145666667
26 48.0616 0.0144666667
27 49.9831 0.0146166667
28 51.9053 0.0144000000
29 53.8275 0.0143166667
30 55.7489 0.0144000000
31 57.6693 0.0143500000
32 59.5912 0.0142833333
33 61.5123 0.0142500000
34 63.4343 0.0143500000
35 65.3560 0.0142000000
36 67.2764 0.0141000000
37 69.1982 0.0141666667
38 71.1187 0.0140833333
39 73.0391 0.0140500000
40 74.9603 0.0141166667
41 76.8810 0.0139333333
42 78.8004 0.0141000000
43 80.7214 0.0138833333
44 82.6433 0.0140000000
45 84.5643 0.0138833333
46 86.4869 0.0138333333
47 88.4083 0.0139666667
48 90.3298 0.0138500000
49 92.2509 0.0140333333
50 94.1725 0.0138333333
51 96.0930 0.0139666667
52 98.0138 0.0137500000
53 99.9351 0.0138333333
54 101.8554 0.0139166667
55 103.7767 0.0138000000
56 105.6968 0.0138166667
57 107.6170 0.0137333333
58 109.5373 0.0138666667
59 111.4580 0.0137666667
60 113.3782 0.0137833333
61 115.2996 0.0137666667
62 117.2193 0.0138333333
63 119.1385 0.0137666667
64 121.0604 0.0137833333
65 122.9812 0.0138000000
66 124.9017 0.0138333333
67 126.8222 0.0136833333
68 128.7424 0.0136000000
69 130.6634 0.0137000000
70 132.5843 0.0136666667
71 134.5036 0.0135666667
72 136.4244 0.0137333333
73 138.3450 0.0136000000
74 140.2663 0.0137166667
75 142.1880 0.0136333333
76 144.1094 0.0136000000
77 146.0316 0.0136666667
78 147.9524 0.0136333333
79 149.8729 0.0136333333
80 151.7947 0.0135333333
81 153.7159 0.0135833333
82 155.6362 0.0135166667
83 157.5570 0.0136000000
84 159.4767 0.0134833333
85 161.3966 0.0136166667
86 163.3168 0.0135500000
87 165.2382 0.0135000000
88 167.1598 0.0135666667
89 169.0795 0.0135500000
90 171.0005 0.0136333333
91 172.9214 0.0134500000
92 174.8417 0.0134500000
93 176.7672 0.0136166667
94 178.6964 0.0134666667
95 180.6190 0.0136166667
96 182.5423 0.0134666667
97 184.4645 0.0135333333
98 186.3867 0.0135500000
99 188.3086 0.0135833333
100 190.2314 0.0134666667
101 192.1546 0.0134333333
102 194.0782 0.0135333333
103 196.0001 0.0135166667
104 197.9240 0.0134166667
105 199.8458 0.0136000000
106 201.7673 0.0134500000
107 203.6881 0.0134666667
108 205.6102 0.0134500000
109 207.5313 0.0136000000
110 209.4534 0.0135833333
111 211.3759 0.0135166667
112 213.2973 0.0135000000
113 215.2181 0.0135166667
114 217.1399 0.0134166667
115 219.0601 0.0134500000
116 220.9827 0.0133833333
117 222.9034 0.0134666667
118 224.8260 0.0134000000
119 226.7463 0.0135000000
120 228.6723 0.0135333333
121 230.5942 0.0134333333
122 232.5175 0.0134500000
123 234.4401 0.0133166667
124 236.3608 0.0135333333
125 238.2829 0.0134666667
126 240.2050 0.0134166667
127 242.1256 0.0134666667
128 244.0470 0.0133833333
129 245.9671 0.0133833333
130 247.8874 0.0133833333
131 249.8083 0.0134166667
132 251.7289 0.0135333333
133 253.6496 0.0134500000
134 255.5713 0.0134333333
135 257.4933 0.0134000000
136 259.4151 0.0134500000
137 261.3348 0.0134166667
138 263.2561 0.0134666667
139 265.1760 0.0133333333
140 267.0975 0.0134666667
141 269.0190 0.0132666667
142 270.9401 0.0133500000
143 272.8610 0.0133500000
144 274.7820 0.0134000000
145 276.7014 0.0133500000
146 278.6228 0.0133500000
147 280.5446 0.0133000000
148 282.4663 0.0134333333
149 284.3857 0.0133166667
150 286.3068 0.0133833333
151 288.2276 0.0133166667
152 290.1486 0.0133333333
153 292.0691 0.0133500000
154 293.9908 0.0133333333
155 295.9124 0.0133333333
156 297.8354 0.0133333333
157 299.7558 0.0132666667
158 301.6763 0.0132500000
159 303.5981 0.0132500000
160 305.5197 0.0132833333
161 307.4397 0.0133333333
162 309.3618 0.0133000000
163 311.2823 0.0132666667
164 313.2051 0.0132500000
165 315.1264 0.0133166667
166 317.0480 0.0133000000
167 318.9679 0.0133000000
168 320.8896 0.0132833333
169 322.8100 0.0133000000
170 324.7338 0.0131500000
171 326.6618 0.0133333333
172 328.5852 0.0132500000
173 330.5067 0.0132833333
174 332.4342 0.0133500000
175 334.3874 0.0132166667
176 336.3248 0.0132833333
177 338.2457 0.0133333333
178 340.1678 0.0132833333
179 342.0894 0.0132333333
180 344.0123 0.0133166667
181 345.9340 0.0131833333
182 347.8563 0.0132166667
183 349.7770 0.0133500000
184 351.6982 0.0132000000
185 353.6204 0.0133000000
186 355.5434 0.0132833333
187 357.4653 0.0132833333
188 359.3884 0.0133333333
189 361.3086 0.0133166667
190 363.2301 0.0132000000
191 365.1507 0.0133333333
192 367.0713 0.0133500000
193 369.0040 0.0132500000
194 370.9261 0.0132333333
195 372.8496 0.0133333333
196 374.7717 0.0133166667
197 376.6947 0.0132666667
198 378.6154 0.0133666667
199 380.5363 0.0133000000
200 382.4556 0.0132833333
