1 0.0000 8.8600000000
2 1.9237 7.4100000000
3 3.8345 6.4600000000
4 5.7461 5.7000000000
5 7.6574 5.0500000000
6 9.5678 4.7600000000
7 11.4778 4.2900000000
8 13.3871 3.8900000000
9 15.2966 3.6200000000
10 17.2050 3.4600000000
11 19.1168 3.2700000000
12 21.0324 3.0900000000
13 22.9570 2.8700000000
14 24.8670 2.8400000000
15 26.7772 2.8000000000
16 28.6886 2.7100000000
17 30.5971 2.6900000000
18 32.5073 2.6600000000
19 34.4169 2.5800000000
20 36.3260 2.5200000000
21 38.2348 2.4700000000
22 40.1451 2.4600000000
23 42.0552 2.4200000000
24 43.9661 2.3800000000
25 45.8761 2.3800000000
26 47.7863 2.3900000000
27 49.6948 2.4000000000
28 51.6054 2.3800000000
29 53.5139 2.3700000000
30 55.4234 2.3200000000
31 57.3345 2.3000000000
32 59.2462 2.3100000000
33 61.1585 2.2900000000
34 63.0685 2.2500000000
35 64.9786 2.2400000000
36 66.8877 2.2300000000
37 68.7968 2.2400000000
38 70.7052 2.2400000000
39 72.6129 2.2200000000
40 74.5226 2.1900000000
41 76.4313 2.1900000000
42 78.3401 2.1900000000
43 80.2492 2.1700000000
44 82.1604 2.1600000000
45 84.0721 2.1600000000
46 85.9841 2.1500000000
47 87.8945 2.1500000000
48 89.8052 2.1500000000
49 91.7153 2.1400000000
50 93.6258 2.1300000000
51 95.5358 2.1200000000
52 97.4471 2.0800000000
53 99.3567 2.0800000000
54 101.2684 2.0800000000
55 103.1781 2.0600000000
56 105.0911 2.0600000000
57 107.0020 2.0500000000
58 108.9128 2.0500000000
59 110.8221 2.0400000000
60 112.7328 2.0400000000
61 114.6418 2.0300000000
62 116.5511 2.0100000000
63 118.4602 1.9900000000
64 120.3707 1.9800000000
65 122.2833 1.9900000000
66 124.1945 1.9800000000
67 126.1038 1.9800000000
68 128.0142 1.9700000000
69 129.9252 1.9700000000
70 131.8351 1.9800000000
71 133.7445 1.9400000000
72 135.6538 1.9100000000
73 137.5621 1.9200000000
74 139.4710 1.9200000000
75 141.3798 1.9200000000
76 143.2888 1.9200000000
77 145.1988 1.9100000000
78 147.1158 1.9100000000
79 149.0268 1.9000000000
80 150.9372 1.9000000000
81 152.8478 1.9100000000
82 154.7581 1.9000000000
83 156.6688 1.8900000000
84 158.5788 1.8800000000
85 160.4902 1.8700000000
86 162.4005 1.8600000000
87 164.3111 1.8600000000
88 166.2205 1.8600000000
89 168.1422 1.8700000000
90 170.0528 1.8700000000
91 171.9619 1.8600000000
92 173.8727 1.8600000000
93 175.7812 1.8500000000
94 177.6908 1.8500000000
95 179.6001 1.8500000000
96 181.5115 1.8400000000
97 183.4203 1.8400000000
98 185.3295 1.8200000000
99 187.2388 1.8200000000
100 189.1495 1.8200000000
101 191.0612 1.8200000000
102 192.9771 1.8200000000
103 194.8874 1.8100000000
104 196.7989 1.8100000000
105 198.7077 1.8100000000
106 200.6174 1.8100000000
107 202.5265 1.8100000000
108 204.4368 1.8100000000
109 206.3452 1.8100000000
110 208.2599 1.8100000000
111 210.1732 1.8100000000
112 212.0831 1.8200000000
113 213.9928 1.8200000000
114 215.9027 1.8100000000
115 217.8118 1.8000000000
116 219.7218 1.8000000000
117 221.6315 1.8000000000
118 223.5414 1.8000000000
119 225.4504 1.7900000000
120 227.3591 1.7900000000
121 229.2672 1.7900000000
122 231.1797 1.7800000000
123 233.0958 1.7800000000
124 235.0073 1.7800000000
125 236.9172 1.7800000000
126 238.8281 1.7800000000
127 240.7384 1.7800000000
128 242.6482 1.7800000000
129 244.5578 1.7800000000
130 246.4692 1.7800000000
131 248.3785 1.7800000000
132 250.2894 1.7800000000
133 252.1995 1.7900000000
134 254.1127 1.7900000000
135 256.0270 1.7900000000
136 257.9394 1.7900000000
137 259.8483 1.8000000000
138 261.7583 1.7900000000
139 263.6693 1.7900000000
140 265.5787 1.7900000000
141 267.4882 1.7800000000
142 269.3977 1.7800000000
143 271.3106 1.7700000000
144 273.2230 1.7700000000
145 275.1320 1.7700000000
146 277.0454 1.7700000000
147 278.9588 1.7500000000
148 280.8706 1.7500000000
149 282.7850 1.7400000000
150 284.6961 1.7400000000
151 286.6049 1.7400000000
152 288.5153 1.7400000000
153 290.4234 1.7400000000
154 292.3332 1.7400000000
155 294.2451 1.7400000000
156 296.1627 1.7400000000
157 298.0714 1.7400000000
158 299.9831 1.7400000000
159 301.8927 1.7400000000
160 303.8045 1.7300000000
161 305.7151 1.7300000000
162 307.6253 1.7300000000
163 309.5344 1.7200000000
164 311.4459 1.7200000000
165 313.3562 1.7200000000
166 315.2666 1.7200000000
167 317.1783 1.7100000000
168 319.0895 1.7100000000
169 320.9988 1.7100000000
170 322.9084 1.7100000000
171 324.8184 1.7100000000
172 326.7277 1.7100000000
173 328.6369 1.7100000000
174 330.5449 1.7100000000
175 332.4518 1.7100000000
176 334.3591 1.7100000000
177 336.2665 1.7100000000
178 338.1760 1.7100000000
179 340.0871 1.7100000000
180 342.0011 1.7100000000
181 343.9112 1.7100000000
182 345.8233 1.7100000000
183 347.7344 1.7100000000
184 349.6442 1.7100000000
185 351.5538 1.7100000000
186 353.4642 1.7100000000
187 355.3738 1.7100000000
188 357.2866 1.7100000000
189 359.2018 1.7100000000
190 361.1121 1.7100000000
191 363.0226 1.7100000000
192 364.9328 1.7100000000
193 366.8428 1.7100000000
194 368.7523 1.7100000000
195 370.6621 1.7100000000
196 372.5721 1.7100000000
197 374.4820 1.7000000000
198 376.3922 1.7000000000
199 378.3028 1.7000000000
200 380.2163 1.7000000000
