1 0.0000 0.1266666667
2 1.9237 0.0795500000
3 3.8345 0.0662000000
4 5.7461 0.0569666667
5 7.6574 0.0489666667
6 9.5678 0.0424833333
7 11.4778 0.0376333333
8 13.3871 0.0335833333
9 15.2966 0.0305166667
10 17.2050 0.0280833333
11 19.1168 0.0256833333
12 21.0324 0.0237333333
13 22.9570 0.0220166667
14 24.8670 0.0201500000
15 26.7772 0.0184333333
16 28.6886 0.0169666667
17 30.5971 0.0158333333
18 32.5073 0.0145166667
19 34.4169 0.0134833333
20 36.3260 0.0124166667
21 38.2348 0.0116500000
22 40.1451 0.0106833333
23 42.0552 0.0099666667
24 43.9661 0.0092000000
25 45.8761 0.0084000000
26 47.7863 0.0076500000
27 49.6948 0.0071000000
28 51.6054 0.0065166667
29 53.5139 0.0060000000
30 55.4234 0.0054000000
31 57.3345 0.0050000000
32 59.2462 0.0045833333
33 61.1585 0.0040166667
34 63.0685 0.0036666667
35 64.9786 0.0033333333
36 66.8877 0.0030000000
37 68.7968 0.0028166667
38 70.7052 0.0025333333
39 72.6129 0.0023500000
40 74.5226 0.0021333333
41 76.4313 0.0019500000
42 78.3401 0.0017666667
43 80.2492 0.0016166667
44 82.1604 0.0014666667
45 84.0721 0.0014000000
46 85.9841 0.0013000000
47 87.8945 0.0011833333
48 89.8052 0.0010500000
49 91.7153 0.0009666667
50 93.6258 0.0008666667
51 95.5358 0.0007666667
52 97.4471 0.0007000000
53 99.3567 0.0006666667
54 101.2684 0.0006166667
55 103.1781 0.0005500000
56 105.0911 0.0005166667
57 107.0020 0.0004500000
58 108.9128 0.0004000000
59 110.8221 0.0003833333
60 112.7328 0.0003666667
61 114.6418 0.0003333333
62 116.5511 0.0003166667
63 118.4602 0.0002333333
64 120.3707 0.0002333333
65 122.2833 0.0002166667
66 124.1945 0.0002000000
67 126.1038 0.0002000000
68 128.0142 0.0002000000
69 129.9252 0.0002000000
70 131.8351 0.0001833333
71 133.7445 0.0001833333
72 135.6538 0.0001666667
73 137.5621 0.0001666667
74 139.4710 0.0001500000
75 141.3798 0.0001500000
76 143.2888 0.0001500000
77 145.1988 0.0001333333
78 147.1158 0.0001000000
79 149.0268 0.0000500000
80 150.9372 0.0000500000
81 152.8478 0.0000333333
82 154.7581 0.0000333333
83 156.6688 0.0000333333
84 158.5788 0.0000333333
85 160.4902 0.0000333333
86 162.4005 0.0000333333
87 164.3111 0.0000333333
88 166.2205 0.0000333333
89 168.1422 0.0000333333
90 170.0528 0.0000333333
91 171.9619 0.0000166667
92 173.8727 0.0000166667
93 175.7812 0.0000166667
94 177.6908 0.0000166667
95 179.6001 0.0000166667
96 181.5115 0.0000166667
97 183.4203 0.0000166667
98 185.3295 0.0000166667
99 187.2388 0.0000166667
100 189.1495 0.0000166667
101 191.0612 0.0000166667
102 192.9771 0.0000166667
103 194.8874 0.0000166667
104 196.7989 0.0000166667
105 198.7077 0.0000166667
106 200.6174 0.0000166667
107 202.5265 0.0000166667
108 204.4368 0.0000166667
109 206.3452 0.0000166667
110 208.2599 0.0000166667
111 210.1732 0.0000166667
112 212.0831 0.0000166667
113 213.9928 0.0000166667
114 215.9027 0.0000000000
115 217.8118 0.0000000000
116 219.7218 0.0000000000
117 221.6315 0.0000000000
118 223.5414 0.0000000000
119 225.4504 0.0000000000
120 227.3591 0.0000000000
121 229.2672 0.0000000000
122 231.1797 0.0000000000
123 233.0958 0.0000000000
124 235.0073 0.0000000000
125 236.9172 0.0000000000
126 238.8281 0.0000000000
127 240.7384 0.0000000000
128 242.6482 0.0000000000
129 244.5578 0.0000000000
130 246.4692 0.0000000000
131 248.3785 0.0000000000
132 250.2894 0.0000000000
133 252.1995 0.0000000000
134 254.1127 0.0000000000
135 256.0270 0.0000000000
136 257.9394 0.0000000000
137 259.8483 0.0000000000
138 261.7583 0.0000000000
139 263.6693 0.0000000000
140 265.5787 0.0000000000
141 267.4882 0.0000000000
142 269.3977 0.0000000000
143 271.3106 0.0000000000
144 273.2230 0.0000000000
145 275.1320 0.0000000000
146 277.0454 0.0000000000
147 278.9588 0.0000000000
148 280.8706 0.0000000000
149 282.7850 0.0000000000
150 284.6961 0.0000000000
151 286.6049 0.0000000000
152 288.5153 0.0000000000
153 290.4234 0.0000000000
154 292.3332 0.0000000000
155 294.2451 0.0000000000
156 296.1627 0.0000000000
157 298.0714 0.0000000000
158 299.9831 0.0000000000
159 301.8927 0.0000000000
160 303.8045 0.0000000000
161 305.7151 0.0000000000
162 307.6253 0.0000000000
163 309.5344 0.0000000000
164 311.4459 0.0000000000
165 313.3562 0.0000000000
166 315.2666 0.0000000000
167 317.1783 0.0000000000
168 319.0895 0.0000000000
169 320.9988 0.0000000000
170 322.9084 0.0000000000
171 324.8184 0.0000000000
172 326.7277 0.0000000000
173 328.6369 0.0000000000
174 330.5449 0.0000000000
175 332.4518 0.0000000000
176 334.3591 0.0000000000
177 336.2665 0.0000000000
178 338.1760 0.0000000000
179 340.0871 0.0000000000
180 342.0011 0.0000000000
181 343.9112 0.0000000000
182 345.8233 0.0000000000
183 347.7344 0.0000000000
184 349.6442 0.0000000000
185 351.5538 0.0000000000
186 353.4642 0.0000000000
187 355.3738 0.0000000000
188 357.2866 0.0000000000
189 359.2018 0.0000000000
190 361.1121 0.0000000000
191 363.0226 0.0000000000
192 364.9328 0.0000000000
193 366.8428 0.0000000000
194 368.7523 0.0000000000
195 370.6621 0.0000000000
196 372.5721 0.0000000000
197 374.4820 0.0000000000
198 376.3922 0.0000000000
199 378.3028 0.0000000000
200 380.2163 0.0000000000
