1 0.0000 4.5000000000
2 1.9304 3.2600000000
3 3.8544 2.7800000000
4 5.7774 2.5800000000
5 7.7013 2.4200000000
6 9.6237 2.2500000000
7 11.5463 2.2000000000
8 13.4708 2.1800000000
9 15.3941 2.1600000000
10 17.3193 2.1300000000
11 19.2433 2.1200000000
12 21.1664 2.0800000000
13 23.0893 2.0600000000
14 25.0128 2.0800000000
15 26.9356 2.0400000000
16 28.8579 2.0200000000
17 30.7797 1.9900000000
18 32.7072 1.9600000000
19 34.6297 1.9600000000
20 36.5540 1.9900000000
21 38.4776 1.9500000000
22 40.4009 1.9100000000
23 42.3249 1.9500000000
24 44.2487 1.9100000000
25 46.1706 1.9000000000
26 48.0946 1.9300000000
27 50.0179 1.9000000000
28 51.9418 1.8800000000
29 53.8655 1.8800000000
30 55.7902 1.8900000000
31 57.7137 1.8400000000
32 59.6373 1.8500000000
33 61.5606 1.8600000000
34 63.4852 1.8600000000
35 65.4079 1.8600000000
36 67.3322 1.8600000000
37 69.2549 1.8500000000
38 71.1773 1.8700000000
39 73.0996 1.8400000000
40 75.0231 1.8400000000
41 76.9457 1.8400000000
42 78.8692 1.8300000000
43 80.7919 1.8400000000
44 82.7172 1.8300000000
45 84.6405 1.8300000000
46 86.5640 1.8300000000
47 88.4892 1.8400000000
48 90.4124 1.8300000000
49 92.3356 1.8000000000
50 94.2609 1.8600000000
51 96.1846 1.7900000000
52 98.1096 1.8200000000
53 100.0413 1.8300000000
54 101.9663 1.8200000000
55 103.8914 1.8100000000
56 105.8153 1.8300000000
57 107.7387 1.8100000000
58 109.6638 1.8100000000
59 111.5889 1.7900000000
60 113.5146 1.7800000000
61 115.4386 1.7800000000
62 117.3644 1.7700000000
63 119.2873 1.7700000000
64 121.2113 1.7600000000
65 123.1342 1.7500000000
66 125.0583 1.7600000000
67 126.9802 1.7600000000
68 128.9049 1.7600000000
69 130.8285 1.7600000000
70 132.7520 1.7600000000
71 134.6751 1.7600000000
72 136.5993 1.7600000000
73 138.5229 1.7700000000
74 140.4476 1.7600000000
75 142.3713 1.7700000000
76 144.2940 1.7400000000
77 146.2219 1.7600000000
78 148.1454 1.7400000000
79 150.0681 1.7600000000
80 151.9909 1.7500000000
81 153.9133 1.7400000000
82 155.8369 1.7600000000
83 157.7596 1.7700000000
84 159.6824 1.7600000000
85 161.6041 1.7400000000
86 163.5269 1.7700000000
87 165.4518 1.7700000000
88 167.3752 1.7800000000
89 169.2981 1.7500000000
90 171.2220 1.7700000000
91 173.1471 1.7600000000
92 175.0689 1.7700000000
93 176.9916 1.7700000000
94 178.9142 1.7900000000
95 180.8377 1.7500000000
96 182.7612 1.7900000000
97 184.6850 1.7900000000
98 186.6084 1.7800000000
99 188.5320 1.7800000000
100 190.4540 1.7900000000
101 192.3766 1.7800000000
102 194.3009 1.7600000000
103 196.2232 1.7900000000
104 198.1459 1.7700000000
105 200.0688 1.7700000000
106 201.9917 1.7700000000
107 203.9152 1.7800000000
108 205.8386 1.7900000000
109 207.7612 1.7700000000
110 209.6853 1.7800000000
111 211.6079 1.8000000000
112 213.5312 1.7700000000
113 215.4552 1.7800000000
114 217.3783 1.7800000000
115 219.3006 1.7700000000
116 221.2239 1.8000000000
117 223.1482 1.7800000000
118 225.0701 1.7900000000
119 226.9933 1.8000000000
120 228.9165 1.8000000000
121 230.8403 1.7700000000
122 232.7636 1.7900000000
123 234.6856 1.8000000000
124 236.6093 1.7800000000
125 238.5322 1.7600000000
126 240.4557 1.7800000000
127 242.3830 1.7800000000
128 244.3150 1.7700000000
129 246.2386 1.7900000000
130 248.1615 1.7700000000
131 250.0840 1.7500000000
132 252.0083 1.7700000000
133 253.9313 1.7600000000
134 255.8543 1.7900000000
135 257.7769 1.7700000000
136 259.7004 1.7400000000
137 261.6255 1.7900000000
138 263.5489 1.7600000000
139 265.4722 1.7700000000
140 267.3950 1.7800000000
141 269.3182 1.7500000000
142 271.2414 1.7700000000
143 273.1639 1.7900000000
144 275.0879 1.7500000000
145 277.0110 1.7700000000
146 278.9339 1.7600000000
147 280.8583 1.7700000000
148 282.7818 1.7900000000
149 284.7052 1.7700000000
150 286.6273 1.7300000000
151 288.5507 1.7500000000
152 290.4733 1.7500000000
153 292.3972 1.7400000000
154 294.3205 1.7500000000
155 296.2442 1.7400000000
156 298.1677 1.7600000000
157 300.0911 1.7500000000
158 302.0143 1.7300000000
159 303.9384 1.7400000000
160 305.8609 1.7500000000
161 307.7830 1.7400000000
162 309.7057 1.7300000000
163 311.6285 1.7600000000
164 313.5513 1.7500000000
165 315.4736 1.7500000000
166 317.3958 1.7500000000
167 319.3186 1.7500000000
168 321.2429 1.7400000000
169 323.1718 1.7500000000
170 325.0960 1.7400000000
171 327.0184 1.7500000000
172 328.9418 1.7500000000
173 330.8649 1.7500000000
174 332.7872 1.7500000000
175 334.7113 1.7500000000
176 336.6340 1.7400000000
177 338.5584 1.7500000000
178 340.4823 1.7200000000
179 342.4057 1.7300000000
180 344.3297 1.7500000000
181 346.2519 1.7500000000
182 348.1759 1.7500000000
183 350.0973 1.7500000000
184 352.0195 1.7500000000
185 353.9421 1.7500000000
186 355.8656 1.7200000000
187 357.7892 1.7600000000
188 359.7146 1.7500000000
189 361.6369 1.7500000000
190 363.5596 1.7500000000
191 365.4814 1.7400000000
192 367.4046 1.7500000000
193 369.3285 1.7500000000
194 371.2522 1.7600000000
195 373.1746 1.7300000000
196 375.0980 1.7400000000
197 377.0199 1.7600000000
198 378.9439 1.7400000000
199 380.8684 1.7600000000
200 382.8003 1.7300000000
