1 0.0000 0.0716500000
2 1.9304 0.0317500000
3 3.8544 0.0221000000
4 5.7774 0.0164166667
5 7.7013 0.0122833333
6 9.6237 0.0093000000
7 11.5463 0.0067833333
8 13.4708 0.0050666667
9 15.3941 0.0036666667
10 17.3193 0.0027666667
11 19.2433 0.0019500000
12 21.1664 0.0014500000
13 23.0893 0.0012000000
14 25.0128 0.0009666667
15 26.9356 0.0008000000
16 28.8579 0.0006500000
17 30.7797 0.0005333333
18 32.7072 0.0004833333
19 34.6297 0.0004666667
20 36.5540 0.0003833333
21 38.4776 0.0002833333
22 40.4009 0.0002500000
23 42.3249 0.0002000000
24 44.2487 0.0001666667
25 46.1706 0.0001500000
26 48.0946 0.0001166667
27 50.0179 0.0001166667
28 51.9418 0.0001000000
29 53.8655 0.0001000000
30 55.7902 0.0000833333
31 57.7137 0.0000666667
32 59.6373 0.0000666667
33 61.5606 0.0000500000
34 63.4852 0.0000666667
35 65.4079 0.0000500000
36 67.3322 0.0000500000
37 69.2549 0.0000500000
38 71.1773 0.0000500000
39 73.0996 0.0000500000
40 75.0231 0.0000500000
41 76.9457 0.0000333333
42 78.8692 0.0000500000
43 80.7919 0.0000333333
44 82.7172 0.0000333333
45 84.6405 0.0000333333
46 86.5640 0.0000333333
47 88.4892 0.0000333333
48 90.4124 0.0000333333
49 92.3356 0.0000333333
50 94.2609 0.0000333333
51 96.1846 0.0000333333
52 98.1096 0.0000333333
53 100.0413 0.0000333333
54 101.9663 0.0000166667
55 103.8914 0.0000166667
56 105.8153 0.0000333333
57 107.7387 0.0000166667
58 109.6638 0.0000166667
59 111.5889 0.0000333333
60 113.5146 0.0000166667
61 115.4386 0.0000166667
62 117.3644 0.0000166667
63 119.2873 0.0000166667
64 121.2113 0.0000333333
65 123.1342 0.0000166667
66 125.0583 0.0000166667
67 126.9802 0.0000166667
68 128.9049 0.0000166667
69 130.8285 0.0000166667
70 132.7520 0.0000166667
71 134.6751 0.0000166667
72 136.5993 0.0000166667
73 138.5229 0.0000166667
74 140.4476 0.0000166667
75 142.3713 0.0000166667
76 144.2940 0.0000166667
77 146.2219 0.0000166667
78 148.1454 0.0000166667
79 150.0681 0.0000166667
80 151.9909 0.0000166667
81 153.9133 0.0000166667
82 155.8369 0.0000166667
83 157.7596 0.0000166667
84 159.6824 0.0000166667
85 161.6041 0.0000166667
86 163.5269 0.0000166667
87 165.4518 0.0000166667
88 167.3752 0.0000166667
89 169.2981 0.0000166667
90 171.2220 0.0000166667
91 173.1471 0.0000166667
92 175.0689 0.0000166667
93 176.9916 0.0000166667
94 178.9142 0.0000166667
95 180.8377 0.0000166667
96 182.7612 0.0000166667
97 184.6850 0.0000166667
98 186.6084 0.0000166667
99 188.5320 0.0000166667
100 190.4540 0.0000166667
101 192.3766 0.0000166667
102 194.3009 0.0000166667
103 196.2232 0.0000166667
104 198.1459 0.0000166667
105 200.0688 0.0000166667
106 201.9917 0.0000166667
107 203.9152 0.0000166667
108 205.8386 0.0000166667
109 207.7612 0.0000166667
110 209.6853 0.0000166667
111 211.6079 0.0000166667
112 213.5312 0.0000166667
113 215.4552 0.0000166667
114 217.3783 0.0000166667
115 219.3006 0.0000166667
116 221.2239 0.0000166667
117 223.1482 0.0000166667
118 225.0701 0.0000166667
119 226.9933 0.0000166667
120 228.9165 0.0000166667
121 230.8403 0.0000166667
122 232.7636 0.0000166667
123 234.6856 0.0000166667
124 236.6093 0.0000166667
125 238.5322 0.0000166667
126 240.4557 0.0000166667
127 242.3830 0.0000166667
128 244.3150 0.0000166667
129 246.2386 0.0000166667
130 248.1615 0.0000166667
131 250.0840 0.0000166667
132 252.0083 0.0000166667
133 253.9313 0.0000166667
134 255.8543 0.0000166667
135 257.7769 0.0000166667
136 259.7004 0.0000166667
137 261.6255 0.0000166667
138 263.5489 0.0000166667
139 265.4722 0.0000166667
140 267.3950 0.0000166667
141 269.3182 0.0000166667
142 271.2414 0.0000166667
143 273.1639 0.0000166667
144 275.0879 0.0000166667
145 277.0110 0.0000166667
146 278.9339 0.0000166667
147 280.8583 0.0000166667
148 282.7818 0.0000166667
149 284.7052 0.0000166667
150 286.6273 0.0000166667
151 288.5507 0.0000166667
152 290.4733 0.0000166667
153 292.3972 0.0000166667
154 294.3205 0.0000166667
155 296.2442 0.0000166667
156 298.1677 0.0000166667
157 300.0911 0.0000166667
158 302.0143 0.0000166667
159 303.9384 0.0000166667
160 305.8609 0.0000166667
161 307.7830 0.0000166667
162 309.7057 0.0000166667
163 311.6285 0.0000166667
164 313.5513 0.0000166667
165 315.4736 0.0000166667
166 317.3958 0.0000166667
167 319.3186 0.0000166667
168 321.2429 0.0000166667
169 323.1718 0.0000166667
170 325.0960 0.0000166667
171 327.0184 0.0000166667
172 328.9418 0.0000166667
173 330.8649 0.0000166667
174 332.7872 0.0000166667
175 334.7113 0.0000166667
176 336.6340 0.0000166667
177 338.5584 0.0000166667
178 340.4823 0.0000166667
179 342.4057 0.0000166667
180 344.3297 0.0000166667
181 346.2519 0.0000166667
182 348.1759 0.0000166667
183 350.0973 0.0000166667
184 352.0195 0.0000166667
185 353.9421 0.0000166667
186 355.8656 0.0000166667
187 357.7892 0.0000166667
188 359.7146 0.0000166667
189 361.6369 0.0000166667
190 363.5596 0.0000166667
191 365.4814 0.0000166667
192 367.4046 0.0000166667
193 369.3285 0.0000166667
194 371.2522 0.0000166667
195 373.1746 0.0000166667
196 375.0980 0.0000166667
197 377.0199 0.0000166667
198 378.9439 0.0000166667
199 380.8684 0.0000166667
200 382.8003 0.0000166667
