1 0.0000 4.7200000000
2 1.9245 3.4300000000
3 3.8474 2.9700000000
4 5.7670 2.6300000000
5 7.6896 2.4900000000
6 9.6175 2.3900000000
7 11.5365 2.2500000000
8 13.4571 2.1500000000
9 15.3774 2.1300000000
10 17.2973 2.0900000000
11 19.2171 2.0700000000
12 21.1381 2.0300000000
13 23.0584 2.0100000000
14 24.9787 2.0100000000
15 26.8976 2.0300000000
16 28.8184 2.0200000000
17 30.7390 1.9800000000
18 32.6595 1.9300000000
19 34.5787 1.8500000000
20 36.4991 1.8400000000
21 38.4195 1.8100000000
22 40.3571 1.7600000000
23 42.2767 1.7200000000
24 44.1960 1.7100000000
25 46.1161 1.7000000000
26 48.0354 1.6900000000
27 49.9534 1.7000000000
28 51.8740 1.7100000000
29 53.7940 1.7000000000
30 55.7141 1.7200000000
31 57.6320 1.7200000000
32 59.5524 1.7200000000
33 61.4738 1.7100000000
34 63.3924 1.7000000000
35 65.3110 1.7200000000
36 67.2303 1.7100000000
37 69.1498 1.7100000000
38 71.0701 1.7000000000
39 72.9894 1.7000000000
40 74.9085 1.7000000000
41 76.8307 1.7000000000
42 78.7598 1.7000000000
43 80.6828 1.7000000000
44 82.6066 1.7000000000
45 84.5301 1.7000000000
46 86.4543 1.7000000000
47 88.3767 1.7000000000
48 90.2985 1.7000000000
49 92.2215 1.7000000000
50 94.1451 1.6900000000
51 96.0673 1.6900000000
52 97.9894 1.6900000000
53 99.9154 1.7000000000
54 101.8407 1.6900000000
55 103.7650 1.6800000000
56 105.6885 1.6800000000
57 107.6117 1.6700000000
58 109.5342 1.6700000000
59 111.4567 1.6700000000
60 113.3800 1.6700000000
61 115.3019 1.6700000000
62 117.2253 1.6700000000
63 119.1484 1.6700000000
64 121.0717 1.6700000000
65 122.9936 1.6800000000
66 124.9164 1.6800000000
67 126.8382 1.6900000000
68 128.7643 1.6900000000
69 130.6881 1.7000000000
70 132.6098 1.7000000000
71 134.5312 1.7000000000
72 136.4527 1.7000000000
73 138.3730 1.7000000000
74 140.2945 1.6900000000
75 142.2143 1.6900000000
76 144.1354 1.6900000000
77 146.0545 1.7000000000
78 147.9733 1.7000000000
79 149.8941 1.7000000000
80 151.8128 1.7000000000
81 153.7314 1.6900000000
82 155.6521 1.6900000000
83 157.5723 1.6900000000
84 159.4921 1.6900000000
85 161.4128 1.6900000000
86 163.3329 1.6900000000
87 165.2538 1.6900000000
88 167.1751 1.7000000000
89 169.0948 1.7000000000
90 171.0139 1.7000000000
91 172.9331 1.7000000000
92 174.8534 1.7000000000
93 176.7720 1.6900000000
94 178.6924 1.6900000000
95 180.6225 1.6800000000
96 182.5598 1.6900000000
97 184.4790 1.6800000000
98 186.3991 1.6800000000
99 188.3188 1.6700000000
100 190.2563 1.6800000000
101 192.1901 1.6800000000
102 194.1101 1.6800000000
103 196.0285 1.6800000000
104 197.9490 1.6800000000
105 199.8677 1.6800000000
106 201.7887 1.6800000000
107 203.7117 1.6800000000
108 205.6376 1.6700000000
109 207.5575 1.6700000000
110 209.4794 1.6700000000
111 211.3994 1.6800000000
112 213.3211 1.6800000000
113 215.2421 1.6900000000
114 217.1609 1.6900000000
115 219.0801 1.6900000000
116 221.0017 1.6900000000
117 222.9211 1.6800000000
118 224.8404 1.6800000000
119 226.7602 1.6800000000
120 228.6828 1.6800000000
121 230.6043 1.6800000000
122 232.5251 1.6800000000
123 234.4453 1.6800000000
124 236.3668 1.6800000000
125 238.2882 1.6800000000
126 240.2081 1.6900000000
127 242.1265 1.6700000000
128 244.0458 1.6900000000
129 245.9664 1.6800000000
130 247.8854 1.6800000000
131 249.8054 1.6800000000
132 251.7268 1.6800000000
133 253.6474 1.6800000000
134 255.5683 1.6800000000
135 257.4888 1.6800000000
136 259.4101 1.6800000000
137 261.3297 1.6800000000
138 263.2506 1.6800000000
139 265.1711 1.6800000000
140 267.0937 1.6800000000
141 269.0135 1.6800000000
142 270.9348 1.6800000000
143 272.8548 1.6800000000
144 274.7758 1.6900000000
145 276.6975 1.6900000000
146 278.6184 1.6900000000
147 280.5387 1.6900000000
148 282.4594 1.6900000000
149 284.3798 1.6900000000
150 286.3007 1.6900000000
151 288.2214 1.6900000000
152 290.1427 1.6900000000
153 292.0617 1.6900000000
154 293.9828 1.6900000000
155 295.9028 1.6900000000
156 297.8243 1.6900000000
157 299.7506 1.6900000000
158 301.6755 1.6900000000
159 303.6051 1.6900000000
160 305.5310 1.6900000000
161 307.4538 1.6900000000
162 309.3775 1.6900000000
163 311.2991 1.6900000000
164 313.2232 1.6900000000
165 315.1465 1.6900000000
166 317.0693 1.6800000000
167 318.9911 1.6800000000
168 320.9174 1.6800000000
169 322.8389 1.6800000000
170 324.7628 1.6800000000
171 326.6855 1.6800000000
172 328.6098 1.6800000000
173 330.5330 1.6800000000
174 332.4577 1.6800000000
175 334.3815 1.6800000000
176 336.3058 1.6800000000
177 338.2286 1.6800000000
178 340.1508 1.6800000000
179 342.0742 1.6800000000
180 343.9978 1.6800000000
181 345.9216 1.6800000000
182 347.8366 1.6800000000
183 349.7521 1.6800000000
184 351.6678 1.6800000000
185 353.5823 1.6800000000
186 355.4980 1.6800000000
187 357.4111 1.6800000000
188 359.3250 1.6800000000
189 361.2388 1.6800000000
190 363.1519 1.6800000000
191 365.0654 1.6800000000
192 366.9812 1.6800000000
193 368.8949 1.6800000000
194 370.8118 1.6800000000
195 372.7346 1.6800000000
196 374.6512 1.6800000000
197 376.5656 1.6800000000
198 378.4810 1.6800000000
199 380.3940 1.6800000000
200 382.3079 1.6800000000
