1 0.0000 4.7700000000
2 1.9284 3.3600000000
3 3.8503 2.8600000000
4 5.7724 2.5500000000
5 7.6906 2.3300000000
6 9.6096 2.2500000000
7 11.5277 2.1800000000
8 13.4467 2.1500000000
9 15.3839 2.1500000000
10 17.3129 2.1000000000
11 19.2315 2.1000000000
12 21.1526 2.0800000000
13 23.0754 2.0300000000
14 24.9946 1.9900000000
15 26.9151 1.9700000000
16 28.8354 1.9900000000
17 30.7549 1.9300000000
18 32.6731 1.9300000000
19 34.5919 1.8900000000
20 36.5125 1.8700000000
21 38.4333 1.8400000000
22 40.3520 1.8200000000
23 42.2710 1.8200000000
24 44.1935 1.7900000000
25 46.1183 1.7700000000
26 48.0372 1.7700000000
27 49.9679 1.7800000000
28 51.8886 1.7600000000
29 53.8069 1.7700000000
30 55.7255 1.7400000000
31 57.6424 1.7400000000
32 59.5608 1.7300000000
33 61.4787 1.7500000000
34 63.3973 1.7300000000
35 65.3132 1.7100000000
36 67.2342 1.7100000000
37 69.1570 1.7200000000
38 71.0775 1.7100000000
39 72.9963 1.7000000000
40 74.9158 1.6900000000
41 76.8345 1.7100000000
42 78.7557 1.6900000000
43 80.6746 1.6800000000
44 82.5939 1.6800000000
45 84.5123 1.6700000000
46 86.4335 1.6500000000
47 88.3518 1.6600000000
48 90.2714 1.6400000000
49 92.1896 1.6300000000
50 94.1083 1.6500000000
51 96.0297 1.6300000000
52 97.9545 1.6300000000
53 99.8737 1.6300000000
54 101.7927 1.6300000000
55 103.7113 1.6200000000
56 105.6303 1.6300000000
57 107.5498 1.6200000000
58 109.4692 1.6300000000
59 111.3887 1.6300000000
60 113.3073 1.6500000000
61 115.2247 1.6500000000
62 117.1433 1.6300000000
63 119.0630 1.6400000000
64 120.9839 1.6400000000
65 122.9029 1.6500000000
66 124.8216 1.6400000000
67 126.7399 1.6600000000
68 128.6582 1.6500000000
69 130.5765 1.6500000000
70 132.4949 1.6400000000
71 134.4135 1.6400000000
72 136.3314 1.6500000000
73 138.2488 1.6400000000
74 140.1797 1.6400000000
75 142.1019 1.6300000000
76 144.0237 1.6400000000
77 145.9440 1.6200000000
78 147.8635 1.6200000000
79 149.7822 1.6300000000
80 151.7003 1.6300000000
81 153.6195 1.6300000000
82 155.5375 1.6400000000
83 157.4564 1.6500000000
84 159.3763 1.6200000000
85 161.2936 1.6400000000
86 163.2140 1.6500000000
87 165.1357 1.6300000000
88 167.0574 1.6400000000
89 168.9764 1.6200000000
90 170.8958 1.6200000000
91 172.8143 1.6400000000
92 174.7330 1.6100000000
93 176.6514 1.6400000000
94 178.5700 1.6100000000
95 180.4880 1.6000000000
96 182.4066 1.6100000000
97 184.3243 1.6000000000
98 186.2434 1.6200000000
99 188.1643 1.5800000000
100 190.0984 1.6000000000
101 192.0175 1.6000000000
102 193.9362 1.5800000000
103 195.8545 1.5800000000
104 197.7723 1.5900000000
105 199.6902 1.6100000000
106 201.6083 1.6000000000
107 203.5246 1.6100000000
108 205.4433 1.5900000000
109 207.3608 1.5900000000
110 209.2786 1.5900000000
111 211.1961 1.5900000000
112 213.1130 1.5900000000
113 215.0303 1.5900000000
114 216.9492 1.6000000000
115 218.8663 1.6100000000
116 220.7845 1.5800000000
117 222.7026 1.5900000000
118 224.6205 1.6100000000
119 226.5379 1.5800000000
120 228.4547 1.6200000000
121 230.3721 1.6100000000
122 232.2903 1.6000000000
123 234.2103 1.6200000000
124 236.1352 1.6000000000
125 238.0544 1.6100000000
126 239.9754 1.6200000000
127 241.8950 1.6000000000
128 243.8141 1.6300000000
129 245.7327 1.6300000000
130 247.6510 1.6300000000
131 249.5687 1.6300000000
132 251.4871 1.6400000000
133 253.4053 1.6000000000
134 255.3229 1.6300000000
135 257.2403 1.6100000000
136 259.1597 1.6200000000
137 261.0773 1.6300000000
138 262.9993 1.6400000000
139 264.9227 1.6400000000
140 266.8426 1.6200000000
141 268.7614 1.6100000000
142 270.6819 1.6100000000
143 272.6016 1.6400000000
144 274.5207 1.6300000000
145 276.4394 1.6500000000
146 278.3581 1.6100000000
147 280.2751 1.6300000000
148 282.1939 1.6200000000
149 284.1119 1.6200000000
150 286.0334 1.6200000000
151 287.9526 1.6300000000
152 289.8711 1.6200000000
153 291.7893 1.6200000000
154 293.7089 1.6200000000
155 295.6277 1.6300000000
156 297.5466 1.6300000000
157 299.4647 1.6100000000
158 301.3816 1.6100000000
159 303.2997 1.6100000000
160 305.2182 1.6200000000
161 307.1351 1.6400000000
162 309.0555 1.6200000000
163 310.9783 1.6100000000
164 312.8985 1.6200000000
165 314.8174 1.6200000000
166 316.7393 1.6100000000
167 318.6589 1.6300000000
168 320.5788 1.6100000000
169 322.4980 1.6200000000
170 324.4163 1.6300000000
171 326.3361 1.6200000000
172 328.2572 1.6200000000
173 330.1756 1.6300000000
174 332.0962 1.6000000000
175 334.0193 1.6100000000
176 335.9378 1.6200000000
177 337.8567 1.6400000000
178 339.7752 1.6300000000
179 341.6856 1.6300000000
180 343.5964 1.6400000000
181 345.5066 1.6400000000
182 347.4170 1.6400000000
183 349.3270 1.6200000000
184 351.2380 1.6300000000
185 353.1467 1.6500000000
186 355.0589 1.6200000000
187 356.9708 1.6400000000
188 358.8817 1.6400000000
189 360.7930 1.6300000000
190 362.7032 1.6400000000
191 364.6128 1.6400000000
192 366.5234 1.6400000000
193 368.4321 1.6200000000
194 370.3412 1.6400000000
195 372.2497 1.6500000000
196 374.1592 1.6200000000
197 376.0683 1.6500000000
198 377.9815 1.6500000000
199 379.8966 1.6400000000
200 381.8113 1.6400000000
