1 0.0000 4.6100000000
2 1.9238 3.3500000000
3 3.8433 2.8600000000
4 5.7628 2.5800000000
5 7.6828 2.3100000000
6 9.6027 2.2500000000
7 11.5219 2.1800000000
8 13.4410 2.2000000000
9 15.3614 2.1500000000
10 17.2824 2.1300000000
11 19.2045 2.0400000000
12 21.1290 2.0300000000
13 23.0501 1.9900000000
14 24.9721 2.0000000000
15 26.8921 2.0000000000
16 28.8110 1.9900000000
17 30.7311 1.9900000000
18 32.6520 1.9100000000
19 34.5720 1.8800000000
20 36.4921 1.8200000000
21 38.4123 1.8000000000
22 40.3321 1.7900000000
23 42.2533 1.7600000000
24 44.1731 1.7200000000
25 46.0926 1.7300000000
26 48.0158 1.7000000000
27 49.9366 1.7200000000
28 51.8556 1.7000000000
29 53.7730 1.7000000000
30 55.6926 1.6700000000
31 57.6140 1.6700000000
32 59.5577 1.6600000000
33 61.4746 1.6700000000
34 63.3922 1.6700000000
35 65.3091 1.6600000000
36 67.2260 1.6600000000
37 69.1437 1.6600000000
38 71.0647 1.6600000000
39 72.9875 1.6600000000
40 74.9071 1.6600000000
41 76.8252 1.6600000000
42 78.7453 1.6600000000
43 80.6648 1.6400000000
44 82.5841 1.6400000000
45 84.5033 1.6400000000
46 86.4221 1.6300000000
47 88.3398 1.6300000000
48 90.2576 1.6300000000
49 92.1749 1.6400000000
50 94.1046 1.6300000000
51 96.0252 1.6300000000
52 97.9428 1.6300000000
53 99.8609 1.6300000000
54 101.7790 1.6300000000
55 103.6970 1.6100000000
56 105.6153 1.6200000000
57 107.5327 1.6200000000
58 109.4517 1.6100000000
59 111.3684 1.6100000000
60 113.2859 1.6200000000
61 115.2024 1.6200000000
62 117.1203 1.6300000000
63 119.0387 1.6200000000
64 120.9571 1.6200000000
65 122.8743 1.6200000000
66 124.7925 1.6200000000
67 126.7105 1.6200000000
68 128.6291 1.6200000000
69 130.5464 1.6200000000
70 132.4648 1.6200000000
71 134.3827 1.6200000000
72 136.2997 1.6200000000
73 138.2160 1.6200000000
74 140.1340 1.6200000000
75 142.0507 1.6200000000
76 143.9691 1.6200000000
77 145.8868 1.6300000000
78 147.8057 1.6200000000
79 149.7230 1.6300000000
80 151.6419 1.6300000000
81 153.5608 1.6300000000
82 155.4802 1.6300000000
83 157.3976 1.6300000000
84 159.3145 1.6200000000
85 161.2320 1.6200000000
86 163.1504 1.6200000000
87 165.0684 1.6200000000
88 166.9844 1.6200000000
89 168.9121 1.6300000000
90 170.8303 1.6300000000
91 172.7473 1.6300000000
92 174.6653 1.6300000000
93 176.5825 1.6300000000
94 178.5001 1.6300000000
95 180.4186 1.6300000000
96 182.3355 1.6200000000
97 184.2523 1.6300000000
98 186.1710 1.6300000000
99 188.0886 1.6200000000
100 190.0066 1.6300000000
101 191.9248 1.6200000000
102 193.8429 1.6300000000
103 195.7606 1.6200000000
104 197.6777 1.6200000000
105 199.5941 1.6200000000
106 201.5122 1.6200000000
107 203.4302 1.6200000000
108 205.3479 1.6200000000
109 207.2658 1.6200000000
110 209.1843 1.6200000000
111 211.1024 1.6200000000
112 213.0202 1.6200000000
113 214.9370 1.6200000000
114 216.8556 1.6200000000
115 218.7737 1.6300000000
116 220.6919 1.6300000000
117 222.6095 1.6400000000
118 224.5283 1.6300000000
119 226.4457 1.6400000000
120 228.3631 1.6300000000
121 230.2804 1.6300000000
122 232.1996 1.6300000000
123 234.1175 1.6300000000
124 236.0359 1.6300000000
125 237.9588 1.6300000000
126 239.8848 1.6300000000
127 241.8065 1.6300000000
128 243.7268 1.6300000000
129 245.6469 1.6300000000
130 247.5684 1.6300000000
131 249.4893 1.6300000000
132 251.4102 1.6300000000
133 253.3296 1.6400000000
134 255.2486 1.6400000000
135 257.1682 1.6400000000
136 259.0869 1.6400000000
137 261.0069 1.6300000000
138 262.9269 1.6300000000
139 264.8473 1.6300000000
140 266.7680 1.6300000000
141 268.6875 1.6300000000
142 270.6072 1.6300000000
143 272.5275 1.6300000000
144 274.4467 1.6300000000
145 276.3649 1.6300000000
146 278.2880 1.6300000000
147 280.2080 1.6300000000
148 282.1269 1.6300000000
149 284.0508 1.6300000000
150 285.9823 1.6300000000
151 287.9048 1.6300000000
152 289.8260 1.6300000000
153 291.7477 1.6300000000
154 293.6709 1.6300000000
155 295.5911 1.6300000000
156 297.5128 1.6300000000
157 299.4339 1.6300000000
158 301.3556 1.6300000000
159 303.2762 1.6300000000
160 305.1968 1.6300000000
161 307.1172 1.6300000000
162 309.0386 1.6300000000
163 310.9598 1.6300000000
164 312.8809 1.6300000000
165 314.8011 1.6300000000
166 316.7230 1.6300000000
167 318.6442 1.6300000000
168 320.5654 1.6300000000
169 322.4846 1.6300000000
170 324.4057 1.6300000000
171 326.3264 1.6300000000
172 328.2478 1.6300000000
173 330.1714 1.6300000000
174 332.1002 1.6300000000
175 334.0213 1.6300000000
176 335.9434 1.6200000000
177 337.8641 1.6200000000
178 339.7872 1.6200000000
179 341.7092 1.6200000000
180 343.6307 1.6200000000
181 345.5518 1.6100000000
182 347.4733 1.6100000000
183 349.3948 1.6100000000
184 351.3157 1.6100000000
185 353.2397 1.6100000000
186 355.1645 1.6100000000
187 357.0855 1.6100000000
188 359.0074 1.6100000000
189 360.9358 1.6100000000
190 362.8564 1.6100000000
191 364.7769 1.6100000000
192 366.6964 1.6100000000
193 368.6158 1.6100000000
194 370.5348 1.6100000000
195 372.4543 1.6100000000
196 374.3735 1.6100000000
197 376.2924 1.6100000000
198 378.2124 1.6100000000
199 380.1311 1.6100000000
200 382.0513 1.6100000000
