1 0.0000 8.6500000000
2 1.9163 7.4400000000
3 3.8302 6.6200000000
4 5.7440 5.8300000000
5 7.6586 5.1100000000
6 9.5745 4.6300000000
7 11.4880 4.2500000000
8 13.4024 3.9300000000
9 15.3169 3.7100000000
10 17.2326 3.4500000000
11 19.1468 3.2900000000
12 21.0616 3.1800000000
13 23.0004 3.0000000000
14 24.9288 2.9300000000
15 26.8504 2.8600000000
16 28.7670 2.8300000000
17 30.6822 2.7700000000
18 32.5977 2.7200000000
19 34.5127 2.6600000000
20 36.4282 2.6700000000
21 38.3436 2.6100000000
22 40.2583 2.5600000000
23 42.1739 2.5100000000
24 44.0896 2.5200000000
25 46.0042 2.4800000000
26 47.9192 2.4500000000
27 49.8333 2.4000000000
28 51.7475 2.3900000000
29 53.6620 2.4100000000
30 55.5759 2.4100000000
31 57.4944 2.3900000000
32 59.4096 2.3200000000
33 61.3239 2.3200000000
34 63.2391 2.3200000000
35 65.1543 2.3100000000
36 67.0689 2.3100000000
37 68.9834 2.2900000000
38 70.8976 2.2800000000
39 72.8115 2.2700000000
40 74.7266 2.2700000000
41 76.6412 2.2500000000
42 78.5561 2.2400000000
43 80.4716 2.2500000000
44 82.3875 2.2400000000
45 84.3023 2.2300000000
46 86.2187 2.2000000000
47 88.1322 2.2100000000
48 90.0469 2.1900000000
49 91.9616 2.1900000000
50 93.8770 2.1900000000
51 95.7923 2.1800000000
52 97.7067 2.1800000000
53 99.6205 2.1900000000
54 101.5367 2.1700000000
55 103.4519 2.1500000000
56 105.3665 2.1600000000
57 107.2806 2.1300000000
58 109.1958 2.1300000000
59 111.1110 2.0900000000
60 113.0249 2.0800000000
61 114.9390 2.0600000000
62 116.8537 2.0300000000
63 118.7686 2.0300000000
64 120.6827 2.0100000000
65 122.5958 2.0000000000
66 124.5097 2.0100000000
67 126.4244 2.0000000000
68 128.3385 2.0000000000
69 130.2527 1.9800000000
70 132.1669 1.9800000000
71 134.0807 1.9600000000
72 135.9948 1.9700000000
73 137.9102 1.9600000000
74 139.8247 1.9600000000
75 141.7392 1.9600000000
76 143.6537 1.9600000000
77 145.5685 1.9600000000
78 147.4832 1.9400000000
79 149.3974 1.9300000000
80 151.3115 1.9200000000
81 153.2257 1.9200000000
82 155.1401 1.9300000000
83 157.0540 1.9300000000
84 158.9678 1.9300000000
85 160.8816 1.9400000000
86 162.7981 1.9400000000
87 164.7137 1.9400000000
88 166.6282 1.9200000000
89 168.5427 1.9100000000
90 170.4563 1.9000000000
91 172.3712 1.9000000000
92 174.2860 1.8900000000
93 176.2003 1.8800000000
94 178.1144 1.8800000000
95 180.0286 1.8800000000
96 181.9427 1.8800000000
97 183.8556 1.8800000000
98 185.7710 1.8800000000
99 187.6861 1.8800000000
100 189.6015 1.8700000000
101 191.5153 1.8700000000
102 193.4306 1.8700000000
103 195.3447 1.8700000000
104 197.2589 1.8800000000
105 199.1716 1.8800000000
106 201.0865 1.8800000000
107 203.0018 1.8700000000
108 204.9157 1.8700000000
109 206.8304 1.8700000000
110 208.7444 1.8700000000
111 210.6586 1.8700000000
112 212.5725 1.8700000000
113 214.4860 1.8700000000
114 216.4002 1.8700000000
115 218.3142 1.8500000000
116 220.2291 1.8500000000
117 222.1429 1.8500000000
118 224.0563 1.8500000000
119 225.9715 1.8400000000
120 227.8859 1.8400000000
121 229.8009 1.8300000000
122 231.7149 1.8300000000
123 233.6360 1.8300000000
124 235.5536 1.8200000000
125 237.4710 1.8200000000
126 239.3878 1.8200000000
127 241.3035 1.8100000000
128 243.2207 1.8100000000
129 245.1371 1.8000000000
130 247.0543 1.8000000000
131 248.9700 1.8000000000
132 250.8861 1.8000000000
133 252.8029 1.8000000000
134 254.7226 1.7900000000
135 256.6433 1.7900000000
136 258.5601 1.7900000000
137 260.4748 1.8000000000
138 262.3920 1.8000000000
139 264.3079 1.7900000000
140 266.2235 1.7900000000
141 268.1390 1.7900000000
142 270.0585 1.7900000000
143 271.9740 1.7700000000
144 273.8888 1.7700000000
145 275.8042 1.7700000000
146 277.7244 1.7700000000
147 279.6407 1.7700000000
148 281.5567 1.7700000000
149 283.4715 1.7700000000
150 285.3867 1.7700000000
151 287.3016 1.7700000000
152 289.2173 1.7600000000
153 291.1324 1.7600000000
154 293.0474 1.7700000000
155 294.9632 1.7700000000
156 296.8777 1.7600000000
157 298.7939 1.7700000000
158 300.7097 1.7700000000
159 302.6247 1.7700000000
160 304.5405 1.7700000000
161 306.4573 1.7700000000
162 308.3726 1.7700000000
163 310.2889 1.7700000000
164 312.2038 1.7700000000
165 314.1216 1.7700000000
166 316.0373 1.7700000000
167 317.9537 1.7700000000
168 319.8690 1.7700000000
169 321.7842 1.7800000000
170 323.6998 1.7800000000
171 325.6160 1.7800000000
172 327.5305 1.7700000000
173 329.4461 1.7700000000
174 331.3609 1.7700000000
175 333.2763 1.7700000000
176 335.1914 1.7700000000
177 337.1063 1.7700000000
178 339.0214 1.7700000000
179 340.9359 1.7700000000
180 342.8510 1.7700000000
181 344.7667 1.7700000000
182 346.6739 1.7700000000
183 348.5815 1.7700000000
184 350.4892 1.7600000000
185 352.3954 1.7600000000
186 354.3029 1.7500000000
187 356.2103 1.7500000000
188 358.1168 1.7500000000
189 360.0238 1.7500000000
190 361.9302 1.7500000000
191 363.8370 1.7500000000
192 365.7436 1.7500000000
193 367.6492 1.7400000000
194 369.5561 1.7400000000
195 371.4625 1.7400000000
196 373.3689 1.7400000000
197 375.2748 1.7300000000
198 377.1816 1.7300000000
199 379.0865 1.7300000000
200 380.9934 1.7300000000
