1 0.0000 0.1229833333
2 1.9163 0.0777333333
3 3.8302 0.0650833333
4 5.7440 0.0560666667
5 7.6586 0.0482833333
6 9.5745 0.0425500000
7 11.4880 0.0375500000
8 13.4024 0.0337166667
9 15.3169 0.0303833333
10 17.2326 0.0277666667
11 19.1468 0.0254000000
12 21.0616 0.0230000000
13 23.0004 0.0213166667
14 24.9288 0.0197000000
15 26.8504 0.0183500000
16 28.7670 0.0168666667
17 30.6822 0.0156500000
18 32.5977 0.0146166667
19 34.5127 0.0136166667
20 36.4282 0.0126666667
21 38.3436 0.0118000000
22 40.2583 0.0109333333
23 42.1739 0.0101500000
24 44.0896 0.0093333333
25 46.0042 0.0085500000
26 47.9192 0.0079166667
27 49.8333 0.0073000000
28 51.7475 0.0067166667
29 53.6620 0.0059666667
30 55.5759 0.0054833333
31 57.4944 0.0051166667
32 59.4096 0.0047000000
33 61.3239 0.0042166667
34 63.2391 0.0038666667
35 65.1543 0.0036500000
36 67.0689 0.0033000000
37 68.9834 0.0031000000
38 70.8976 0.0028000000
39 72.8115 0.0025166667
40 74.7266 0.0022500000
41 76.6412 0.0021333333
42 78.5561 0.0020000000
43 80.4716 0.0018000000
44 82.3875 0.0016500000
45 84.3023 0.0014500000
46 86.2187 0.0013166667
47 88.1322 0.0011833333
48 90.0469 0.0011500000
49 91.9616 0.0010833333
50 93.8770 0.0010166667
51 95.7923 0.0008833333
52 97.7067 0.0008000000
53 99.6205 0.0007500000
54 101.5367 0.0006833333
55 103.4519 0.0006500000
56 105.3665 0.0005500000
57 107.2806 0.0005500000
58 109.1958 0.0005166667
59 111.1110 0.0004500000
60 113.0249 0.0004333333
61 114.9390 0.0003500000
62 116.8537 0.0003166667
63 118.7686 0.0003166667
64 120.6827 0.0002833333
65 122.5958 0.0002666667
66 124.5097 0.0002500000
67 126.4244 0.0002500000
68 128.3385 0.0002500000
69 130.2527 0.0002166667
70 132.1669 0.0002000000
71 134.0807 0.0001500000
72 135.9948 0.0001333333
73 137.9102 0.0001333333
74 139.8247 0.0001333333
75 141.7392 0.0001333333
76 143.6537 0.0001333333
77 145.5685 0.0001333333
78 147.4832 0.0001166667
79 149.3974 0.0001166667
80 151.3115 0.0001166667
81 153.2257 0.0001000000
82 155.1401 0.0000666667
83 157.0540 0.0000666667
84 158.9678 0.0000500000
85 160.8816 0.0000500000
86 162.7981 0.0000333333
87 164.7137 0.0000333333
88 166.6282 0.0000333333
89 168.5427 0.0000166667
90 170.4563 0.0000166667
91 172.3712 0.0000166667
92 174.2860 0.0000166667
93 176.2003 0.0000166667
94 178.1144 0.0000166667
95 180.0286 0.0000166667
96 181.9427 0.0000166667
97 183.8556 0.0000166667
98 185.7710 0.0000166667
99 187.6861 0.0000166667
100 189.6015 0.0000166667
101 191.5153 0.0000166667
102 193.4306 0.0000166667
103 195.3447 0.0000166667
104 197.2589 0.0000166667
105 199.1716 0.0000166667
106 201.0865 0.0000166667
107 203.0018 0.0000166667
108 204.9157 0.0000166667
109 206.8304 0.0000166667
110 208.7444 0.0000166667
111 210.6586 0.0000166667
112 212.5725 0.0000166667
113 214.4860 0.0000000000
114 216.4002 0.0000000000
115 218.3142 0.0000000000
116 220.2291 0.0000000000
117 222.1429 0.0000000000
118 224.0563 0.0000000000
119 225.9715 0.0000000000
120 227.8859 0.0000000000
121 229.8009 0.0000000000
122 231.7149 0.0000000000
123 233.6360 0.0000000000
124 235.5536 0.0000000000
125 237.4710 0.0000000000
126 239.3878 0.0000000000
127 241.3035 0.0000000000
128 243.2207 0.0000000000
129 245.1371 0.0000000000
130 247.0543 0.0000000000
131 248.9700 0.0000000000
132 250.8861 0.0000000000
133 252.8029 0.0000000000
134 254.7226 0.0000000000
135 256.6433 0.0000000000
136 258.5601 0.0000000000
137 260.4748 0.0000000000
138 262.3920 0.0000000000
139 264.3079 0.0000000000
140 266.2235 0.0000000000
141 268.1390 0.0000000000
142 270.0585 0.0000000000
143 271.9740 0.0000000000
144 273.8888 0.0000000000
145 275.8042 0.0000000000
146 277.7244 0.0000000000
147 279.6407 0.0000000000
148 281.5567 0.0000000000
149 283.4715 0.0000000000
150 285.3867 0.0000000000
151 287.3016 0.0000000000
152 289.2173 0.0000000000
153 291.1324 0.0000000000
154 293.0474 0.0000000000
155 294.9632 0.0000000000
156 296.8777 0.0000000000
157 298.7939 0.0000000000
158 300.7097 0.0000000000
159 302.6247 0.0000000000
160 304.5405 0.0000000000
161 306.4573 0.0000000000
162 308.3726 0.0000000000
163 310.2889 0.0000000000
164 312.2038 0.0000000000
165 314.1216 0.0000000000
166 316.0373 0.0000000000
167 317.9537 0.0000000000
168 319.8690 0.0000000000
169 321.7842 0.0000000000
170 323.6998 0.0000000000
171 325.6160 0.0000000000
172 327.5305 0.0000000000
173 329.4461 0.0000000000
174 331.3609 0.0000000000
175 333.2763 0.0000000000
176 335.1914 0.0000000000
177 337.1063 0.0000000000
178 339.0214 0.0000000000
179 340.9359 0.0000000000
180 342.8510 0.0000000000
181 344.7667 0.0000000000
182 346.6739 0.0000000000
183 348.5815 0.0000000000
184 350.4892 0.0000000000
185 352.3954 0.0000000000
186 354.3029 0.0000000000
187 356.2103 0.0000000000
188 358.1168 0.0000000000
189 360.0238 0.0000000000
190 361.9302 0.0000000000
191 363.8370 0.0000000000
192 365.7436 0.0000000000
193 367.6492 0.0000000000
194 369.5561 0.0000000000
195 371.4625 0.0000000000
196 373.3689 0.0000000000
197 375.2748 0.0000000000
198 377.1816 0.0000000000
199 379.0865 0.0000000000
200 380.9934 0.0000000000
