1 0.0000 4.5400000000
2 1.9607 3.4100000000
3 3.8917 2.8300000000
4 5.8221 2.6500000000
5 7.7535 2.5000000000
6 9.6875 2.3400000000
7 11.6189 2.2900000000
8 13.5491 2.2500000000
9 15.4815 2.2100000000
10 17.4117 2.1200000000
11 19.3420 2.1100000000
12 21.2715 2.1300000000
13 23.2021 2.0700000000
14 25.1326 2.0600000000
15 27.0617 2.0600000000
16 28.9934 2.0000000000
17 30.9232 2.0300000000
18 32.8537 2.0400000000
19 34.7852 2.0400000000
20 36.7159 1.9800000000
21 38.6451 1.9800000000
22 40.5762 1.9400000000
23 42.5072 1.9400000000
24 44.4381 1.9500000000
25 46.3694 1.8700000000
26 48.2985 1.8600000000
27 50.2278 1.8300000000
28 52.1607 1.8300000000
29 54.0958 1.8000000000
30 56.0277 1.8100000000
31 57.9569 1.7900000000
32 59.8866 1.8000000000
33 61.8170 1.8100000000
34 63.7477 1.8000000000
35 65.6782 1.8000000000
36 67.6071 1.8100000000
37 69.5364 1.8000000000
38 71.4653 1.8100000000
39 73.3944 1.7900000000
40 75.3258 1.8000000000
41 77.2564 1.8200000000
42 79.1882 1.8100000000
43 81.1188 1.8200000000
44 83.0492 1.8200000000
45 84.9779 1.7800000000
46 86.9072 1.8000000000
47 88.8342 1.8100000000
48 90.7633 1.7900000000
49 92.6918 1.7900000000
50 94.6195 1.8000000000
51 96.5494 1.7900000000
52 98.4772 1.8300000000
53 100.4059 1.7900000000
54 102.3352 1.8200000000
55 104.2622 1.8300000000
56 106.1920 1.7900000000
57 108.1208 1.8300000000
58 110.0511 1.8400000000
59 111.9795 1.8200000000
60 113.9090 1.8100000000
61 115.8382 1.8300000000
62 117.7671 1.7900000000
63 119.6963 1.7900000000
64 121.6162 1.8200000000
65 123.5352 1.7900000000
66 125.4562 1.7700000000
67 127.3752 1.7700000000
68 129.2964 1.8000000000
69 131.2199 1.7800000000
70 133.1470 1.7900000000
71 135.0717 1.7900000000
72 136.9954 1.8100000000
73 138.9176 1.8000000000
74 140.8398 1.7900000000
75 142.7597 1.8000000000
76 144.6814 1.8000000000
77 146.6034 1.8000000000
78 148.5243 1.7900000000
79 150.4437 1.8000000000
80 152.3635 1.8000000000
81 154.2834 1.8000000000
82 156.2050 1.8000000000
83 158.1277 1.8000000000
84 160.0653 1.8000000000
85 161.9998 1.8000000000
86 163.9295 1.8100000000
87 165.8578 1.8000000000
88 167.7897 1.7700000000
89 169.7195 1.8100000000
90 171.6475 1.7900000000
91 173.5760 1.8000000000
92 175.5054 1.7800000000
93 177.4350 1.7900000000
94 179.3654 1.7800000000
95 181.2955 1.7900000000
96 183.2274 1.8000000000
97 185.1627 1.7900000000
98 187.0939 1.7900000000
99 189.0257 1.7900000000
100 190.9596 1.7900000000
101 192.8901 1.7900000000
102 194.8222 1.7800000000
103 196.7535 1.7900000000
104 198.6845 1.7800000000
105 200.6149 1.7900000000
106 202.5451 1.7800000000
107 204.4754 1.7800000000
108 206.4056 1.7900000000
109 208.3352 1.7800000000
110 210.2650 1.7800000000
111 212.1974 1.7700000000
112 214.1353 1.7800000000
113 216.0642 1.8000000000
114 217.9944 1.7600000000
115 219.9247 1.7800000000
116 221.8549 1.7800000000
117 223.7836 1.7900000000
118 225.7154 1.7800000000
119 227.6446 1.7700000000
120 229.5719 1.7900000000
121 231.5011 1.7900000000
122 233.4295 1.7900000000
123 235.3569 1.7800000000
124 237.2841 1.7800000000
125 239.2127 1.7700000000
126 241.1418 1.7800000000
127 243.0697 1.7900000000
128 244.9995 1.7700000000
129 246.9272 1.7700000000
130 248.8563 1.7700000000
131 250.7841 1.7700000000
132 252.7139 1.7500000000
133 254.6427 1.7700000000
134 256.5724 1.7600000000
135 258.5002 1.7600000000
136 260.4317 1.7800000000
137 262.3610 1.7400000000
138 264.2910 1.7600000000
139 266.2248 1.7600000000
140 268.1553 1.7600000000
141 270.0842 1.7400000000
142 272.0191 1.7600000000
143 273.9479 1.7700000000
144 275.8776 1.7500000000
145 277.8033 1.7700000000
146 279.7326 1.7500000000
147 281.6586 1.7500000000
148 283.5866 1.7600000000
149 285.5150 1.7600000000
150 287.4440 1.7500000000
151 289.3725 1.7700000000
152 291.2980 1.7300000000
153 293.2289 1.7700000000
154 295.1696 1.7700000000
155 297.1033 1.7600000000
156 299.0350 1.7400000000
157 300.9693 1.7600000000
158 302.8987 1.7700000000
159 304.8307 1.7400000000
160 306.7639 1.7500000000
161 308.6934 1.7700000000
162 310.6271 1.7500000000
163 312.5598 1.7600000000
164 314.4927 1.7500000000
165 316.4262 1.7500000000
166 318.3610 1.7600000000
167 320.2931 1.7500000000
168 322.2271 1.7300000000
169 324.1624 1.7600000000
170 326.0967 1.7100000000
171 328.0302 1.7500000000
172 329.9661 1.7300000000
173 331.9013 1.7500000000
174 333.8338 1.7400000000
175 335.7727 1.7400000000
176 337.7098 1.7500000000
177 339.6524 1.7300000000
178 341.5913 1.7300000000
179 343.5268 1.7600000000
180 345.4676 1.7400000000
181 347.4054 1.7400000000
182 349.3400 1.7500000000
183 351.2810 1.7200000000
184 353.2209 1.7400000000
185 355.1567 1.7400000000
186 357.0922 1.7400000000
187 359.0276 1.7200000000
188 360.9632 1.7500000000
189 362.8964 1.7400000000
190 364.8337 1.7400000000
191 366.7690 1.7200000000
192 368.7035 1.7500000000
193 370.6406 1.7300000000
194 372.5745 1.7300000000
195 374.5100 1.7400000000
196 376.4474 1.7200000000
197 378.3826 1.7200000000
198 380.3188 1.7000000000
199 382.2537 1.7200000000
200 384.1885 1.7200000000
