1 0.0000 0.0714833333
2 1.9607 0.0318666667
3 3.8917 0.0216666667
4 5.8221 0.0160333333
5 7.7535 0.0122833333
6 9.6875 0.0094500000
7 11.6189 0.0068333333
8 13.5491 0.0048666667
9 15.4815 0.0036166667
10 17.4117 0.0028166667
11 19.3420 0.0019166667
12 21.2715 0.0014500000
13 23.2021 0.0011833333
14 25.1326 0.0009833333
15 27.0617 0.0007666667
16 28.9934 0.0005500000
17 30.9232 0.0004666667
18 32.8537 0.0004333333
19 34.7852 0.0003833333
20 36.7159 0.0003500000
21 38.6451 0.0002333333
22 40.5762 0.0002166667
23 42.5072 0.0002166667
24 44.4381 0.0001833333
25 46.3694 0.0001333333
26 48.2985 0.0001333333
27 50.2278 0.0001333333
28 52.1607 0.0001166667
29 54.0958 0.0000833333
30 56.0277 0.0000833333
31 57.9569 0.0000666667
32 59.8866 0.0000666667
33 61.8170 0.0000666667
34 63.7477 0.0000666667
35 65.6782 0.0000666667
36 67.6071 0.0000666667
37 69.5364 0.0000500000
38 71.4653 0.0000500000
39 73.3944 0.0000333333
40 75.3258 0.0000333333
41 77.2564 0.0000333333
42 79.1882 0.0000333333
43 81.1188 0.0000333333
44 83.0492 0.0000333333
45 84.9779 0.0000333333
46 86.9072 0.0000333333
47 88.8342 0.0000333333
48 90.7633 0.0000333333
49 92.6918 0.0000333333
50 94.6195 0.0000333333
51 96.5494 0.0000333333
52 98.4772 0.0000166667
53 100.4059 0.0000166667
54 102.3352 0.0000166667
55 104.2622 0.0000166667
56 106.1920 0.0000166667
57 108.1208 0.0000166667
58 110.0511 0.0000166667
59 111.9795 0.0000166667
60 113.9090 0.0000166667
61 115.8382 0.0000166667
62 117.7671 0.0000166667
63 119.6963 0.0000166667
64 121.6162 0.0000166667
65 123.5352 0.0000166667
66 125.4562 0.0000166667
67 127.3752 0.0000166667
68 129.2964 0.0000166667
69 131.2199 0.0000166667
70 133.1470 0.0000166667
71 135.0717 0.0000166667
72 136.9954 0.0000166667
73 138.9176 0.0000166667
74 140.8398 0.0000166667
75 142.7597 0.0000166667
76 144.6814 0.0000166667
77 146.6034 0.0000166667
78 148.5243 0.0000166667
79 150.4437 0.0000166667
80 152.3635 0.0000166667
81 154.2834 0.0000166667
82 156.2050 0.0000166667
83 158.1277 0.0000166667
84 160.0653 0.0000166667
85 161.9998 0.0000166667
86 163.9295 0.0000166667
87 165.8578 0.0000166667
88 167.7897 0.0000166667
89 169.7195 0.0000166667
90 171.6475 0.0000166667
91 173.5760 0.0000166667
92 175.5054 0.0000166667
93 177.4350 0.0000166667
94 179.3654 0.0000166667
95 181.2955 0.0000166667
96 183.2274 0.0000166667
97 185.1627 0.0000166667
98 187.0939 0.0000166667
99 189.0257 0.0000166667
100 190.9596 0.0000166667
101 192.8901 0.0000166667
102 194.8222 0.0000166667
103 196.7535 0.0000166667
104 198.6845 0.0000166667
105 200.6149 0.0000166667
106 202.5451 0.0000166667
107 204.4754 0.0000166667
108 206.4056 0.0000166667
109 208.3352 0.0000166667
110 210.2650 0.0000166667
111 212.1974 0.0000166667
112 214.1353 0.0000166667
113 216.0642 0.0000166667
114 217.9944 0.0000166667
115 219.9247 0.0000166667
116 221.8549 0.0000166667
117 223.7836 0.0000166667
118 225.7154 0.0000166667
119 227.6446 0.0000166667
120 229.5719 0.0000166667
121 231.5011 0.0000166667
122 233.4295 0.0000166667
123 235.3569 0.0000166667
124 237.2841 0.0000166667
125 239.2127 0.0000166667
126 241.1418 0.0000166667
127 243.0697 0.0000166667
128 244.9995 0.0000166667
129 246.9272 0.0000166667
130 248.8563 0.0000166667
131 250.7841 0.0000166667
132 252.7139 0.0000166667
133 254.6427 0.0000166667
134 256.5724 0.0000166667
135 258.5002 0.0000166667
136 260.4317 0.0000166667
137 262.3610 0.0000166667
138 264.2910 0.0000166667
139 266.2248 0.0000166667
140 268.1553 0.0000166667
141 270.0842 0.0000166667
142 272.0191 0.0000166667
143 273.9479 0.0000166667
144 275.8776 0.0000166667
145 277.8033 0.0000166667
146 279.7326 0.0000166667
147 281.6586 0.0000166667
148 283.5866 0.0000166667
149 285.5150 0.0000166667
150 287.4440 0.0000166667
151 289.3725 0.0000166667
152 291.2980 0.0000166667
153 293.2289 0.0000166667
154 295.1696 0.0000166667
155 297.1033 0.0000166667
156 299.0350 0.0000166667
157 300.9693 0.0000166667
158 302.8987 0.0000166667
159 304.8307 0.0000166667
160 306.7639 0.0000166667
161 308.6934 0.0000166667
162 310.6271 0.0000166667
163 312.5598 0.0000166667
164 314.4927 0.0000166667
165 316.4262 0.0000166667
166 318.3610 0.0000166667
167 320.2931 0.0000166667
168 322.2271 0.0000166667
169 324.1624 0.0000166667
170 326.0967 0.0000166667
171 328.0302 0.0000166667
172 329.9661 0.0000166667
173 331.9013 0.0000166667
174 333.8338 0.0000166667
175 335.7727 0.0000166667
176 337.7098 0.0000166667
177 339.6524 0.0000166667
178 341.5913 0.0000166667
179 343.5268 0.0000166667
180 345.4676 0.0000166667
181 347.4054 0.0000166667
182 349.3400 0.0000166667
183 351.2810 0.0000166667
184 353.2209 0.0000166667
185 355.1567 0.0000166667
186 357.0922 0.0000166667
187 359.0276 0.0000166667
188 360.9632 0.0000166667
189 362.8964 0.0000166667
190 364.8337 0.0000166667
191 366.7690 0.0000166667
192 368.7035 0.0000166667
193 370.6406 0.0000166667
194 372.5745 0.0000166667
195 374.5100 0.0000166667
196 376.4474 0.0000166667
197 378.3826 0.0000166667
198 380.3188 0.0000166667
199 382.2537 0.0000166667
200 384.1885 0.0000166667
