1 0.0000 5.7400000000
2 4.1286 4.7200000000
3 8.2213 3.6400000000
4 12.3137 3.2800000000
5 16.4027 3.1100000000
6 20.4953 2.8300000000
7 24.5884 3.0300000000
8 28.6810 2.7400000000
9 32.7765 2.6600000000
10 36.8664 2.6100000000
11 40.9561 2.7700000000
12 45.0443 2.6300000000
13 49.1312 2.5300000000
14 53.2204 2.5000000000
15 57.3070 2.6200000000
16 61.3940 2.6500000000
17 65.4839 2.5900000000
18 69.5747 2.5600000000
19 73.6645 2.5500000000
20 77.7560 2.3300000000
21 81.8450 2.2500000000
22 85.9395 2.3100000000
23 90.0481 2.4500000000
24 94.1488 2.3600000000
25 98.2463 2.4200000000
26 102.3474 2.1900000000
27 106.4695 2.2600000000
28 110.5666 2.3600000000
29 114.6659 2.2800000000
30 118.7626 2.4300000000
31 122.8611 2.2600000000
32 126.9592 2.3500000000
33 131.0584 2.3200000000
34 135.1580 2.3900000000
35 139.2563 2.2600000000
36 143.3549 2.4100000000
37 147.4542 2.3300000000
38 151.5538 2.1900000000
39 155.6519 2.1100000000
40 159.7524 2.2800000000
41 163.8538 2.4500000000
42 167.9546 2.1000000000
43 172.0454 2.1700000000
44 176.1681 2.2400000000
45 180.2681 2.2700000000
46 184.3700 2.0700000000
47 188.4684 2.1700000000
48 192.5687 2.1800000000
49 196.6664 2.1200000000
50 200.7663 2.2200000000
51 204.8664 2.2400000000
52 208.9665 2.2100000000
53 213.0672 2.1400000000
54 217.1671 2.2100000000
55 221.2717 2.1200000000
56 225.3675 2.0700000000
57 229.4557 2.3600000000
58 233.5410 2.2400000000
59 237.6280 2.1700000000
60 241.7174 2.1300000000
61 245.8073 2.1600000000
62 249.8965 2.3100000000
63 253.9850 2.1800000000
64 258.0857 2.1500000000
65 262.1834 2.1200000000
66 266.2797 2.1800000000
67 270.3753 2.1700000000
68 274.4716 2.3100000000
69 278.5665 2.1100000000
70 282.6663 2.0500000000
71 286.7637 2.1300000000
72 290.8566 2.1600000000
73 294.9565 2.1200000000
74 299.0531 2.1200000000
75 303.1444 2.2200000000
76 307.2358 1.9900000000
77 311.3272 2.0900000000
78 315.4200 2.1600000000
79 319.5095 1.9900000000
80 323.6024 2.0700000000
81 327.6980 2.1200000000
82 331.7925 2.0700000000
83 335.8809 1.9900000000
84 339.9699 2.1400000000
85 344.0603 2.3700000000
86 348.1486 2.2200000000
87 352.2377 2.2400000000
88 356.3293 2.2400000000
89 360.4191 2.0200000000
90 364.5078 2.0500000000
91 368.5954 2.1900000000
92 372.6828 2.1700000000
93 376.7683 2.1400000000
94 380.8576 2.4000000000
95 384.9416 2.1800000000
96 389.0300 2.1200000000
97 393.1179 2.0800000000
98 397.2057 2.0100000000
99 401.2887 2.0600000000
100 405.3751 2.1200000000
101 409.4623 2.0500000000
102 413.5482 1.8900000000
103 417.6363 1.9300000000
104 421.7278 2.0100000000
105 425.8124 2.2400000000
106 429.8990 1.8500000000
107 433.9855 1.9100000000
108 438.0733 2.0100000000
109 442.1606 1.9700000000
110 446.2495 2.0800000000
111 450.3373 2.2600000000
112 454.4287 2.0900000000
113 458.5168 2.0600000000
114 462.6050 2.0100000000
115 466.6941 1.9500000000
116 470.7821 1.9200000000
117 474.8683 1.8700000000
118 478.9562 2.0400000000
119 483.0432 1.8700000000
120 487.1314 1.9600000000
121 491.2197 2.1400000000
122 495.3075 2.0200000000
123 499.3944 2.0400000000
124 503.4835 1.9600000000
125 507.5697 1.9300000000
126 511.6557 1.9900000000
127 515.7406 2.0600000000
128 519.8069 1.9500000000
129 523.8729 2.0700000000
130 527.9369 2.0500000000
131 531.9950 2.0000000000
132 536.0574 1.9000000000
133 540.1272 2.0200000000
134 544.1982 1.9800000000
135 548.2729 1.9100000000
136 552.3343 2.1300000000
137 556.3980 1.9100000000
138 560.4641 2.0700000000
139 564.5273 1.9100000000
140 568.5901 1.8300000000
141 572.6539 2.0600000000
142 576.7300 1.9600000000
143 580.8076 1.8600000000
144 584.8832 1.9000000000
145 588.9463 2.0100000000
146 593.0092 1.9700000000
147 597.0724 1.9100000000
148 601.1370 1.9300000000
149 605.1989 2.0400000000
150 609.2623 1.9000000000
151 613.3237 1.9000000000
152 617.3869 1.8200000000
153 621.4485 2.0900000000
154 625.5117 1.8700000000
155 629.5730 1.9000000000
156 633.6341 1.9100000000
157 637.6939 1.9500000000
158 641.7568 2.1000000000
159 645.8213 1.8800000000
160 649.8848 1.8700000000
161 653.9468 2.1400000000
162 658.0106 1.9200000000
163 662.0738 1.7400000000
164 666.1369 1.8800000000
165 670.1981 1.8900000000
166 674.2634 1.9500000000
167 678.3260 1.8300000000
168 682.3895 1.8900000000
169 686.4533 1.9300000000
170 690.5159 1.8800000000
171 694.5792 1.9700000000
172 698.6424 1.8600000000
173 702.7056 1.9000000000
174 706.7684 1.9700000000
175 710.8303 1.9900000000
176 714.8938 1.8900000000
177 718.9525 1.9500000000
178 723.0109 1.8600000000
179 727.0668 1.9600000000
180 731.1241 1.9000000000
181 735.1910 1.9500000000
182 739.2552 1.9200000000
183 743.3200 1.8500000000
184 747.3826 1.9400000000
185 751.4439 1.9400000000
186 755.5053 2.1100000000
187 759.5676 1.9200000000
188 763.6273 1.8800000000
189 767.6902 1.8500000000
190 771.7544 1.8500000000
191 775.8167 1.8600000000
192 779.8788 1.9100000000
193 783.9407 1.8300000000
194 788.0034 1.7600000000
195 792.0651 1.8400000000
196 796.1290 1.8900000000
197 800.1923 1.8500000000
198 804.2573 1.8000000000
199 808.3206 1.9600000000
200 812.3848 1.8700000000
