1 0.0000 0.0851500000
2 4.1286 0.0454500000
3 8.2213 0.0369666667
4 12.3137 0.0316666667
5 16.4027 0.0291833333
6 20.4953 0.0268500000
7 24.5884 0.0260333333
8 28.6810 0.0245500000
9 32.7765 0.0237333333
10 36.8664 0.0224000000
11 40.9561 0.0226833333
12 45.0443 0.0210000000
13 49.1312 0.0209166667
14 53.2204 0.0198666667
15 57.3070 0.0194833333
16 61.3940 0.0191000000
17 65.4839 0.0186166667
18 69.5747 0.0184000000
19 73.6645 0.0181833333
20 77.7560 0.0183166667
21 81.8450 0.0166833333
22 85.9395 0.0165500000
23 90.0481 0.0162500000
24 94.1488 0.0160500000
25 98.2463 0.0165000000
26 102.3474 0.0159500000
27 106.4695 0.0150666667
28 110.5666 0.0155333333
29 114.6659 0.0150666667
30 118.7626 0.0152166667
31 122.8611 0.0143666667
32 126.9592 0.0142666667
33 131.0584 0.0146000000
34 135.1580 0.0141333333
35 139.2563 0.0138666667
36 143.3549 0.0143333333
37 147.4542 0.0139500000
38 151.5538 0.0133666667
39 155.6519 0.0133833333
40 159.7524 0.0132500000
41 163.8538 0.0133833333
42 167.9546 0.0137000000
43 172.0454 0.0135833333
44 176.1681 0.0128333333
45 180.2681 0.0131333333
46 184.3700 0.0129833333
47 188.4684 0.0123000000
48 192.5687 0.0119500000
49 196.6664 0.0122833333
50 200.7663 0.0125000000
51 204.8664 0.0118833333
52 208.9665 0.0120833333
53 213.0672 0.0113333333
54 217.1671 0.0113166667
55 221.2717 0.0113166667
56 225.3675 0.0109500000
57 229.4557 0.0111666667
58 233.5410 0.0113166667
59 237.6280 0.0115666667
60 241.7174 0.0109666667
61 245.8073 0.0106000000
62 249.8965 0.0107166667
63 253.9850 0.0100166667
64 258.0857 0.0107500000
65 262.1834 0.0105666667
66 266.2797 0.0103000000
67 270.3753 0.0099500000
68 274.4716 0.0103500000
69 278.5665 0.0102333333
70 282.6663 0.0103833333
71 286.7637 0.0107000000
72 290.8566 0.0096833333
73 294.9565 0.0104000000
74 299.0531 0.0100500000
75 303.1444 0.0100000000
76 307.2358 0.0102500000
77 311.3272 0.0097000000
78 315.4200 0.0098166667
79 319.5095 0.0098666667
80 323.6024 0.0094166667
81 327.6980 0.0093166667
82 331.7925 0.0092500000
83 335.8809 0.0095833333
84 339.9699 0.0091333333
85 344.0603 0.0091000000
86 348.1486 0.0095000000
87 352.2377 0.0097666667
88 356.3293 0.0090833333
89 360.4191 0.0088500000
90 364.5078 0.0089666667
91 368.5954 0.0090166667
92 372.6828 0.0089333333
93 376.7683 0.0091666667
94 380.8576 0.0090333333
95 384.9416 0.0092500000
96 389.0300 0.0087166667
97 393.1179 0.0089500000
98 397.2057 0.0086166667
99 401.2887 0.0085500000
100 405.3751 0.0088666667
101 409.4623 0.0086333333
102 413.5482 0.0084500000
103 417.6363 0.0083333333
104 421.7278 0.0081333333
105 425.8124 0.0085000000
106 429.8990 0.0085666667
107 433.9855 0.0083500000
108 438.0733 0.0080833333
109 442.1606 0.0079666667
110 446.2495 0.0080500000
111 450.3373 0.0081166667
112 454.4287 0.0079666667
113 458.5168 0.0080833333
114 462.6050 0.0080666667
115 466.6941 0.0078833333
116 470.7821 0.0077000000
117 474.8683 0.0074000000
118 478.9562 0.0076500000
119 483.0432 0.0081666667
120 487.1314 0.0080500000
121 491.2197 0.0078833333
122 495.3075 0.0077500000
123 499.3944 0.0074500000
124 503.4835 0.0076000000
125 507.5697 0.0074666667
126 511.6557 0.0078000000
127 515.7406 0.0079166667
128 519.8069 0.0078333333
129 523.8729 0.0073333333
130 527.9369 0.0076000000
131 531.9950 0.0075166667
132 536.0574 0.0071166667
133 540.1272 0.0076000000
134 544.1982 0.0074833333
135 548.2729 0.0076500000
136 552.3343 0.0074666667
137 556.3980 0.0074666667
138 560.4641 0.0075333333
139 564.5273 0.0070500000
140 568.5901 0.0073833333
141 572.6539 0.0072500000
142 576.7300 0.0072000000
143 580.8076 0.0068166667
144 584.8832 0.0072333333
145 588.9463 0.0067000000
146 593.0092 0.0070000000
147 597.0724 0.0070333333
148 601.1370 0.0070666667
149 605.1989 0.0068166667
150 609.2623 0.0067000000
151 613.3237 0.0068666667
152 617.3869 0.0067666667
153 621.4485 0.0069000000
154 625.5117 0.0067500000
155 629.5730 0.0064166667
156 633.6341 0.0066833333
157 637.6939 0.0070666667
158 641.7568 0.0071833333
159 645.8213 0.0071000000
160 649.8848 0.0069666667
161 653.9468 0.0065000000
162 658.0106 0.0065333333
163 662.0738 0.0061500000
164 666.1369 0.0064666667
165 670.1981 0.0064500000
166 674.2634 0.0059666667
167 678.3260 0.0065166667
168 682.3895 0.0065666667
169 686.4533 0.0063500000
170 690.5159 0.0063000000
171 694.5792 0.0064500000
172 698.6424 0.0062833333
173 702.7056 0.0062833333
174 706.7684 0.0065500000
175 710.8303 0.0062500000
176 714.8938 0.0063166667
177 718.9525 0.0056666667
178 723.0109 0.0064666667
179 727.0668 0.0061166667
180 731.1241 0.0062000000
181 735.1910 0.0058666667
182 739.2552 0.0060166667
183 743.3200 0.0062833333
184 747.3826 0.0059833333
185 751.4439 0.0060666667
186 755.5053 0.0058500000
187 759.5676 0.0057000000
188 763.6273 0.0060666667
189 767.6902 0.0060666667
190 771.7544 0.0062000000
191 775.8167 0.0059500000
192 779.8788 0.0058166667
193 783.9407 0.0057500000
194 788.0034 0.0061000000
195 792.0651 0.0064333333
196 796.1290 0.0063333333
197 800.1923 0.0057166667
198 804.2573 0.0058166667
199 808.3206 0.0059666667
200 812.3848 0.0056833333
