1 0.0000 4.5200000000
2 1.9195 3.2500000000
3 3.8300 2.7000000000
4 5.7409 2.5100000000
5 7.6515 2.2700000000
6 9.5661 2.1400000000
7 11.4852 2.0800000000
8 13.3968 2.0200000000
9 15.3068 2.0000000000
10 17.2178 1.9400000000
11 19.1283 1.9400000000
12 21.0397 2.0000000000
13 22.9498 2.0200000000
14 24.8612 1.9700000000
15 26.7741 1.8800000000
16 28.6935 1.8000000000
17 30.6042 1.8100000000
18 32.5376 1.7700000000
19 34.4589 1.7800000000
20 36.3703 1.7700000000
21 38.2810 1.7300000000
22 40.1922 1.7100000000
23 42.1033 1.7000000000
24 44.0155 1.7100000000
25 45.9269 1.6900000000
26 47.8367 1.6700000000
27 49.7501 1.6600000000
28 51.6661 1.6600000000
29 53.5772 1.6400000000
30 55.4892 1.6500000000
31 57.4011 1.6600000000
32 59.3116 1.6500000000
33 61.2385 1.6500000000
34 63.1777 1.6600000000
35 65.1043 1.6400000000
36 67.0152 1.6500000000
37 68.9265 1.6500000000
38 70.8368 1.6500000000
39 72.7462 1.6400000000
40 74.6557 1.6400000000
41 76.5643 1.6500000000
42 78.4748 1.6500000000
43 80.3854 1.6500000000
44 82.2961 1.6400000000
45 84.2065 1.6400000000
46 86.1157 1.6600000000
47 88.0254 1.6400000000
48 89.9349 1.6500000000
49 91.8437 1.6500000000
50 93.7545 1.6400000000
51 95.6637 1.6600000000
52 97.5738 1.6600000000
53 99.4839 1.6600000000
54 101.3967 1.6400000000
55 103.3071 1.6500000000
56 105.2175 1.6400000000
57 107.1279 1.6400000000
58 109.0376 1.6600000000
59 110.9473 1.6600000000
60 112.8567 1.6600000000
61 114.7649 1.6600000000
62 116.6758 1.6700000000
63 118.5858 1.6700000000
64 120.4965 1.6700000000
65 122.4066 1.6700000000
66 124.3156 1.6700000000
67 126.2247 1.6700000000
68 128.1345 1.6700000000
69 130.0451 1.6700000000
70 131.9574 1.6700000000
71 133.8669 1.6600000000
72 135.7772 1.6600000000
73 137.6886 1.6600000000
74 139.5990 1.6600000000
75 141.5101 1.6500000000
76 143.4209 1.6500000000
77 145.3309 1.6500000000
78 147.2401 1.6500000000
79 149.1494 1.6500000000
80 151.0576 1.6500000000
81 152.9665 1.6500000000
82 154.8775 1.6500000000
83 156.7872 1.6600000000
84 158.6971 1.6500000000
85 160.6075 1.6600000000
86 162.5189 1.6600000000
87 164.4286 1.6600000000
88 166.3361 1.6600000000
89 168.2453 1.6600000000
90 170.1549 1.6600000000
91 172.0636 1.6600000000
92 173.9746 1.6500000000
93 175.8849 1.6600000000
94 177.7956 1.6600000000
95 179.7060 1.6600000000
96 181.6162 1.6600000000
97 183.5260 1.6600000000
98 185.4359 1.6700000000
99 187.3442 1.6700000000
100 189.2528 1.6700000000
101 191.1605 1.6700000000
102 193.0713 1.6700000000
103 194.9822 1.6700000000
104 196.8935 1.6700000000
105 198.8051 1.6700000000
106 200.7260 1.6700000000
107 202.6375 1.6700000000
108 204.5490 1.6700000000
109 206.4593 1.6700000000
110 208.3984 1.6700000000
111 210.3313 1.6700000000
112 212.2447 1.6700000000
113 214.1578 1.6700000000
114 216.0708 1.6600000000
115 217.9829 1.6600000000
116 219.8950 1.6600000000
117 221.8065 1.6600000000
118 223.7175 1.6700000000
119 225.6290 1.6700000000
120 227.5394 1.6700000000
121 229.4496 1.6700000000
122 231.3602 1.6700000000
123 233.2723 1.6600000000
124 235.1846 1.6600000000
125 237.0962 1.6600000000
126 239.0089 1.6600000000
127 240.9198 1.6600000000
128 242.8306 1.6600000000
129 244.7411 1.6600000000
130 246.6517 1.6400000000
131 248.5615 1.6500000000
132 250.4720 1.6500000000
133 252.3824 1.6500000000
134 254.2936 1.6300000000
135 256.2051 1.6600000000
136 258.1150 1.6500000000
137 260.0246 1.6400000000
138 261.9332 1.6500000000
139 263.8420 1.6500000000
140 265.7515 1.6500000000
141 267.6633 1.6500000000
142 269.5770 1.6500000000
143 271.4879 1.6500000000
144 273.4002 1.6500000000
145 275.3115 1.6500000000
146 277.2262 1.6500000000
147 279.1503 1.6500000000
148 281.0603 1.6500000000
149 282.9699 1.6500000000
150 284.8801 1.6500000000
151 286.7892 1.6500000000
152 288.7011 1.6500000000
153 290.6109 1.6500000000
154 292.5226 1.6500000000
155 294.4334 1.6500000000
156 296.3453 1.6600000000
157 298.2564 1.6600000000
158 300.1658 1.6600000000
159 302.0752 1.6600000000
160 303.9853 1.6700000000
161 305.8945 1.6600000000
162 307.8051 1.6600000000
163 309.7163 1.6600000000
164 311.6284 1.6600000000
165 313.5683 1.6600000000
166 315.4863 1.6700000000
167 317.3968 1.6600000000
168 319.3068 1.6600000000
169 321.2167 1.6700000000
170 323.1257 1.6700000000
171 325.0361 1.6700000000
172 326.9506 1.6700000000
173 328.8619 1.6700000000
174 330.7758 1.6700000000
175 332.6934 1.6700000000
176 334.6074 1.6700000000
177 336.5191 1.6700000000
178 338.4302 1.6700000000
179 340.3396 1.6700000000
180 342.2520 1.6700000000
181 344.1612 1.6700000000
182 346.0731 1.6700000000
183 347.9834 1.6700000000
184 349.8974 1.6700000000
185 351.8081 1.6700000000
186 353.7234 1.6700000000
187 355.6387 1.6700000000
188 357.5495 1.6700000000
189 359.4616 1.6700000000
190 361.3886 1.6700000000
191 363.3360 1.6700000000
192 365.2631 1.6700000000
193 367.1746 1.6700000000
194 369.0869 1.6700000000
195 370.9986 1.6700000000
196 372.9122 1.6700000000
197 374.8239 1.6700000000
198 376.7339 1.6700000000
199 378.6439 1.6700000000
200 380.5577 1.6700000000
