1 0.0000 5.8500000000
2 4.2845 4.5300000000
3 8.3882 3.6400000000
4 12.4976 3.2800000000
5 16.6030 3.4400000000
6 20.7140 2.9100000000
7 24.8339 2.8800000000
8 28.9473 2.9600000000
9 33.0614 2.8300000000
10 37.1724 2.5200000000
11 41.2819 2.5600000000
12 45.3919 2.7200000000
13 49.5027 2.5600000000
14 53.6103 2.5500000000
15 57.7203 2.5100000000
16 61.8309 2.6700000000
17 65.9394 2.6500000000
18 70.0485 2.4600000000
19 74.1566 2.4900000000
20 78.2670 2.3000000000
21 82.3775 2.3800000000
22 86.4919 2.6300000000
23 90.6027 2.4700000000
24 94.7060 2.1600000000
25 98.8093 2.3000000000
26 102.9128 2.3400000000
27 107.0160 2.5000000000
28 111.1220 2.3800000000
29 115.2302 2.2800000000
30 119.3340 2.2200000000
31 123.4371 2.4000000000
32 127.5409 2.4800000000
33 131.6434 2.2600000000
34 135.7475 2.5000000000
35 139.8486 2.3900000000
36 143.9487 2.3200000000
37 148.0459 2.1700000000
38 152.1464 2.2100000000
39 156.2474 2.1300000000
40 160.3501 2.2000000000
41 164.4498 2.2000000000
42 168.5503 2.2700000000
43 172.6519 2.1500000000
44 176.7543 2.2400000000
45 180.8563 2.3100000000
46 184.9586 2.1700000000
47 189.0594 2.1300000000
48 193.1594 2.0300000000
49 197.2626 2.1400000000
50 201.3660 2.2300000000
51 205.4724 2.2900000000
52 209.5813 2.0800000000
53 213.6796 2.1800000000
54 217.7802 1.9400000000
55 221.8812 2.1300000000
56 225.9823 2.1500000000
57 230.0819 2.0900000000
58 234.1816 2.1500000000
59 238.2851 2.1100000000
60 242.3856 2.1500000000
61 246.4835 2.1200000000
62 250.5790 2.3200000000
63 254.6771 2.2000000000
64 258.7809 2.2200000000
65 262.8985 2.2100000000
66 266.9966 2.0400000000
67 271.0939 1.9700000000
68 275.1943 2.1000000000
69 279.2939 2.0500000000
70 283.3939 2.0000000000
71 287.4917 2.2200000000
72 291.5893 2.0700000000
73 295.6887 2.0600000000
74 299.7876 2.2300000000
75 303.8907 2.0100000000
76 307.9992 2.1000000000
77 312.1081 2.0400000000
78 316.2188 2.0000000000
79 320.3310 1.9900000000
80 324.4328 1.9700000000
81 328.5350 1.9400000000
82 332.6363 2.0500000000
83 336.7393 2.1100000000
84 340.8407 2.0200000000
85 344.9433 2.1500000000
86 349.0442 2.0500000000
87 353.1471 1.9200000000
88 357.2487 2.0900000000
89 361.3510 2.1400000000
90 365.4550 1.9800000000
91 369.5551 2.1200000000
92 373.6582 2.0700000000
93 377.7622 1.9600000000
94 381.8680 1.9900000000
95 385.9734 2.0800000000
96 390.0750 2.1400000000
97 394.1751 1.9900000000
98 398.2777 2.1400000000
99 402.3790 2.0300000000
100 406.4793 2.1100000000
101 410.5846 1.9700000000
102 414.6968 1.9300000000
103 418.8081 2.0500000000
104 422.9285 1.9400000000
105 427.0401 1.8100000000
106 431.1459 2.1200000000
107 435.2579 1.9600000000
108 439.3649 1.9600000000
109 443.4674 2.0100000000
110 447.5700 2.1600000000
111 451.6696 2.1300000000
112 455.7726 2.0000000000
113 459.8747 2.0300000000
114 463.9740 1.9100000000
115 468.0742 1.9200000000
116 472.1806 1.9900000000
117 476.2891 2.0500000000
118 480.3927 2.0100000000
119 484.4909 1.8800000000
120 488.5928 1.9400000000
121 492.6966 2.0400000000
122 496.8040 1.9700000000
123 500.9060 1.9700000000
124 505.0074 2.1400000000
125 509.1067 2.0900000000
126 513.2076 2.0400000000
127 517.3059 1.9500000000
128 521.4053 2.0600000000
129 525.4979 1.7700000000
130 529.5821 2.0100000000
131 533.6661 1.8900000000
132 537.7502 2.0100000000
133 541.8387 1.8800000000
134 545.9390 1.8900000000
135 550.0362 1.8700000000
136 554.1339 1.8700000000
137 558.2297 1.8500000000
138 562.3255 1.9300000000
139 566.4208 1.9400000000
140 570.5196 1.8200000000
141 574.6162 1.8300000000
142 578.7162 1.9400000000
143 582.8082 1.7600000000
144 586.9006 1.9100000000
145 590.9958 1.9000000000
146 595.0850 1.9700000000
147 599.1730 1.8300000000
148 603.2627 1.8400000000
149 607.3513 1.9000000000
150 611.4393 1.8300000000
151 615.5278 1.7600000000
152 619.6170 1.9700000000
153 623.7043 1.8100000000
154 627.7918 1.8400000000
155 631.8806 1.8900000000
156 635.9725 1.9300000000
157 640.0702 1.9500000000
158 644.1655 1.7400000000
159 648.2609 1.8800000000
160 652.3546 1.8600000000
161 656.4497 1.7700000000
162 660.5469 1.8500000000
163 664.6430 2.0300000000
164 668.7406 1.8600000000
165 672.8370 1.8200000000
166 676.9294 1.9600000000
167 681.0179 1.7900000000
168 685.1081 1.8300000000
169 689.1988 1.9400000000
170 693.2869 2.0700000000
171 697.3748 1.9300000000
172 701.4633 1.8500000000
173 705.5524 1.9500000000
174 709.6402 1.8100000000
175 713.7279 1.8200000000
176 717.8148 1.8700000000
177 721.9018 1.9200000000
178 725.9901 1.8300000000
179 730.0769 1.8900000000
180 734.1621 1.9100000000
181 738.2507 1.8600000000
182 742.3405 2.0100000000
183 746.4285 1.9200000000
184 750.5163 1.8300000000
185 754.6005 1.7500000000
186 758.6889 2.1100000000
187 762.7896 1.9800000000
188 766.8799 1.8700000000
189 770.9663 1.9500000000
190 775.0545 1.9300000000
191 779.1420 1.8100000000
192 783.2274 1.8900000000
193 787.3139 1.7300000000
194 791.4002 1.8100000000
195 795.4872 1.9200000000
196 799.5769 1.8500000000
197 803.6624 1.9200000000
198 807.7439 1.8200000000
199 811.8261 1.8300000000
200 815.9109 1.8400000000
