1 0.0000 0.0857166667
2 4.2845 0.0455166667
3 8.3882 0.0367666667
4 12.4976 0.0327166667
5 16.6030 0.0297000000
6 20.7140 0.0275166667
7 24.8339 0.0257000000
8 28.9473 0.0246666667
9 33.0614 0.0235333333
10 37.1724 0.0229666667
11 41.2819 0.0219500000
12 45.3919 0.0212333333
13 49.5027 0.0200333333
14 53.6103 0.0202333333
15 57.7203 0.0200000000
16 61.8309 0.0189833333
17 65.9394 0.0187333333
18 70.0485 0.0177333333
19 74.1566 0.0179000000
20 78.2670 0.0172333333
21 82.3775 0.0175000000
22 86.4919 0.0167333333
23 90.6027 0.0164333333
24 94.7060 0.0167166667
25 98.8093 0.0156000000
26 102.9128 0.0154833333
27 107.0160 0.0159833333
28 111.1220 0.0153666667
29 115.2302 0.0147666667
30 119.3340 0.0148166667
31 123.4371 0.0143000000
32 127.5409 0.0144333333
33 131.6434 0.0147000000
34 135.7475 0.0143666667
35 139.8486 0.0146333333
36 143.9487 0.0131833333
37 148.0459 0.0136000000
38 152.1464 0.0134500000
39 156.2474 0.0128166667
40 160.3501 0.0128833333
41 164.4498 0.0130500000
42 168.5503 0.0127666667
43 172.6519 0.0131166667
44 176.7543 0.0128166667
45 180.8563 0.0125000000
46 184.9586 0.0127833333
47 189.0594 0.0121333333
48 193.1594 0.0116000000
49 197.2626 0.0118000000
50 201.3660 0.0119666667
51 205.4724 0.0121666667
52 209.5813 0.0119333333
53 213.6796 0.0118333333
54 217.7802 0.0112000000
55 221.8812 0.0116000000
56 225.9823 0.0111500000
57 230.0819 0.0114500000
58 234.1816 0.0110166667
59 238.2851 0.0108166667
60 242.3856 0.0111166667
61 246.4835 0.0107166667
62 250.5790 0.0109333333
63 254.6771 0.0108000000
64 258.7809 0.0108666667
65 262.8985 0.0105833333
66 266.9966 0.0104833333
67 271.0939 0.0105166667
68 275.1943 0.0102333333
69 279.2939 0.0105000000
70 283.3939 0.0103666667
71 287.4917 0.0104833333
72 291.5893 0.0107500000
73 295.6887 0.0099166667
74 299.7876 0.0098666667
75 303.8907 0.0106333333
76 307.9992 0.0101333333
77 312.1081 0.0102000000
78 316.2188 0.0098500000
79 320.3310 0.0099166667
80 324.4328 0.0098833333
81 328.5350 0.0099000000
82 332.6363 0.0097166667
83 336.7393 0.0100000000
84 340.8407 0.0099500000
85 344.9433 0.0101666667
86 349.0442 0.0093666667
87 353.1471 0.0092333333
88 357.2487 0.0091333333
89 361.3510 0.0092833333
90 365.4550 0.0093000000
91 369.5551 0.0084333333
92 373.6582 0.0091500000
93 377.7622 0.0091500000
94 381.8680 0.0091000000
95 385.9734 0.0088166667
96 390.0750 0.0083000000
97 394.1751 0.0088666667
98 398.2777 0.0084333333
99 402.3790 0.0088166667
100 406.4793 0.0086500000
101 410.5846 0.0085166667
102 414.6968 0.0083833333
103 418.8081 0.0089000000
104 422.9285 0.0085500000
105 427.0401 0.0084500000
106 431.1459 0.0082500000
107 435.2579 0.0082833333
108 439.3649 0.0079166667
109 443.4674 0.0080500000
110 447.5700 0.0079166667
111 451.6696 0.0085166667
112 455.7726 0.0078333333
113 459.8747 0.0079500000
114 463.9740 0.0079166667
115 468.0742 0.0078500000
116 472.1806 0.0077166667
117 476.2891 0.0083833333
118 480.3927 0.0077166667
119 484.4909 0.0078333333
120 488.5928 0.0078833333
121 492.6966 0.0078833333
122 496.8040 0.0077833333
123 500.9060 0.0075666667
124 505.0074 0.0081000000
125 509.1067 0.0075666667
126 513.2076 0.0077833333
127 517.3059 0.0077500000
128 521.4053 0.0079000000
129 525.4979 0.0076666667
130 529.5821 0.0071166667
131 533.6661 0.0076166667
132 537.7502 0.0074666667
133 541.8387 0.0073333333
134 545.9390 0.0074833333
135 550.0362 0.0074333333
136 554.1339 0.0075166667
137 558.2297 0.0072500000
138 562.3255 0.0074166667
139 566.4208 0.0077333333
140 570.5196 0.0072666667
141 574.6162 0.0074000000
142 578.7162 0.0077333333
143 582.8082 0.0068500000
144 586.9006 0.0071166667
145 590.9958 0.0072833333
146 595.0850 0.0074833333
147 599.1730 0.0071833333
148 603.2627 0.0072833333
149 607.3513 0.0069500000
150 611.4393 0.0068500000
151 615.5278 0.0070166667
152 619.6170 0.0068666667
153 623.7043 0.0071666667
154 627.7918 0.0067666667
155 631.8806 0.0071166667
156 635.9725 0.0069833333
157 640.0702 0.0069000000
158 644.1655 0.0072000000
159 648.2609 0.0069000000
160 652.3546 0.0069166667
161 656.4497 0.0071833333
162 660.5469 0.0067833333
163 664.6430 0.0068833333
164 668.7406 0.0069000000
165 672.8370 0.0065833333
166 676.9294 0.0067500000
167 681.0179 0.0063666667
168 685.1081 0.0065000000
169 689.1988 0.0062166667
170 693.2869 0.0058333333
171 697.3748 0.0066000000
172 701.4633 0.0065500000
173 705.5524 0.0060000000
174 709.6402 0.0065333333
175 713.7279 0.0064333333
176 717.8148 0.0062333333
177 721.9018 0.0062666667
178 725.9901 0.0065333333
179 730.0769 0.0065333333
180 734.1621 0.0065833333
181 738.2507 0.0067000000
182 742.3405 0.0060666667
183 746.4285 0.0064500000
184 750.5163 0.0062333333
185 754.6005 0.0062166667
186 758.6889 0.0062166667
187 762.7896 0.0066166667
188 766.8799 0.0061666667
189 770.9663 0.0063833333
190 775.0545 0.0061000000
191 779.1420 0.0061000000
192 783.2274 0.0061166667
193 787.3139 0.0060666667
194 791.4002 0.0061833333
195 795.4872 0.0059833333
196 799.5769 0.0064666667
197 803.6624 0.0060666667
198 807.7439 0.0060666667
199 811.8261 0.0059833333
200 815.9109 0.0056000000
