1 0.0000 4.8000000000
2 4.2318 3.4800000000
3 8.3109 2.8200000000
4 12.3869 2.5600000000
5 16.4587 2.1800000000
6 20.5350 2.0800000000
7 24.6174 2.0400000000
8 28.6899 1.9200000000
9 32.7615 1.9800000000
10 36.8385 1.8500000000
11 40.9171 1.7600000000
12 44.9928 1.8300000000
13 49.0674 1.7200000000
14 53.1408 1.9100000000
15 57.2191 1.7300000000
16 61.2980 1.6800000000
17 65.3740 1.6600000000
18 69.4507 1.6000000000
19 73.5316 1.5500000000
20 77.6079 1.6800000000
21 81.6892 1.5600000000
22 85.7698 1.5300000000
23 89.8491 1.6000000000
24 93.9277 1.6300000000
25 98.0071 1.4700000000
26 102.0852 1.5100000000
27 106.1631 1.5700000000
28 110.2401 1.5900000000
29 114.3164 1.4600000000
30 118.3954 1.5400000000
31 122.4709 1.5500000000
32 126.5470 1.4600000000
33 130.6214 1.4400000000
34 134.7002 1.4900000000
35 138.7740 1.3900000000
36 142.8493 1.3600000000
37 146.9267 1.4100000000
38 151.0026 1.4400000000
39 155.0763 1.4300000000
40 159.1507 1.4100000000
41 163.2255 1.3200000000
42 167.3044 1.3800000000
43 171.3751 1.4000000000
44 175.4529 1.5100000000
45 179.5296 1.3700000000
46 183.6188 1.4400000000
47 187.7192 1.4400000000
48 191.7972 1.4700000000
49 195.8816 1.3900000000
50 199.9654 1.4400000000
51 204.0459 1.3500000000
52 208.1277 1.3600000000
53 212.2111 1.4100000000
54 216.2967 1.4300000000
55 220.4287 1.4500000000
56 224.5223 1.3300000000
57 228.6110 1.4200000000
58 232.6933 1.2900000000
59 236.7671 1.4000000000
60 240.8411 1.4400000000
61 244.9150 1.4400000000
62 248.9895 1.3600000000
63 253.0646 1.3400000000
64 257.1426 1.3800000000
65 261.2594 1.3400000000
66 265.3294 1.3900000000
67 269.4021 1.3400000000
68 273.4781 1.3400000000
69 277.5502 1.3500000000
70 281.6290 1.3400000000
71 285.7004 1.4900000000
72 289.7796 1.2900000000
73 293.8530 1.2500000000
74 297.9311 1.1700000000
75 302.0086 1.3400000000
76 306.0842 1.3700000000
77 310.1593 1.4700000000
78 314.2358 1.4000000000
79 318.3125 1.3100000000
80 322.3882 1.2500000000
81 326.4666 1.2900000000
82 330.5547 1.2700000000
83 334.6301 1.3700000000
84 338.7034 1.4400000000
85 342.7769 1.3300000000
86 346.8514 1.3100000000
87 350.9246 1.4200000000
88 354.9989 1.3700000000
89 359.0732 1.3000000000
90 363.1506 1.4000000000
91 367.2247 1.3800000000
92 371.3008 1.3200000000
93 375.3711 1.2400000000
94 379.4460 1.2700000000
95 383.5209 1.2200000000
96 387.6324 1.3700000000
97 391.7486 1.2900000000
98 395.8307 1.2400000000
99 399.9101 1.2500000000
100 403.9881 1.2700000000
101 408.0748 1.3600000000
102 412.1773 1.2900000000
103 416.2690 1.2600000000
104 420.3701 1.2600000000
105 424.4669 1.2700000000
106 428.5585 1.2700000000
107 432.6536 1.1600000000
108 436.7420 1.3000000000
109 440.8228 1.2500000000
110 444.9051 1.2700000000
111 448.9884 1.3200000000
112 453.0684 1.2600000000
113 457.1489 1.1900000000
114 461.2288 1.3500000000
115 465.3104 1.2900000000
116 469.3919 1.3000000000
117 473.4757 1.3400000000
118 477.5547 1.2800000000
119 481.6358 1.3600000000
120 485.7162 1.2500000000
121 489.7955 1.3700000000
122 493.8739 1.3400000000
123 497.9537 1.2400000000
124 502.0316 1.4500000000
125 506.1129 1.3600000000
126 510.1935 1.3900000000
127 514.2765 1.3600000000
128 518.3577 1.2100000000
129 522.4398 1.2800000000
130 526.5169 1.3100000000
131 530.6086 1.3000000000
132 534.7053 1.2700000000
133 538.7934 1.2600000000
134 542.8762 1.2500000000
135 546.9652 1.2400000000
136 551.0388 1.2700000000
137 555.1131 1.3600000000
138 559.1927 1.2000000000
139 563.2752 1.2400000000
140 567.3688 1.2700000000
141 571.4680 1.3000000000
142 575.5509 1.3200000000
143 579.6369 1.3800000000
144 583.7378 1.3200000000
145 587.8244 1.2900000000
146 591.9119 1.3600000000
147 596.0045 1.3300000000
148 600.0926 1.2100000000
149 604.1829 1.3000000000
150 608.2729 1.3200000000
151 612.3588 1.2900000000
152 616.4487 1.2900000000
153 620.5471 1.2700000000
154 624.6377 1.3600000000
155 628.7276 1.2900000000
156 632.8151 1.2800000000
157 636.9025 1.2400000000
158 640.9890 1.2900000000
159 645.0773 1.3200000000
160 649.1574 1.3000000000
161 653.2209 1.2500000000
162 657.2846 1.3000000000
163 661.3471 1.4000000000
164 665.4114 1.2700000000
165 669.4732 1.3300000000
166 673.5372 1.2800000000
167 677.6012 1.2500000000
168 681.6695 1.3200000000
169 685.7352 1.2900000000
170 689.7995 1.2700000000
171 693.8624 1.3100000000
172 697.9262 1.3200000000
173 701.9904 1.3700000000
174 706.0537 1.2100000000
175 710.1160 1.3000000000
176 714.1816 1.2000000000
177 718.2451 1.2600000000
178 722.3111 1.2200000000
179 726.3762 1.3300000000
180 730.4400 1.3600000000
181 734.5040 1.2500000000
182 738.5676 1.3500000000
183 742.6355 1.2500000000
184 746.6993 1.2400000000
185 750.7639 1.2900000000
186 754.8276 1.2100000000
187 758.8922 1.3200000000
188 762.9556 1.2500000000
189 767.0200 1.1800000000
190 771.0838 1.2600000000
191 775.1479 1.2600000000
192 779.2106 1.3500000000
193 783.2747 1.2900000000
194 787.3378 1.2600000000
195 791.4037 1.3100000000
196 795.4720 1.3300000000
197 799.5385 1.1900000000
198 803.6037 1.2700000000
199 807.6686 1.2400000000
200 811.7339 1.3200000000
