1 0.0000 0.0723333333
2 4.2318 0.0341833333
3 8.3109 0.0249333333
4 12.3869 0.0199000000
5 16.4587 0.0167000000
6 20.5350 0.0147833333
7 24.6174 0.0125666667
8 28.6899 0.0109333333
9 32.7615 0.0096000000
10 36.8385 0.0084333333
11 40.9171 0.0073666667
12 44.9928 0.0068666667
13 49.0674 0.0058166667
14 53.1408 0.0058666667
15 57.2191 0.0047166667
16 61.2980 0.0041333333
17 65.3740 0.0038666667
18 69.4507 0.0036333333
19 73.5316 0.0029500000
20 77.6079 0.0027666667
21 81.6892 0.0025833333
22 85.7698 0.0025500000
23 89.8491 0.0022166667
24 93.9277 0.0019166667
25 98.0071 0.0020000000
26 102.0852 0.0016333333
27 106.1631 0.0014500000
28 110.2401 0.0015000000
29 114.3164 0.0013000000
30 118.3954 0.0013666667
31 122.4709 0.0009833333
32 126.5470 0.0010666667
33 130.6214 0.0010333333
34 134.7002 0.0009500000
35 138.7740 0.0007333333
36 142.8493 0.0008666667
37 146.9267 0.0008666667
38 151.0026 0.0007500000
39 155.0763 0.0007000000
40 159.1507 0.0005666667
41 163.2255 0.0007000000
42 167.3044 0.0005500000
43 171.3751 0.0005333333
44 175.4529 0.0004666667
45 179.5296 0.0005666667
46 183.6188 0.0004833333
47 187.7192 0.0005000000
48 191.7972 0.0004000000
49 195.8816 0.0004333333
50 199.9654 0.0004666667
51 204.0459 0.0003500000
52 208.1277 0.0003833333
53 212.2111 0.0003500000
54 216.2967 0.0002500000
55 220.4287 0.0003000000
56 224.5223 0.0002833333
57 228.6110 0.0002500000
58 232.6933 0.0002833333
59 236.7671 0.0002333333
60 240.8411 0.0001666667
61 244.9150 0.0001666667
62 248.9895 0.0001333333
63 253.0646 0.0001000000
64 257.1426 0.0001500000
65 261.2594 0.0001333333
66 265.3294 0.0003000000
67 269.4021 0.0001833333
68 273.4781 0.0001666667
69 277.5502 0.0001166667
70 281.6290 0.0001500000
71 285.7004 0.0000833333
72 289.7796 0.0001500000
73 293.8530 0.0000833333
74 297.9311 0.0000500000
75 302.0086 0.0001166667
76 306.0842 0.0000333333
77 310.1593 0.0000833333
78 314.2358 0.0000666667
79 318.3125 0.0000500000
80 322.3882 0.0000666667
81 326.4666 0.0001000000
82 330.5547 0.0001333333
83 334.6301 0.0000666667
84 338.7034 0.0000833333
85 342.7769 0.0001000000
86 346.8514 0.0000666667
87 350.9246 0.0000500000
88 354.9989 0.0001000000
89 359.0732 0.0000333333
90 363.1506 0.0000666667
91 367.2247 0.0001000000
92 371.3008 0.0000500000
93 375.3711 0.0000666667
94 379.4460 0.0000000000
95 383.5209 0.0000166667
96 387.6324 0.0000666667
97 391.7486 0.0000333333
98 395.8307 0.0000000000
99 399.9101 0.0000500000
100 403.9881 0.0000333333
101 408.0748 0.0000166667
102 412.1773 0.0000166667
103 416.2690 0.0000333333
104 420.3701 0.0000166667
105 424.4669 0.0000333333
106 428.5585 0.0000500000
107 432.6536 0.0000500000
108 436.7420 0.0000166667
109 440.8228 0.0000166667
110 444.9051 0.0000000000
111 448.9884 0.0000166667
112 453.0684 0.0000333333
113 457.1489 0.0000166667
114 461.2288 0.0000166667
115 465.3104 0.0000000000
116 469.3919 0.0000166667
117 473.4757 0.0000333333
118 477.5547 0.0000500000
119 481.6358 0.0000333333
120 485.7162 0.0000166667
121 489.7955 0.0000000000
122 493.8739 0.0000333333
123 497.9537 0.0000333333
124 502.0316 0.0000166667
125 506.1129 0.0000333333
126 510.1935 0.0000166667
127 514.2765 0.0000166667
128 518.3577 0.0000166667
129 522.4398 0.0000000000
130 526.5169 0.0000166667
131 530.6086 0.0000333333
132 534.7053 0.0000500000
133 538.7934 0.0000166667
134 542.8762 0.0000333333
135 546.9652 0.0000166667
136 551.0388 0.0000000000
137 555.1131 0.0000000000
138 559.1927 0.0000000000
139 563.2752 0.0000166667
140 567.3688 0.0000000000
141 571.4680 0.0000333333
142 575.5509 0.0000000000
143 579.6369 0.0000166667
144 583.7378 0.0000166667
145 587.8244 0.0000333333
146 591.9119 0.0000000000
147 596.0045 0.0000000000
148 600.0926 0.0000000000
149 604.1829 0.0000000000
150 608.2729 0.0000166667
151 612.3588 0.0000166667
152 616.4487 0.0000000000
153 620.5471 0.0000166667
154 624.6377 0.0000000000
155 628.7276 0.0000000000
156 632.8151 0.0000000000
157 636.9025 0.0000000000
158 640.9890 0.0000000000
159 645.0773 0.0000000000
160 649.1574 0.0000000000
161 653.2209 0.0000000000
162 657.2846 0.0000166667
163 661.3471 0.0000000000
164 665.4114 0.0000000000
165 669.4732 0.0000000000
166 673.5372 0.0000000000
167 677.6012 0.0000000000
168 681.6695 0.0000000000
169 685.7352 0.0000000000
170 689.7995 0.0000000000
171 693.8624 0.0000166667
172 697.9262 0.0000000000
173 701.9904 0.0000000000
174 706.0537 0.0000333333
175 710.1160 0.0000000000
176 714.1816 0.0000000000
177 718.2451 0.0000166667
178 722.3111 0.0000000000
179 726.3762 0.0000000000
180 730.4400 0.0000166667
181 734.5040 0.0000000000
182 738.5676 0.0000000000
183 742.6355 0.0000000000
184 746.6993 0.0000000000
185 750.7639 0.0000000000
186 754.8276 0.0000000000
187 758.8922 0.0000000000
188 762.9556 0.0000000000
189 767.0200 0.0000000000
190 771.0838 0.0000000000
191 775.1479 0.0000000000
192 779.2106 0.0000000000
193 783.2747 0.0000000000
194 787.3378 0.0000000000
195 791.4037 0.0000166667
196 795.4720 0.0000000000
197 799.5385 0.0000000000
198 803.6037 0.0000000000
199 807.6686 0.0000000000
200 811.7339 0.0000000000
