1 0.0000 7.7900000000
2 1.9188 5.1000000000
3 3.8380 4.0300000000
4 5.7513 3.5000000000
5 7.6622 3.0100000000
6 9.5758 2.8400000000
7 11.4870 2.6800000000
8 13.4011 2.5200000000
9 15.3173 2.4700000000
10 17.2307 2.4100000000
11 19.1430 2.3200000000
12 21.0559 2.3100000000
13 22.9695 2.2300000000
14 24.8825 2.2100000000
15 26.7951 2.2100000000
16 28.7079 2.2000000000
17 30.6198 2.2000000000
18 32.5329 2.1800000000
19 34.4453 2.1700000000
20 36.3602 2.1400000000
21 38.2811 2.1000000000
22 40.2050 2.0200000000
23 42.1189 1.9700000000
24 44.0333 1.9700000000
25 45.9472 1.9200000000
26 47.8632 1.9200000000
27 49.7755 1.9000000000
28 51.6880 1.8700000000
29 53.6010 1.8600000000
30 55.5142 1.8200000000
31 57.4265 1.8200000000
32 59.3387 1.8100000000
33 61.2512 1.8100000000
34 63.1640 1.8000000000
35 65.0772 1.7900000000
36 66.9890 1.7900000000
37 68.9023 1.7900000000
38 70.8152 1.7900000000
39 72.7275 1.7900000000
40 74.6497 1.8100000000
41 76.5617 1.8100000000
42 78.4749 1.8100000000
43 80.3872 1.8000000000
44 82.3020 1.8000000000
45 84.2213 1.7800000000
46 86.1353 1.7700000000
47 88.0489 1.7600000000
48 89.9636 1.7600000000
49 91.8766 1.7500000000
50 93.7906 1.7600000000
51 95.7049 1.7600000000
52 97.6179 1.7500000000
53 99.5329 1.7500000000
54 101.4476 1.7600000000
55 103.3609 1.7600000000
56 105.2745 1.7600000000
57 107.1877 1.7700000000
58 109.1006 1.7700000000
59 111.0140 1.7700000000
60 112.9282 1.7700000000
61 114.8413 1.7700000000
62 116.7549 1.7700000000
63 118.6686 1.7700000000
64 120.5807 1.7600000000
65 122.4959 1.7700000000
66 124.4163 1.7600000000
67 126.3296 1.7600000000
68 128.2430 1.7600000000
69 130.1551 1.7500000000
70 132.0675 1.7500000000
71 133.9812 1.7500000000
72 135.8930 1.7500000000
73 137.8056 1.7500000000
74 139.7173 1.7500000000
75 141.6300 1.7500000000
76 143.5438 1.7600000000
77 145.4562 1.7600000000
78 147.3690 1.7500000000
79 149.2811 1.7500000000
80 151.1938 1.7500000000
81 153.1070 1.7400000000
82 155.0278 1.7400000000
83 156.9412 1.7400000000
84 158.8544 1.7400000000
85 160.7670 1.7300000000
86 162.6786 1.7300000000
87 164.5898 1.7300000000
88 166.5016 1.7400000000
89 168.4134 1.7400000000
90 170.3269 1.7400000000
91 172.2398 1.7400000000
92 174.1535 1.7400000000
93 176.0655 1.7400000000
94 177.9777 1.7300000000
95 179.8907 1.7300000000
96 181.8035 1.7300000000
97 183.7148 1.7300000000
98 185.6270 1.7300000000
99 187.5392 1.7300000000
100 189.4566 1.7300000000
101 191.3725 1.7200000000
102 193.2908 1.7200000000
103 195.2042 1.7200000000
104 197.1174 1.7200000000
105 199.0306 1.7200000000
106 200.9450 1.7200000000
107 202.8587 1.7200000000
108 204.7722 1.7200000000
109 206.6839 1.7200000000
110 208.5970 1.7200000000
111 210.5094 1.7200000000
112 212.4223 1.7200000000
113 214.3373 1.7300000000
114 216.2560 1.7300000000
115 218.1702 1.7300000000
116 220.0835 1.7300000000
117 221.9966 1.7300000000
118 223.9092 1.7300000000
119 225.8228 1.7300000000
120 227.7346 1.7400000000
121 229.6476 1.7400000000
122 231.5639 1.7400000000
123 233.4846 1.7300000000
124 235.3983 1.7300000000
125 237.3146 1.7300000000
126 239.2303 1.7300000000
127 241.1453 1.7300000000
128 243.0580 1.7300000000
129 244.9716 1.7300000000
130 246.8854 1.7300000000
131 248.7987 1.7300000000
132 250.7122 1.7300000000
133 252.6246 1.7300000000
134 254.5406 1.7300000000
135 256.4573 1.7400000000
136 258.3705 1.7400000000
137 260.2830 1.7400000000
138 262.1965 1.7500000000
139 264.1097 1.7500000000
140 266.0223 1.7500000000
141 267.9349 1.7500000000
142 269.8482 1.7500000000
143 271.7591 1.7500000000
144 273.6713 1.7500000000
145 275.5829 1.7500000000
146 277.4985 1.7500000000
147 279.4157 1.7500000000
148 281.3296 1.7500000000
149 283.2412 1.7500000000
150 285.1531 1.7500000000
151 287.0675 1.7500000000
152 288.9798 1.7500000000
153 290.8933 1.7500000000
154 292.8066 1.7500000000
155 294.7183 1.7600000000
156 296.6307 1.7600000000
157 298.5426 1.7600000000
158 300.4581 1.7600000000
159 302.3736 1.7600000000
160 304.2869 1.7600000000
161 306.2010 1.7600000000
162 308.1132 1.7600000000
163 310.0273 1.7600000000
164 311.9392 1.7600000000
165 313.8516 1.7600000000
166 315.7728 1.7600000000
167 317.6856 1.7600000000
168 319.5995 1.7600000000
169 321.5138 1.7600000000
170 323.4292 1.7600000000
171 325.3434 1.7600000000
172 327.2562 1.7600000000
173 329.1692 1.7500000000
174 331.0824 1.7500000000
175 332.9962 1.7500000000
176 334.9113 1.7500000000
177 336.8239 1.7400000000
178 338.7366 1.7400000000
179 340.6499 1.7400000000
180 342.5635 1.7400000000
181 344.4773 1.7400000000
182 346.3920 1.7400000000
183 348.3129 1.7400000000
184 350.2273 1.7400000000
185 352.1409 1.7400000000
186 354.0538 1.7400000000
187 355.9685 1.7400000000
188 357.8827 1.7400000000
189 359.7956 1.7400000000
190 361.7089 1.7300000000
191 363.6217 1.7300000000
192 365.5342 1.7400000000
193 367.4476 1.7400000000
194 369.3624 1.7400000000
195 371.2779 1.7400000000
196 373.1926 1.7400000000
197 375.1060 1.7400000000
198 377.0193 1.7400000000
199 378.9336 1.7400000000
200 380.8473 1.7400000000
