1 0.0000 8.9600000000
2 1.9199 7.6600000000
3 3.8350 6.7900000000
4 5.7486 6.0400000000
5 7.6658 5.4000000000
6 9.5806 4.8300000000
7 11.4952 4.3800000000
8 13.4088 4.0700000000
9 15.3222 3.8000000000
10 17.2364 3.5800000000
11 19.1499 3.4500000000
12 21.0640 3.2900000000
13 22.9781 3.1900000000
14 24.8955 3.0800000000
15 26.8106 3.0300000000
16 28.7246 2.9100000000
17 30.6381 2.8200000000
18 32.5526 2.7600000000
19 34.4665 2.6700000000
20 36.3801 2.6000000000
21 38.2922 2.5000000000
22 40.2051 2.4900000000
23 42.1171 2.4200000000
24 44.0295 2.3600000000
25 45.9435 2.3300000000
26 47.8610 2.3200000000
27 49.7742 2.2900000000
28 51.6881 2.2900000000
29 53.5997 2.2600000000
30 55.5135 2.2400000000
31 57.4253 2.2400000000
32 59.3382 2.2000000000
33 61.2509 2.2200000000
34 63.1648 2.2000000000
35 65.0784 2.1900000000
36 66.9908 2.1900000000
37 68.9041 2.1800000000
38 70.8166 2.1700000000
39 72.7297 2.1100000000
40 74.6419 2.1100000000
41 76.5539 2.0800000000
42 78.4675 2.0500000000
43 80.3808 2.0400000000
44 82.2932 2.0400000000
45 84.2051 2.0100000000
46 86.1178 1.9900000000
47 88.0304 1.9800000000
48 89.9431 1.9400000000
49 91.8552 1.9400000000
50 93.7675 1.9500000000
51 95.6798 1.9400000000
52 97.5913 1.9400000000
53 99.5043 1.9300000000
54 101.4151 1.9300000000
55 103.3267 1.9300000000
56 105.2389 1.9400000000
57 107.1516 1.9400000000
58 109.0636 1.9400000000
59 110.9755 1.9400000000
60 112.8884 1.9400000000
61 114.8008 1.9400000000
62 116.7139 1.9400000000
63 118.6278 1.9300000000
64 120.5401 1.9100000000
65 122.4539 1.9000000000
66 124.3662 1.9000000000
67 126.2785 1.9000000000
68 128.1924 1.9100000000
69 130.1044 1.9000000000
70 132.0160 1.9000000000
71 133.9285 1.8900000000
72 135.8406 1.8900000000
73 137.7534 1.8800000000
74 139.6663 1.8600000000
75 141.5785 1.8700000000
76 143.4911 1.8500000000
77 145.4041 1.8600000000
78 147.3167 1.8600000000
79 149.2295 1.8500000000
80 151.1412 1.8500000000
81 153.0542 1.8500000000
82 154.9671 1.8300000000
83 156.8797 1.8300000000
84 158.7930 1.8300000000
85 160.7045 1.8300000000
86 162.6172 1.8200000000
87 164.5274 1.8200000000
88 166.4404 1.8100000000
89 168.3518 1.8000000000
90 170.2635 1.7900000000
91 172.1765 1.7900000000
92 174.0888 1.7900000000
93 176.0016 1.8000000000
94 177.9145 1.8000000000
95 179.8259 1.8000000000
96 181.7391 1.8000000000
97 183.6522 1.8000000000
98 185.5644 1.8000000000
99 187.4769 1.7900000000
100 189.3889 1.7900000000
101 191.3007 1.7900000000
102 193.2185 1.7900000000
103 195.1311 1.8000000000
104 197.0427 1.8000000000
105 198.9549 1.8000000000
106 200.8670 1.8000000000
107 202.7785 1.8100000000
108 204.6905 1.8100000000
109 206.6012 1.8100000000
110 208.5132 1.8000000000
111 210.4255 1.8000000000
112 212.3375 1.8000000000
113 214.2500 1.8000000000
114 216.1621 1.8000000000
115 218.0741 1.8000000000
116 219.9868 1.8000000000
117 221.8985 1.7900000000
118 223.8105 1.7900000000
119 225.7226 1.7800000000
120 227.6357 1.7800000000
121 229.5481 1.7700000000
122 231.4603 1.7800000000
123 233.3720 1.7800000000
124 235.2845 1.7800000000
125 237.1954 1.7800000000
126 239.1081 1.7800000000
127 241.0198 1.7800000000
128 242.9314 1.7800000000
129 244.8429 1.7800000000
130 246.7544 1.7800000000
131 248.6661 1.7800000000
132 250.5788 1.7700000000
133 252.4901 1.7600000000
134 254.4022 1.7600000000
135 256.3150 1.7600000000
136 258.2272 1.7600000000
137 260.1398 1.7600000000
138 262.0514 1.7600000000
139 263.9626 1.7600000000
140 265.8752 1.7600000000
141 267.7874 1.7600000000
142 269.6998 1.7600000000
143 271.6118 1.7600000000
144 273.5252 1.7600000000
145 275.4368 1.7600000000
146 277.3492 1.7700000000
147 279.2608 1.7800000000
148 281.1727 1.7800000000
149 283.0843 1.7800000000
150 284.9968 1.7800000000
151 286.9094 1.7800000000
152 288.8209 1.7800000000
153 290.7331 1.7800000000
154 292.6448 1.7700000000
155 294.5571 1.7700000000
156 296.4682 1.7700000000
157 298.3801 1.7700000000
158 300.2918 1.7700000000
159 302.2032 1.7800000000
160 304.1164 1.7800000000
161 306.0292 1.7800000000
162 307.9409 1.7800000000
163 309.8533 1.7800000000
164 311.7655 1.7800000000
165 313.6759 1.7800000000
166 315.5881 1.7800000000
167 317.4998 1.7800000000
168 319.4114 1.7800000000
169 321.3233 1.7800000000
170 323.2368 1.7800000000
171 325.1487 1.7800000000
172 327.0601 1.7800000000
173 328.9705 1.7800000000
174 330.8834 1.7800000000
175 332.7958 1.7800000000
176 334.7084 1.7700000000
177 336.6200 1.7700000000
178 338.5317 1.7700000000
179 340.4425 1.7700000000
180 342.3542 1.7700000000
181 344.2655 1.7800000000
182 346.1758 1.7800000000
183 348.0886 1.7800000000
184 350.0001 1.7800000000
185 351.9107 1.7800000000
186 353.8245 1.7800000000
187 355.7368 1.7800000000
188 357.6482 1.7800000000
189 359.5617 1.7900000000
190 361.4738 1.7900000000
191 363.3858 1.7900000000
192 365.2981 1.7900000000
193 367.2087 1.7900000000
194 369.1211 1.7900000000
195 371.0335 1.7900000000
196 372.9452 1.7900000000
197 374.8606 1.7800000000
198 376.7736 1.7700000000
199 378.6858 1.7700000000
200 380.5981 1.7700000000
