1 0.0000 0.1256500000
2 1.9199 0.0794166667
3 3.8350 0.0660000000
4 5.7486 0.0566333333
5 7.6658 0.0488000000
6 9.5806 0.0430666667
7 11.4952 0.0383333333
8 13.4088 0.0345166667
9 15.3222 0.0308833333
10 17.2364 0.0276333333
11 19.1499 0.0254166667
12 21.0640 0.0231166667
13 22.9781 0.0211333333
14 24.8955 0.0196500000
15 26.8106 0.0181166667
16 28.7246 0.0167666667
17 30.6381 0.0156500000
18 32.5526 0.0145833333
19 34.4665 0.0133166667
20 36.3801 0.0123333333
21 38.2922 0.0114000000
22 40.2051 0.0105333333
23 42.1171 0.0098666667
24 44.0295 0.0091166667
25 45.9435 0.0084333333
26 47.8610 0.0078166667
27 49.7742 0.0071166667
28 51.6881 0.0065666667
29 53.5997 0.0060166667
30 55.5135 0.0056166667
31 57.4253 0.0051666667
32 59.3382 0.0047000000
33 61.2509 0.0043166667
34 63.1648 0.0039833333
35 65.0784 0.0035333333
36 66.9908 0.0031166667
37 68.9041 0.0028166667
38 70.8166 0.0025833333
39 72.7297 0.0022833333
40 74.6419 0.0021166667
41 76.5539 0.0018833333
42 78.4675 0.0016833333
43 80.3808 0.0015333333
44 82.2932 0.0014166667
45 84.2051 0.0013000000
46 86.1178 0.0011833333
47 88.0304 0.0010333333
48 89.9431 0.0009500000
49 91.8552 0.0009166667
50 93.7675 0.0008000000
51 95.6798 0.0008000000
52 97.5913 0.0007500000
53 99.5043 0.0006833333
54 101.4151 0.0006166667
55 103.3267 0.0005833333
56 105.2389 0.0005000000
57 107.1516 0.0004666667
58 109.0636 0.0004000000
59 110.9755 0.0003500000
60 112.8884 0.0003000000
61 114.8008 0.0003000000
62 116.7139 0.0002833333
63 118.6278 0.0002500000
64 120.5401 0.0002166667
65 122.4539 0.0002000000
66 124.3662 0.0002000000
67 126.2785 0.0001833333
68 128.1924 0.0001833333
69 130.1044 0.0001833333
70 132.0160 0.0001500000
71 133.9285 0.0001333333
72 135.8406 0.0001333333
73 137.7534 0.0001333333
74 139.6663 0.0001333333
75 141.5785 0.0001166667
76 143.4911 0.0001000000
77 145.4041 0.0000833333
78 147.3167 0.0000500000
79 149.2295 0.0000500000
80 151.1412 0.0000333333
81 153.0542 0.0000333333
82 154.9671 0.0000333333
83 156.8797 0.0000333333
84 158.7930 0.0000333333
85 160.7045 0.0000333333
86 162.6172 0.0000166667
87 164.5274 0.0000166667
88 166.4404 0.0000166667
89 168.3518 0.0000166667
90 170.2635 0.0000166667
91 172.1765 0.0000166667
92 174.0888 0.0000166667
93 176.0016 0.0000166667
94 177.9145 0.0000166667
95 179.8259 0.0000166667
96 181.7391 0.0000166667
97 183.6522 0.0000166667
98 185.5644 0.0000166667
99 187.4769 0.0000166667
100 189.3889 0.0000166667
101 191.3007 0.0000166667
102 193.2185 0.0000166667
103 195.1311 0.0000166667
104 197.0427 0.0000000000
105 198.9549 0.0000000000
106 200.8670 0.0000000000
107 202.7785 0.0000000000
108 204.6905 0.0000000000
109 206.6012 0.0000000000
110 208.5132 0.0000000000
111 210.4255 0.0000000000
112 212.3375 0.0000000000
113 214.2500 0.0000000000
114 216.1621 0.0000000000
115 218.0741 0.0000000000
116 219.9868 0.0000000000
117 221.8985 0.0000000000
118 223.8105 0.0000000000
119 225.7226 0.0000000000
120 227.6357 0.0000000000
121 229.5481 0.0000000000
122 231.4603 0.0000000000
123 233.3720 0.0000000000
124 235.2845 0.0000000000
125 237.1954 0.0000000000
126 239.1081 0.0000000000
127 241.0198 0.0000000000
128 242.9314 0.0000000000
129 244.8429 0.0000000000
130 246.7544 0.0000000000
131 248.6661 0.0000000000
132 250.5788 0.0000000000
133 252.4901 0.0000000000
134 254.4022 0.0000000000
135 256.3150 0.0000000000
136 258.2272 0.0000000000
137 260.1398 0.0000000000
138 262.0514 0.0000000000
139 263.9626 0.0000000000
140 265.8752 0.0000000000
141 267.7874 0.0000000000
142 269.6998 0.0000000000
143 271.6118 0.0000000000
144 273.5252 0.0000000000
145 275.4368 0.0000000000
146 277.3492 0.0000000000
147 279.2608 0.0000000000
148 281.1727 0.0000000000
149 283.0843 0.0000000000
150 284.9968 0.0000000000
151 286.9094 0.0000000000
152 288.8209 0.0000000000
153 290.7331 0.0000000000
154 292.6448 0.0000000000
155 294.5571 0.0000000000
156 296.4682 0.0000000000
157 298.3801 0.0000000000
158 300.2918 0.0000000000
159 302.2032 0.0000000000
160 304.1164 0.0000000000
161 306.0292 0.0000000000
162 307.9409 0.0000000000
163 309.8533 0.0000000000
164 311.7655 0.0000000000
165 313.6759 0.0000000000
166 315.5881 0.0000000000
167 317.4998 0.0000000000
168 319.4114 0.0000000000
169 321.3233 0.0000000000
170 323.2368 0.0000000000
171 325.1487 0.0000000000
172 327.0601 0.0000000000
173 328.9705 0.0000000000
174 330.8834 0.0000000000
175 332.7958 0.0000000000
176 334.7084 0.0000000000
177 336.6200 0.0000000000
178 338.5317 0.0000000000
179 340.4425 0.0000000000
180 342.3542 0.0000000000
181 344.2655 0.0000000000
182 346.1758 0.0000000000
183 348.0886 0.0000000000
184 350.0001 0.0000000000
185 351.9107 0.0000000000
186 353.8245 0.0000000000
187 355.7368 0.0000000000
188 357.6482 0.0000000000
189 359.5617 0.0000000000
190 361.4738 0.0000000000
191 363.3858 0.0000000000
192 365.2981 0.0000000000
193 367.2087 0.0000000000
194 369.1211 0.0000000000
195 371.0335 0.0000000000
196 372.9452 0.0000000000
197 374.8606 0.0000000000
198 376.7736 0.0000000000
199 378.6858 0.0000000000
200 380.5981 0.0000000000
