1 0.0000 4.8500000000
2 1.9251 3.5500000000
3 3.8463 3.0200000000
4 5.7689 2.6200000000
5 7.6903 2.4500000000
6 9.6138 2.4400000000
7 11.5369 2.3300000000
8 13.4592 2.2100000000
9 15.3817 2.1400000000
10 17.3058 2.1000000000
11 19.2273 2.1100000000
12 21.1499 2.1100000000
13 23.0751 2.0300000000
14 25.0010 2.0300000000
15 26.9277 1.9600000000
16 28.8513 1.9800000000
17 30.7745 1.9400000000
18 32.6974 1.9500000000
19 34.6201 1.9400000000
20 36.5426 1.9700000000
21 38.4655 1.9100000000
22 40.3877 1.8900000000
23 42.3104 1.8800000000
24 44.2331 1.8700000000
25 46.1553 1.8600000000
26 48.0786 1.8500000000
27 49.9997 1.8600000000
28 51.9218 1.8500000000
29 53.8464 1.8500000000
30 55.7744 1.8300000000
31 57.6972 1.8300000000
32 59.6413 1.8200000000
33 61.5646 1.8100000000
34 63.4883 1.8000000000
35 65.4122 1.8200000000
36 67.3370 1.8000000000
37 69.2608 1.7900000000
38 71.1839 1.7900000000
39 73.1062 1.8000000000
40 75.0282 1.7900000000
41 76.9532 1.7700000000
42 78.8785 1.8100000000
43 80.8025 1.7900000000
44 82.7261 1.7800000000
45 84.6510 1.7800000000
46 86.5749 1.7800000000
47 88.4979 1.7800000000
48 90.4211 1.7700000000
49 92.3428 1.7700000000
50 94.2788 1.7600000000
51 96.2006 1.7800000000
52 98.1227 1.7600000000
53 100.0476 1.7600000000
54 101.9766 1.7600000000
55 103.8992 1.7700000000
56 105.8226 1.7500000000
57 107.7462 1.7700000000
58 109.6697 1.7600000000
59 111.5933 1.7600000000
60 113.5175 1.7700000000
61 115.4393 1.7500000000
62 117.3618 1.7500000000
63 119.2830 1.7400000000
64 121.2054 1.7300000000
65 123.1262 1.7500000000
66 125.0473 1.7300000000
67 126.9674 1.7400000000
68 128.8983 1.7300000000
69 130.8244 1.7400000000
70 132.7481 1.7400000000
71 134.6724 1.7600000000
72 136.5960 1.7400000000
73 138.5185 1.7400000000
74 140.4413 1.7400000000
75 142.3649 1.7600000000
76 144.2887 1.7300000000
77 146.2112 1.7500000000
78 148.1339 1.7400000000
79 150.0579 1.7500000000
80 151.9833 1.7400000000
81 153.9123 1.7200000000
82 155.8376 1.7300000000
83 157.7609 1.7300000000
84 159.6846 1.7400000000
85 161.6066 1.7300000000
86 163.5405 1.7200000000
87 165.4958 1.7300000000
88 167.4499 1.7200000000
89 169.4044 1.7200000000
90 171.3589 1.7300000000
91 173.2930 1.7200000000
92 175.2163 1.7000000000
93 177.1373 1.7200000000
94 179.0599 1.7300000000
95 180.9833 1.7100000000
96 182.9085 1.7200000000
97 184.8356 1.7100000000
98 186.7590 1.7300000000
99 188.6819 1.7000000000
100 190.6030 1.7000000000
101 192.5249 1.7200000000
102 194.4483 1.7300000000
103 196.3703 1.7000000000
104 198.2937 1.7300000000
105 200.2170 1.7000000000
106 202.1403 1.7000000000
107 204.0626 1.7200000000
108 205.9883 1.7000000000
109 207.9194 1.7000000000
110 209.8432 1.7200000000
111 211.7659 1.7000000000
112 213.6891 1.7100000000
113 215.6117 1.7200000000
114 217.5361 1.7100000000
115 219.4587 1.7100000000
116 221.3837 1.7100000000
117 223.3053 1.7100000000
118 225.2285 1.7200000000
119 227.1517 1.7300000000
120 229.0764 1.7200000000
121 231.0075 1.7200000000
122 232.9320 1.7200000000
123 234.8856 1.7200000000
124 236.8100 1.7200000000
125 238.7334 1.7100000000
126 240.6569 1.7200000000
127 242.5790 1.7300000000
128 244.5029 1.7200000000
129 246.4258 1.7100000000
130 248.3495 1.7200000000
131 250.2728 1.7000000000
132 252.1964 1.7200000000
133 254.1191 1.7000000000
134 256.0422 1.7200000000
135 257.9646 1.6900000000
136 259.8879 1.7100000000
137 261.8123 1.7200000000
138 263.7354 1.7000000000
139 265.6588 1.7000000000
140 267.5813 1.7200000000
141 269.5195 1.6900000000
142 271.4416 1.7100000000
143 273.3643 1.7100000000
144 275.2864 1.7100000000
145 277.2088 1.7000000000
146 279.1305 1.7100000000
147 281.0566 1.7000000000
148 282.9822 1.7000000000
149 284.9050 1.7000000000
150 286.8289 1.6900000000
151 288.7522 1.7100000000
152 290.6752 1.7000000000
153 292.5984 1.7000000000
154 294.5207 1.7000000000
155 296.4422 1.6900000000
156 298.3647 1.7000000000
157 300.2878 1.6900000000
158 302.2105 1.7000000000
159 304.1323 1.7000000000
160 306.0539 1.7000000000
161 307.9756 1.7000000000
162 309.9010 1.7000000000
163 311.8325 1.7000000000
164 313.7569 1.6900000000
165 315.6819 1.7000000000
166 317.6058 1.7100000000
167 319.5286 1.7000000000
168 321.4514 1.7100000000
169 323.3744 1.7000000000
170 325.2974 1.7100000000
171 327.2208 1.7000000000
172 329.1430 1.7200000000
173 331.0652 1.7100000000
174 332.9921 1.7100000000
175 334.9218 1.7200000000
176 336.8462 1.7100000000
177 338.7783 1.7100000000
178 340.7061 1.7300000000
179 342.6285 1.7100000000
180 344.5521 1.7200000000
181 346.4746 1.7100000000
182 348.3996 1.7300000000
183 350.3216 1.7200000000
184 352.2443 1.7200000000
185 354.1673 1.7300000000
186 356.0947 1.7200000000
187 358.0221 1.7200000000
188 359.9446 1.7300000000
189 361.8685 1.7300000000
190 363.7907 1.7300000000
191 365.7125 1.7400000000
192 367.6359 1.7200000000
193 369.5580 1.7200000000
194 371.4809 1.7300000000
195 373.4027 1.7300000000
196 375.3246 1.7300000000
197 377.2456 1.7300000000
198 379.1824 1.7400000000
199 381.1035 1.7400000000
200 383.0265 1.7300000000
