1 0.0000 0.0711833333
2 1.9251 0.0320500000
3 3.8463 0.0213166667
4 5.7689 0.0158333333
5 7.6903 0.0120833333
6 9.6138 0.0092833333
7 11.5369 0.0070333333
8 13.4592 0.0049833333
9 15.3817 0.0040000000
10 17.3058 0.0029333333
11 19.2273 0.0020166667
12 21.1499 0.0015166667
13 23.0751 0.0013166667
14 25.0010 0.0009833333
15 26.9277 0.0008000000
16 28.8513 0.0006833333
17 30.7745 0.0005666667
18 32.6974 0.0005166667
19 34.6201 0.0004166667
20 36.5426 0.0003500000
21 38.4655 0.0003166667
22 40.3877 0.0002666667
23 42.3104 0.0002500000
24 44.2331 0.0002166667
25 46.1553 0.0001666667
26 48.0786 0.0001666667
27 49.9997 0.0001500000
28 51.9218 0.0001166667
29 53.8464 0.0001000000
30 55.7744 0.0000833333
31 57.6972 0.0000666667
32 59.6413 0.0000833333
33 61.5646 0.0000666667
34 63.4883 0.0000666667
35 65.4122 0.0000666667
36 67.3370 0.0000666667
37 69.2608 0.0000666667
38 71.1839 0.0000333333
39 73.1062 0.0000666667
40 75.0282 0.0000333333
41 76.9532 0.0000333333
42 78.8785 0.0000333333
43 80.8025 0.0000333333
44 82.7261 0.0000333333
45 84.6510 0.0000333333
46 86.5749 0.0000333333
47 88.4979 0.0000333333
48 90.4211 0.0000333333
49 92.3428 0.0000333333
50 94.2788 0.0000333333
51 96.2006 0.0000333333
52 98.1227 0.0000333333
53 100.0476 0.0000333333
54 101.9766 0.0000333333
55 103.8992 0.0000333333
56 105.8226 0.0000333333
57 107.7462 0.0000333333
58 109.6697 0.0000333333
59 111.5933 0.0000333333
60 113.5175 0.0000333333
61 115.4393 0.0000333333
62 117.3618 0.0000333333
63 119.2830 0.0000333333
64 121.2054 0.0000333333
65 123.1262 0.0000166667
66 125.0473 0.0000333333
67 126.9674 0.0000333333
68 128.8983 0.0000166667
69 130.8244 0.0000166667
70 132.7481 0.0000333333
71 134.6724 0.0000166667
72 136.5960 0.0000333333
73 138.5185 0.0000333333
74 140.4413 0.0000333333
75 142.3649 0.0000333333
76 144.2887 0.0000166667
77 146.2112 0.0000333333
78 148.1339 0.0000166667
79 150.0579 0.0000333333
80 151.9833 0.0000166667
81 153.9123 0.0000166667
82 155.8376 0.0000166667
83 157.7609 0.0000166667
84 159.6846 0.0000166667
85 161.6066 0.0000166667
86 163.5405 0.0000166667
87 165.4958 0.0000166667
88 167.4499 0.0000166667
89 169.4044 0.0000166667
90 171.3589 0.0000166667
91 173.2930 0.0000166667
92 175.2163 0.0000166667
93 177.1373 0.0000166667
94 179.0599 0.0000166667
95 180.9833 0.0000166667
96 182.9085 0.0000166667
97 184.8356 0.0000166667
98 186.7590 0.0000166667
99 188.6819 0.0000166667
100 190.6030 0.0000166667
101 192.5249 0.0000166667
102 194.4483 0.0000166667
103 196.3703 0.0000166667
104 198.2937 0.0000166667
105 200.2170 0.0000166667
106 202.1403 0.0000166667
107 204.0626 0.0000166667
108 205.9883 0.0000166667
109 207.9194 0.0000166667
110 209.8432 0.0000166667
111 211.7659 0.0000166667
112 213.6891 0.0000166667
113 215.6117 0.0000166667
114 217.5361 0.0000166667
115 219.4587 0.0000166667
116 221.3837 0.0000166667
117 223.3053 0.0000166667
118 225.2285 0.0000166667
119 227.1517 0.0000166667
120 229.0764 0.0000166667
121 231.0075 0.0000166667
122 232.9320 0.0000166667
123 234.8856 0.0000166667
124 236.8100 0.0000166667
125 238.7334 0.0000166667
126 240.6569 0.0000166667
127 242.5790 0.0000166667
128 244.5029 0.0000166667
129 246.4258 0.0000166667
130 248.3495 0.0000166667
131 250.2728 0.0000166667
132 252.1964 0.0000166667
133 254.1191 0.0000166667
134 256.0422 0.0000166667
135 257.9646 0.0000166667
136 259.8879 0.0000166667
137 261.8123 0.0000166667
138 263.7354 0.0000166667
139 265.6588 0.0000166667
140 267.5813 0.0000166667
141 269.5195 0.0000166667
142 271.4416 0.0000166667
143 273.3643 0.0000166667
144 275.2864 0.0000166667
145 277.2088 0.0000166667
146 279.1305 0.0000166667
147 281.0566 0.0000166667
148 282.9822 0.0000166667
149 284.9050 0.0000166667
150 286.8289 0.0000166667
151 288.7522 0.0000166667
152 290.6752 0.0000166667
153 292.5984 0.0000166667
154 294.5207 0.0000166667
155 296.4422 0.0000166667
156 298.3647 0.0000166667
157 300.2878 0.0000166667
158 302.2105 0.0000166667
159 304.1323 0.0000166667
160 306.0539 0.0000166667
161 307.9756 0.0000166667
162 309.9010 0.0000166667
163 311.8325 0.0000166667
164 313.7569 0.0000166667
165 315.6819 0.0000166667
166 317.6058 0.0000166667
167 319.5286 0.0000166667
168 321.4514 0.0000166667
169 323.3744 0.0000166667
170 325.2974 0.0000166667
171 327.2208 0.0000166667
172 329.1430 0.0000166667
173 331.0652 0.0000166667
174 332.9921 0.0000166667
175 334.9218 0.0000166667
176 336.8462 0.0000166667
177 338.7783 0.0000166667
178 340.7061 0.0000166667
179 342.6285 0.0000166667
180 344.5521 0.0000166667
181 346.4746 0.0000166667
182 348.3996 0.0000166667
183 350.3216 0.0000166667
184 352.2443 0.0000166667
185 354.1673 0.0000166667
186 356.0947 0.0000166667
187 358.0221 0.0000166667
188 359.9446 0.0000166667
189 361.8685 0.0000166667
190 363.7907 0.0000166667
191 365.7125 0.0000166667
192 367.6359 0.0000166667
193 369.5580 0.0000166667
194 371.4809 0.0000166667
195 373.4027 0.0000166667
196 375.3246 0.0000166667
197 377.2456 0.0000166667
198 379.1824 0.0000166667
199 381.1035 0.0000166667
200 383.0265 0.0000166667
