1 0.0000 4.6100000000
2 1.9225 3.4800000000
3 3.8491 2.9200000000
4 5.7675 2.6100000000
5 7.6857 2.4300000000
6 9.6047 2.3100000000
7 11.5227 2.2900000000
8 13.4420 2.2300000000
9 15.3590 2.2300000000
10 17.2776 2.1900000000
11 19.1957 2.2600000000
12 21.1154 2.2200000000
13 23.0337 2.2000000000
14 24.9522 2.1800000000
15 26.8701 2.1600000000
16 28.7891 2.1100000000
17 30.7069 2.1200000000
18 32.6243 2.1000000000
19 34.5422 2.0800000000
20 36.4601 2.0600000000
21 38.3883 2.0600000000
22 40.3057 2.0700000000
23 42.2236 2.0300000000
24 44.1437 2.0400000000
25 46.0643 2.0300000000
26 47.9841 2.0300000000
27 49.9029 2.0400000000
28 51.8198 2.0100000000
29 53.7363 2.0400000000
30 55.6551 2.0000000000
31 57.5718 2.0300000000
32 59.4896 1.9600000000
33 61.4081 1.9800000000
34 63.3258 1.9900000000
35 65.2432 1.9800000000
36 67.1613 1.9900000000
37 69.0790 1.9600000000
38 70.9962 1.9700000000
39 72.9186 1.9400000000
40 74.8361 1.9500000000
41 76.7544 1.9600000000
42 78.6714 1.9500000000
43 80.5887 1.9500000000
44 82.5088 1.9200000000
45 84.4254 1.9300000000
46 86.3431 1.9300000000
47 88.2601 1.9400000000
48 90.1806 1.9100000000
49 92.1006 1.9300000000
50 94.0187 1.9100000000
51 95.9361 1.8900000000
52 97.8526 1.9000000000
53 99.7696 1.9200000000
54 101.6873 1.8800000000
55 103.6049 1.9100000000
56 105.5232 1.8800000000
57 107.4410 1.8900000000
58 109.3591 1.8800000000
59 111.2763 1.8700000000
60 113.1930 1.8800000000
61 115.1102 1.8900000000
62 117.0304 1.8700000000
63 118.9480 1.8900000000
64 120.8670 1.8600000000
65 122.7830 1.8600000000
66 124.7024 1.8700000000
67 126.6217 1.8800000000
68 128.5403 1.8600000000
69 130.4626 1.8800000000
70 132.3811 1.8600000000
71 134.2993 1.8300000000
72 136.2167 1.8600000000
73 138.1340 1.8800000000
74 140.0507 1.8800000000
75 141.9690 1.8200000000
76 143.8943 1.8900000000
77 145.8107 1.8400000000
78 147.7287 1.8300000000
79 149.6450 1.8400000000
80 151.5637 1.8700000000
81 153.4803 1.8500000000
82 155.3977 1.8400000000
83 157.3140 1.8700000000
84 159.2321 1.8400000000
85 161.1481 1.8400000000
86 163.0652 1.8300000000
87 164.9821 1.8700000000
88 166.9000 1.8500000000
89 168.8174 1.9000000000
90 170.7347 1.8600000000
91 172.6520 1.8800000000
92 174.5700 1.8800000000
93 176.4857 1.8600000000
94 178.4031 1.8800000000
95 180.3189 1.8700000000
96 182.2364 1.9100000000
97 184.1526 1.8800000000
98 186.0690 1.8600000000
99 187.9843 1.8800000000
100 189.9014 1.8800000000
101 191.8179 1.8800000000
102 193.7341 1.8600000000
103 195.6512 1.8900000000
104 197.5696 1.8700000000
105 199.4858 1.8800000000
106 201.4061 1.8800000000
107 203.3318 1.8700000000
108 205.2541 1.9100000000
109 207.1718 1.8600000000
110 209.0904 1.8600000000
111 211.0077 1.9100000000
112 212.9268 1.9200000000
113 214.8430 1.8900000000
114 216.7611 1.8900000000
115 218.6794 1.9000000000
116 220.5970 1.8800000000
117 222.5132 1.8900000000
118 224.4301 1.8900000000
119 226.3474 1.9100000000
120 228.2650 1.8800000000
121 230.1810 1.9100000000
122 232.0991 1.9000000000
123 234.0167 1.8900000000
124 235.9345 1.8900000000
125 237.8511 1.8800000000
126 239.7684 1.9000000000
127 241.6860 1.8700000000
128 243.6041 1.8700000000
129 245.5206 1.8900000000
130 247.4372 1.8600000000
131 249.3533 1.8800000000
132 251.2702 1.9200000000
133 253.1864 1.8900000000
134 255.1020 1.9100000000
135 257.0184 1.8700000000
136 258.9355 1.8900000000
137 260.8517 1.8900000000
138 262.7694 1.9100000000
139 264.6844 1.8700000000
140 266.6020 1.8600000000
141 268.5200 1.8900000000
142 270.4374 1.8800000000
143 272.3530 1.8900000000
144 274.2701 1.9000000000
145 276.1861 1.9000000000
146 278.1024 1.9000000000
147 280.0191 1.8700000000
148 281.9361 1.8800000000
149 283.8517 1.8900000000
150 285.7689 1.8900000000
151 287.6853 1.9000000000
152 289.6034 1.8900000000
153 291.5178 1.8900000000
154 293.4347 1.8800000000
155 295.3500 1.9000000000
156 297.2670 1.8800000000
157 299.1873 1.9000000000
158 301.1063 1.8900000000
159 303.0230 1.9300000000
160 304.9403 1.8800000000
161 306.8566 1.9100000000
162 308.7730 1.8900000000
163 310.6908 1.9100000000
164 312.6085 1.9000000000
165 314.5258 1.9000000000
166 316.4432 1.8800000000
167 318.3634 1.8800000000
168 320.2802 1.8800000000
169 322.1967 1.8800000000
170 324.1158 1.8900000000
171 326.0334 1.8600000000
172 327.9504 1.9000000000
173 329.8667 1.8900000000
174 331.7844 1.9100000000
175 333.7017 1.8500000000
176 335.6191 1.9300000000
177 337.5361 1.8700000000
178 339.4534 1.8800000000
179 341.3700 1.8800000000
180 343.2858 1.8800000000
181 345.2019 1.8700000000
182 347.1191 1.8700000000
183 349.0353 1.8900000000
184 350.9527 1.8800000000
185 352.8688 1.8900000000
186 354.7849 1.8900000000
187 356.7017 1.9000000000
188 358.6187 1.8900000000
189 360.5347 1.9100000000
190 362.4515 1.8800000000
191 364.3685 1.9100000000
192 366.2855 1.8800000000
193 368.2030 1.8500000000
194 370.1227 1.9200000000
195 372.0394 1.8900000000
196 373.9583 1.9000000000
197 375.8736 1.8700000000
198 377.7903 1.8600000000
199 379.7065 1.8800000000
200 381.6247 1.8900000000
