1 0.0000 0.0709000000
2 1.9225 0.0326166667
3 3.8491 0.0220000000
4 5.7675 0.0168833333
5 7.6857 0.0133833333
6 9.6047 0.0104166667
7 11.5227 0.0082166667
8 13.4420 0.0065166667
9 15.3590 0.0054166667
10 17.2776 0.0045000000
11 19.1957 0.0035333333
12 21.1154 0.0028666667
13 23.0337 0.0023500000
14 24.9522 0.0021166667
15 26.8701 0.0018166667
16 28.7891 0.0015333333
17 30.7069 0.0013333333
18 32.6243 0.0012333333
19 34.5422 0.0011166667
20 36.4601 0.0010333333
21 38.3883 0.0009833333
22 40.3057 0.0009666667
23 42.2236 0.0009833333
24 44.1437 0.0009333333
25 46.0643 0.0007833333
26 47.9841 0.0008333333
27 49.9029 0.0007000000
28 51.8198 0.0006666667
29 53.7363 0.0007166667
30 55.6551 0.0006666667
31 57.5718 0.0006166667
32 59.4896 0.0006166667
33 61.4081 0.0005833333
34 63.3258 0.0005833333
35 65.2432 0.0006000000
36 67.1613 0.0005833333
37 69.0790 0.0005833333
38 70.9962 0.0005833333
39 72.9186 0.0005833333
40 74.8361 0.0006000000
41 76.7544 0.0005833333
42 78.6714 0.0005833333
43 80.5887 0.0005333333
44 82.5088 0.0005666667
45 84.4254 0.0005500000
46 86.3431 0.0005166667
47 88.2601 0.0005333333
48 90.1806 0.0005333333
49 92.1006 0.0005333333
50 94.0187 0.0005000000
51 95.9361 0.0005333333
52 97.8526 0.0005166667
53 99.7696 0.0005166667
54 101.6873 0.0004833333
55 103.6049 0.0005000000
56 105.5232 0.0004833333
57 107.4410 0.0005500000
58 109.3591 0.0005000000
59 111.2763 0.0004833333
60 113.1930 0.0005166667
61 115.1102 0.0005000000
62 117.0304 0.0004833333
63 118.9480 0.0004833333
64 120.8670 0.0004666667
65 122.7830 0.0004500000
66 124.7024 0.0004833333
67 126.6217 0.0004833333
68 128.5403 0.0004833333
69 130.4626 0.0004833333
70 132.3811 0.0004666667
71 134.2993 0.0004500000
72 136.2167 0.0004500000
73 138.1340 0.0004666667
74 140.0507 0.0004666667
75 141.9690 0.0004333333
76 143.8943 0.0004500000
77 145.8107 0.0004333333
78 147.7287 0.0004500000
79 149.6450 0.0004166667
80 151.5637 0.0004333333
81 153.4803 0.0004500000
82 155.3977 0.0004000000
83 157.3140 0.0004500000
84 159.2321 0.0004166667
85 161.1481 0.0004166667
86 163.0652 0.0003833333
87 164.9821 0.0004166667
88 166.9000 0.0004000000
89 168.8174 0.0004166667
90 170.7347 0.0004000000
91 172.6520 0.0003500000
92 174.5700 0.0003500000
93 176.4857 0.0003666667
94 178.4031 0.0004166667
95 180.3189 0.0003500000
96 182.2364 0.0003833333
97 184.1526 0.0003833333
98 186.0690 0.0003833333
99 187.9843 0.0003833333
100 189.9014 0.0003833333
101 191.8179 0.0003833333
102 193.7341 0.0003500000
103 195.6512 0.0003500000
104 197.5696 0.0003333333
105 199.4858 0.0003833333
106 201.4061 0.0003500000
107 203.3318 0.0003666667
108 205.2541 0.0003333333
109 207.1718 0.0003500000
110 209.0904 0.0003666667
111 211.0077 0.0003500000
112 212.9268 0.0003666667
113 214.8430 0.0003333333
114 216.7611 0.0003833333
115 218.6794 0.0003333333
116 220.5970 0.0003666667
117 222.5132 0.0003333333
118 224.4301 0.0003833333
119 226.3474 0.0003666667
120 228.2650 0.0003833333
121 230.1810 0.0003333333
122 232.0991 0.0003500000
123 234.0167 0.0003333333
124 235.9345 0.0003833333
125 237.8511 0.0003333333
126 239.7684 0.0003333333
127 241.6860 0.0003500000
128 243.6041 0.0003500000
129 245.5206 0.0003333333
130 247.4372 0.0003333333
131 249.3533 0.0003666667
132 251.2702 0.0003500000
133 253.1864 0.0003500000
134 255.1020 0.0003333333
135 257.0184 0.0003500000
136 258.9355 0.0003166667
137 260.8517 0.0003500000
138 262.7694 0.0003500000
139 264.6844 0.0003333333
140 266.6020 0.0003333333
141 268.5200 0.0003166667
142 270.4374 0.0003500000
143 272.3530 0.0003500000
144 274.2701 0.0003500000
145 276.1861 0.0003166667
146 278.1024 0.0003166667
147 280.0191 0.0003166667
148 281.9361 0.0003166667
149 283.8517 0.0003500000
150 285.7689 0.0003333333
151 287.6853 0.0003166667
152 289.6034 0.0003166667
153 291.5178 0.0003333333
154 293.4347 0.0003166667
155 295.3500 0.0003333333
156 297.2670 0.0003500000
157 299.1873 0.0003000000
158 301.1063 0.0003166667
159 303.0230 0.0002833333
160 304.9403 0.0003166667
161 306.8566 0.0003166667
162 308.7730 0.0003166667
163 310.6908 0.0003333333
164 312.6085 0.0003333333
165 314.5258 0.0003166667
166 316.4432 0.0003166667
167 318.3634 0.0003333333
168 320.2802 0.0003333333
169 322.1967 0.0003166667
170 324.1158 0.0003333333
171 326.0334 0.0003333333
172 327.9504 0.0003166667
173 329.8667 0.0003333333
174 331.7844 0.0003166667
175 333.7017 0.0003166667
176 335.6191 0.0003333333
177 337.5361 0.0003166667
178 339.4534 0.0003166667
179 341.3700 0.0003000000
180 343.2858 0.0003333333
181 345.2019 0.0003166667
182 347.1191 0.0003333333
183 349.0353 0.0003166667
184 350.9527 0.0003000000
185 352.8688 0.0003333333
186 354.7849 0.0002833333
187 356.7017 0.0002833333
188 358.6187 0.0003000000
189 360.5347 0.0003166667
190 362.4515 0.0003333333
191 364.3685 0.0003000000
192 366.2855 0.0003000000
193 368.2030 0.0003166667
194 370.1227 0.0002833333
195 372.0394 0.0003166667
196 373.9583 0.0003000000
197 375.8736 0.0003166667
198 377.7903 0.0003166667
199 379.7065 0.0003333333
200 381.6247 0.0003000000
