1 0.0000 4.8300000000
2 4.2500 3.2900000000
3 8.3305 2.6800000000
4 12.4153 2.6400000000
5 16.5019 2.2100000000
6 20.5841 2.3400000000
7 24.6649 2.1000000000
8 28.7428 2.0100000000
9 32.8229 2.0500000000
10 36.9392 1.8300000000
11 41.0185 1.7500000000
12 45.0981 1.8800000000
13 49.1796 1.7100000000
14 53.2596 1.6800000000
15 57.3399 1.6400000000
16 61.4211 1.5700000000
17 65.5015 1.6700000000
18 69.5805 1.5000000000
19 73.6608 1.5200000000
20 77.7422 1.5000000000
21 81.8239 1.4600000000
22 85.9043 1.4500000000
23 89.9835 1.4500000000
24 94.0648 1.4300000000
25 98.1442 1.4300000000
26 102.2256 1.4600000000
27 106.3049 1.4500000000
28 110.3855 1.4500000000
29 114.4649 1.3900000000
30 118.5449 1.4600000000
31 122.6248 1.5100000000
32 126.7055 1.4300000000
33 130.7876 1.3900000000
34 134.8695 1.4700000000
35 138.9499 1.3700000000
36 143.0299 1.4500000000
37 147.1139 1.3800000000
38 151.1936 1.3400000000
39 155.2732 1.3900000000
40 159.3554 1.3900000000
41 163.4370 1.4100000000
42 167.5175 1.3500000000
43 171.5971 1.3000000000
44 175.6789 1.3700000000
45 179.7588 1.2800000000
46 183.8412 1.4000000000
47 187.9216 1.3800000000
48 192.0013 1.4900000000
49 196.0825 1.3500000000
50 200.1631 1.3100000000
51 204.2426 1.3400000000
52 208.3235 1.3500000000
53 212.4045 1.3100000000
54 216.4859 1.3100000000
55 220.5680 1.3300000000
56 224.6563 1.3500000000
57 228.7456 1.3500000000
58 232.8291 1.3600000000
59 236.9108 1.3500000000
60 240.9922 1.3700000000
61 245.0867 1.3500000000
62 249.1916 1.3500000000
63 253.2742 1.4300000000
64 257.3574 1.4100000000
65 261.4374 1.3700000000
66 265.5230 1.3000000000
67 269.6075 1.4100000000
68 273.6902 1.2600000000
69 277.7720 1.3600000000
70 281.8523 1.3400000000
71 285.9338 1.3400000000
72 290.0149 1.3800000000
73 294.0955 1.3100000000
74 298.1778 1.3300000000
75 302.2591 1.3500000000
76 306.3389 1.2900000000
77 310.4199 1.3300000000
78 314.5008 1.1600000000
79 318.5993 1.4000000000
80 322.6813 1.2400000000
81 326.7616 1.2800000000
82 330.8450 1.2200000000
83 334.9276 1.3300000000
84 339.0098 1.2300000000
85 343.0928 1.2200000000
86 347.1698 1.2400000000
87 351.2287 1.2900000000
88 355.2856 1.2300000000
89 359.3423 1.3000000000
90 363.3974 1.3100000000
91 367.4538 1.2400000000
92 371.5103 1.3000000000
93 375.5662 1.2000000000
94 379.6220 1.2400000000
95 383.6784 1.3400000000
96 387.7359 1.2800000000
97 391.7921 1.1800000000
98 395.8465 1.1300000000
99 399.9022 1.3400000000
100 403.9568 1.3400000000
101 408.0136 1.2100000000
102 412.0770 1.1400000000
103 416.1327 1.2300000000
104 420.1913 1.2200000000
105 424.2501 1.1500000000
106 428.3091 1.2600000000
107 432.3661 1.2200000000
108 436.4246 1.1700000000
109 440.4794 1.2300000000
110 444.5360 1.1900000000
111 448.5929 1.2400000000
112 452.6524 1.2300000000
113 456.7120 1.1600000000
114 460.7694 1.2700000000
115 464.8257 1.1500000000
116 468.8823 1.1800000000
117 472.9376 1.2000000000
118 476.9922 1.2700000000
119 481.0510 1.3000000000
120 485.1090 1.2000000000
121 489.1656 1.1800000000
122 493.2220 1.1900000000
123 497.2783 1.2200000000
124 501.3355 1.2800000000
125 505.3917 1.2500000000
126 509.4490 1.1700000000
127 513.5058 1.2100000000
128 517.5638 1.2700000000
129 521.6204 1.1700000000
130 525.6755 1.2400000000
131 529.7318 1.1900000000
132 533.7924 1.2600000000
133 537.8558 1.2000000000
134 541.9127 1.3200000000
135 545.9691 1.2800000000
136 550.0249 1.1900000000
137 554.0795 1.2400000000
138 558.1340 1.1800000000
139 562.1910 1.2800000000
140 566.2464 1.2100000000
141 570.3036 1.2200000000
142 574.3585 1.1800000000
143 578.4133 1.2200000000
144 582.4699 1.1600000000
145 586.5247 1.1800000000
146 590.5803 1.1500000000
147 594.6386 1.2700000000
148 598.6984 1.1800000000
149 602.7561 1.1300000000
150 606.8117 1.1300000000
151 610.8683 1.2000000000
152 614.9246 1.2400000000
153 618.9815 1.2400000000
154 623.0371 1.1800000000
155 627.0938 1.1900000000
156 631.1533 1.2000000000
157 635.2102 1.1800000000
158 639.2675 1.2000000000
159 643.3231 1.1700000000
160 647.3807 1.2800000000
161 651.4414 1.2000000000
162 655.4998 1.2100000000
163 659.5543 1.2300000000
164 663.6119 1.2200000000
165 667.6680 1.2400000000
166 671.7236 1.2900000000
167 675.7832 1.2200000000
168 679.8446 1.1800000000
169 683.9024 1.1700000000
170 687.9588 1.2000000000
171 692.0158 1.2100000000
172 696.0724 1.1700000000
173 700.1306 1.2900000000
174 704.1893 1.2000000000
175 708.2460 1.1700000000
176 712.3048 1.1300000000
177 716.3621 1.2200000000
178 720.4196 1.1800000000
179 724.4769 1.1300000000
180 728.5343 1.1300000000
181 732.5904 1.1800000000
182 736.6498 1.2200000000
183 740.7073 1.1700000000
184 744.7637 1.2300000000
185 748.8208 1.2100000000
186 752.8783 1.2200000000
187 756.9332 1.2100000000
188 760.9937 1.2200000000
189 765.0541 1.2900000000
190 769.1139 1.2200000000
191 773.1725 1.1900000000
192 777.2307 1.1900000000
193 781.2895 1.3000000000
194 785.3462 1.2400000000
195 789.4040 1.2200000000
196 793.4615 1.1900000000
197 797.5181 1.1500000000
198 801.5751 1.2000000000
199 805.6321 1.1900000000
200 809.6891 1.1400000000
