1 0.0000 0.0734000000
2 4.2500 0.0349666667
3 8.3305 0.0247333333
4 12.4153 0.0197166667
5 16.5019 0.0160000000
6 20.5841 0.0142166667
7 24.6649 0.0122500000
8 28.7428 0.0108000000
9 32.8229 0.0096000000
10 36.9392 0.0081833333
11 41.0185 0.0073333333
12 45.0981 0.0062666667
13 49.1796 0.0060166667
14 53.2596 0.0051333333
15 57.3399 0.0048500000
16 61.4211 0.0039666667
17 65.5015 0.0039500000
18 69.5805 0.0036333333
19 73.6608 0.0032333333
20 77.7422 0.0031500000
21 81.8239 0.0024500000
22 85.9043 0.0022166667
23 89.9835 0.0021500000
24 94.0648 0.0019500000
25 98.1442 0.0018666667
26 102.2256 0.0019166667
27 106.3049 0.0014666667
28 110.3855 0.0014500000
29 114.4649 0.0014666667
30 118.5449 0.0012500000
31 122.6248 0.0010833333
32 126.7055 0.0011500000
33 130.7876 0.0010833333
34 134.8695 0.0010000000
35 138.9499 0.0008666667
36 143.0299 0.0008166667
37 147.1139 0.0007500000
38 151.1936 0.0006333333
39 155.2732 0.0008666667
40 159.3554 0.0006000000
41 163.4370 0.0005166667
42 167.5175 0.0007166667
43 171.5971 0.0005500000
44 175.6789 0.0004333333
45 179.7588 0.0004500000
46 183.8412 0.0005666667
47 187.9216 0.0003666667
48 192.0013 0.0002666667
49 196.0825 0.0005000000
50 200.1631 0.0003666667
51 204.2426 0.0004166667
52 208.3235 0.0004166667
53 212.4045 0.0003333333
54 216.4859 0.0003333333
55 220.5680 0.0003666667
56 224.6563 0.0002833333
57 228.7456 0.0002500000
58 232.8291 0.0003500000
59 236.9108 0.0002833333
60 240.9922 0.0002000000
61 245.0867 0.0001666667
62 249.1916 0.0002166667
63 253.2742 0.0001500000
64 257.3574 0.0001833333
65 261.4374 0.0001833333
66 265.5230 0.0001333333
67 269.6075 0.0001333333
68 273.6902 0.0001833333
69 277.7720 0.0001500000
70 281.8523 0.0000833333
71 285.9338 0.0001666667
72 290.0149 0.0001500000
73 294.0955 0.0001000000
74 298.1778 0.0001000000
75 302.2591 0.0000666667
76 306.3389 0.0001000000
77 310.4199 0.0001500000
78 314.5008 0.0001333333
79 318.5993 0.0001166667
80 322.6813 0.0000666667
81 326.7616 0.0000166667
82 330.8450 0.0001000000
83 334.9276 0.0000666667
84 339.0098 0.0000500000
85 343.0928 0.0000500000
86 347.1698 0.0001000000
87 351.2287 0.0001666667
88 355.2856 0.0001000000
89 359.3423 0.0000666667
90 363.3974 0.0000333333
91 367.4538 0.0000166667
92 371.5103 0.0000666667
93 375.5662 0.0000833333
94 379.6220 0.0000166667
95 383.6784 0.0000666667
96 387.7359 0.0000166667
97 391.7921 0.0000666667
98 395.8465 0.0000500000
99 399.9022 0.0000333333
100 403.9568 0.0000333333
101 408.0136 0.0000833333
102 412.0770 0.0000666667
103 416.1327 0.0000500000
104 420.1913 0.0000166667
105 424.2501 0.0000500000
106 428.3091 0.0000333333
107 432.3661 0.0000666667
108 436.4246 0.0000166667
109 440.4794 0.0000166667
110 444.5360 0.0000500000
111 448.5929 0.0000333333
112 452.6524 0.0000333333
113 456.7120 0.0000333333
114 460.7694 0.0000333333
115 464.8257 0.0000333333
116 468.8823 0.0000166667
117 472.9376 0.0000333333
118 476.9922 0.0000500000
119 481.0510 0.0000166667
120 485.1090 0.0001000000
121 489.1656 0.0000000000
122 493.2220 0.0000333333
123 497.2783 0.0000000000
124 501.3355 0.0000333333
125 505.3917 0.0000166667
126 509.4490 0.0000000000
127 513.5058 0.0000000000
128 517.5638 0.0000166667
129 521.6204 0.0000333333
130 525.6755 0.0000500000
131 529.7318 0.0000000000
132 533.7924 0.0000166667
133 537.8558 0.0000500000
134 541.9127 0.0000000000
135 545.9691 0.0000333333
136 550.0249 0.0000000000
137 554.0795 0.0000333333
138 558.1340 0.0000166667
139 562.1910 0.0000166667
140 566.2464 0.0000000000
141 570.3036 0.0000000000
142 574.3585 0.0000166667
143 578.4133 0.0000166667
144 582.4699 0.0000000000
145 586.5247 0.0000000000
146 590.5803 0.0000166667
147 594.6386 0.0000000000
148 598.6984 0.0000000000
149 602.7561 0.0000166667
150 606.8117 0.0000166667
151 610.8683 0.0000166667
152 614.9246 0.0000000000
153 618.9815 0.0000000000
154 623.0371 0.0000166667
155 627.0938 0.0000000000
156 631.1533 0.0000166667
157 635.2102 0.0000000000
158 639.2675 0.0000166667
159 643.3231 0.0000000000
160 647.3807 0.0000000000
161 651.4414 0.0000000000
162 655.4998 0.0000000000
163 659.5543 0.0000000000
164 663.6119 0.0000166667
165 667.6680 0.0000000000
166 671.7236 0.0000000000
167 675.7832 0.0000000000
168 679.8446 0.0000000000
169 683.9024 0.0000000000
170 687.9588 0.0000000000
171 692.0158 0.0000000000
172 696.0724 0.0000000000
173 700.1306 0.0000000000
174 704.1893 0.0000000000
175 708.2460 0.0000000000
176 712.3048 0.0000000000
177 716.3621 0.0000000000
178 720.4196 0.0000000000
179 724.4769 0.0000000000
180 728.5343 0.0000000000
181 732.5904 0.0000333333
182 736.6498 0.0000000000
183 740.7073 0.0000000000
184 744.7637 0.0000000000
185 748.8208 0.0000000000
186 752.8783 0.0000000000
187 756.9332 0.0000166667
188 760.9937 0.0000000000
189 765.0541 0.0000000000
190 769.1139 0.0000000000
191 773.1725 0.0000000000
192 777.2307 0.0000166667
193 781.2895 0.0000000000
194 785.3462 0.0000000000
195 789.4040 0.0000166667
196 793.4615 0.0000000000
197 797.5181 0.0000000000
198 801.5751 0.0000000000
199 805.6321 0.0000000000
200 809.6891 0.0000000000
