1 0.0000 4.4300000000
2 4.1736 3.3700000000
3 8.2670 2.9400000000
4 12.3597 2.6100000000
5 16.4530 2.3800000000
6 20.5432 2.4200000000
7 24.6338 2.0400000000
8 28.7250 1.9800000000
9 32.8156 1.9700000000
10 36.9060 1.8600000000
11 40.9980 1.9900000000
12 45.0880 1.7800000000
13 49.1809 1.8500000000
14 53.2718 1.7000000000
15 57.3650 1.6800000000
16 61.4539 1.7400000000
17 65.5434 1.7300000000
18 69.6333 1.6400000000
19 73.7221 1.6300000000
20 77.8110 1.6300000000
21 81.9022 1.6400000000
22 85.9900 1.5500000000
23 90.0797 1.5200000000
24 94.1680 1.6100000000
25 98.2573 1.5300000000
26 102.3451 1.4400000000
27 106.4337 1.5700000000
28 110.5309 1.5300000000
29 114.6227 1.5700000000
30 118.7119 1.5200000000
31 122.7992 1.4400000000
32 126.8881 1.5100000000
33 130.9815 1.3900000000
34 135.0755 1.5300000000
35 139.1684 1.4100000000
36 143.2641 1.3400000000
37 147.3550 1.4600000000
38 151.4441 1.4500000000
39 155.5354 1.3900000000
40 159.6270 1.3800000000
41 163.7168 1.4100000000
42 167.8081 1.3500000000
43 171.8960 1.4500000000
44 175.9870 1.3400000000
45 180.0767 1.2400000000
46 184.1671 1.4000000000
47 188.2591 1.3400000000
48 192.3517 1.3800000000
49 196.4427 1.3800000000
50 200.5337 1.3000000000
51 204.6237 1.3600000000
52 208.7147 1.2600000000
53 212.8040 1.2900000000
54 216.8947 1.3100000000
55 220.9878 1.3100000000
56 225.0851 1.3900000000
57 229.1804 1.3400000000
58 233.2739 1.4400000000
59 237.3664 1.4200000000
60 241.4576 1.3300000000
61 245.5503 1.4100000000
62 249.6418 1.4200000000
63 253.7327 1.3100000000
64 257.8244 1.2600000000
65 261.9151 1.2900000000
66 266.0067 1.3200000000
67 270.0982 1.3600000000
68 274.1879 1.3200000000
69 278.2799 1.2400000000
70 282.3702 1.3300000000
71 286.4613 1.3600000000
72 290.5520 1.2700000000
73 294.6445 1.2700000000
74 298.7681 1.2200000000
75 302.8586 1.2800000000
76 306.9498 1.2000000000
77 311.0416 1.3500000000
78 315.1328 1.2500000000
79 319.2233 1.2300000000
80 323.3152 1.3300000000
81 327.4063 1.2700000000
82 331.4994 1.4000000000
83 335.6091 1.2200000000
84 339.6996 1.3000000000
85 343.7898 1.2000000000
86 347.8807 1.3200000000
87 351.9713 1.2800000000
88 356.0618 1.3700000000
89 360.1524 1.2500000000
90 364.2431 1.2900000000
91 368.3345 1.2400000000
92 372.4253 1.2900000000
93 376.5163 1.2300000000
94 380.6073 1.3200000000
95 384.6994 1.2400000000
96 388.7906 1.1900000000
97 392.8819 1.1800000000
98 396.9729 1.1900000000
99 401.0626 1.2700000000
100 405.1524 1.1600000000
101 409.2436 1.2000000000
102 413.3340 1.1600000000
103 417.4244 1.1400000000
104 421.5161 1.3200000000
105 425.6086 1.3200000000
106 429.7014 1.4000000000
107 433.7970 1.2500000000
108 437.8920 1.2400000000
109 441.9836 1.2100000000
110 446.0738 1.2700000000
111 450.1648 1.3000000000
112 454.2567 1.2200000000
113 458.3496 1.2000000000
114 462.4414 1.3000000000
115 466.5333 1.2400000000
116 470.6250 1.2500000000
117 474.7175 1.2800000000
118 478.8089 1.3800000000
119 482.9030 1.2800000000
120 486.9957 1.3700000000
121 491.0881 1.3300000000
122 495.1833 1.2700000000
123 499.2864 1.1500000000
124 503.3822 1.2100000000
125 507.4738 1.1300000000
126 511.5671 1.3300000000
127 515.6714 1.2000000000
128 519.7666 1.2100000000
129 523.8598 1.2200000000
130 527.9533 1.3400000000
131 532.0457 1.2600000000
132 536.1379 1.2600000000
133 540.2305 1.0900000000
134 544.3221 1.2700000000
135 548.4132 1.2200000000
136 552.5081 1.2800000000
137 556.6015 1.2100000000
138 560.6931 1.2800000000
139 564.7852 1.2900000000
140 568.8778 1.1900000000
141 572.9703 1.2200000000
142 577.0650 1.1900000000
143 581.1572 1.3100000000
144 585.2498 1.2600000000
145 589.3424 1.2400000000
146 593.4342 1.3400000000
147 597.5260 1.2000000000
148 601.6201 1.2600000000
149 605.7117 1.2000000000
150 609.8054 1.2400000000
151 613.8963 1.2300000000
152 617.9894 1.3200000000
153 622.0837 1.2900000000
154 626.1756 1.2200000000
155 630.2683 1.2500000000
156 634.3594 1.2800000000
157 638.4513 1.2600000000
158 642.5432 1.2600000000
159 646.6344 1.2500000000
160 650.7281 1.3800000000
161 654.8236 1.2000000000
162 658.9171 1.2100000000
163 663.0227 1.2300000000
164 667.1142 1.2900000000
165 671.2064 1.2200000000
166 675.2986 1.2700000000
167 679.3910 1.3200000000
168 683.4871 1.3500000000
169 687.5789 1.3000000000
170 691.6721 1.2200000000
171 695.7742 1.2100000000
172 699.8680 1.2800000000
173 703.9602 1.1900000000
174 708.0546 1.2300000000
175 712.1468 1.1900000000
176 716.2405 1.1700000000
177 720.3320 1.1500000000
178 724.4136 1.2300000000
179 728.4902 1.1700000000
180 732.5673 1.1800000000
181 736.6443 1.2300000000
182 740.7209 1.2100000000
183 744.7990 1.2400000000
184 748.8768 1.2300000000
185 752.9552 1.3200000000
186 757.0313 1.3300000000
187 761.1069 1.1900000000
188 765.1829 1.2100000000
189 769.2592 1.2100000000
190 773.3359 1.2500000000
191 777.4109 1.2300000000
192 781.4867 1.2200000000
193 785.5634 1.2400000000
194 789.6434 1.1800000000
195 793.7273 1.2000000000
196 797.8041 1.2800000000
197 801.8816 1.1900000000
198 805.9632 1.2000000000
199 810.0457 1.2500000000
200 814.1221 1.2000000000
