1 0.0000 0.0720500000
2 4.1736 0.0349833333
3 8.2670 0.0245833333
4 12.3597 0.0194000000
5 16.4530 0.0162333333
6 20.5432 0.0140500000
7 24.6338 0.0120333333
8 28.7250 0.0103333333
9 32.8156 0.0095666667
10 36.9060 0.0084500000
11 40.9980 0.0073000000
12 45.0880 0.0063166667
13 49.1809 0.0059833333
14 53.2718 0.0051000000
15 57.3650 0.0049166667
16 61.4539 0.0042833333
17 65.5434 0.0042000000
18 69.6333 0.0036166667
19 73.7221 0.0033333333
20 77.8110 0.0029000000
21 81.9022 0.0026666667
22 85.9900 0.0024500000
23 90.0797 0.0023333333
24 94.1680 0.0018833333
25 98.2573 0.0020166667
26 102.3451 0.0019500000
27 106.4337 0.0016000000
28 110.5309 0.0013833333
29 114.6227 0.0014166667
30 118.7119 0.0012666667
31 122.7992 0.0012166667
32 126.8881 0.0012000000
33 130.9815 0.0009000000
34 135.0755 0.0010833333
35 139.1684 0.0009000000
36 143.2641 0.0008500000
37 147.3550 0.0007666667
38 151.4441 0.0007833333
39 155.5354 0.0006166667
40 159.6270 0.0006166667
41 163.7168 0.0005833333
42 167.8081 0.0006333333
43 171.8960 0.0005500000
44 175.9870 0.0004500000
45 180.0767 0.0005666667
46 184.1671 0.0005500000
47 188.2591 0.0003666667
48 192.3517 0.0005000000
49 196.4427 0.0003333333
50 200.5337 0.0004833333
51 204.6237 0.0003000000
52 208.7147 0.0003000000
53 212.8040 0.0003000000
54 216.8947 0.0003000000
55 220.9878 0.0002500000
56 225.0851 0.0003166667
57 229.1804 0.0002166667
58 233.2739 0.0001666667
59 237.3664 0.0002500000
60 241.4576 0.0001333333
61 245.5503 0.0002833333
62 249.6418 0.0001333333
63 253.7327 0.0001666667
64 257.8244 0.0001666667
65 261.9151 0.0001666667
66 266.0067 0.0001500000
67 270.0982 0.0001000000
68 274.1879 0.0001333333
69 278.2799 0.0001000000
70 282.3702 0.0001166667
71 286.4613 0.0001500000
72 290.5520 0.0000500000
73 294.6445 0.0001666667
74 298.7681 0.0000333333
75 302.8586 0.0000500000
76 306.9498 0.0000833333
77 311.0416 0.0000500000
78 315.1328 0.0000666667
79 319.2233 0.0000500000
80 323.3152 0.0000833333
81 327.4063 0.0001000000
82 331.4994 0.0000666667
83 335.6091 0.0001333333
84 339.6996 0.0000833333
85 343.7898 0.0000500000
86 347.8807 0.0000166667
87 351.9713 0.0000666667
88 356.0618 0.0000500000
89 360.1524 0.0000500000
90 364.2431 0.0000000000
91 368.3345 0.0000166667
92 372.4253 0.0000166667
93 376.5163 0.0000500000
94 380.6073 0.0000166667
95 384.6994 0.0000333333
96 388.7906 0.0000333333
97 392.8819 0.0000000000
98 396.9729 0.0000500000
99 401.0626 0.0000333333
100 405.1524 0.0000333333
101 409.2436 0.0000166667
102 413.3340 0.0000833333
103 417.4244 0.0000333333
104 421.5161 0.0000500000
105 425.6086 0.0000166667
106 429.7014 0.0000500000
107 433.7970 0.0000166667
108 437.8920 0.0000500000
109 441.9836 0.0000500000
110 446.0738 0.0000000000
111 450.1648 0.0000166667
112 454.2567 0.0000333333
113 458.3496 0.0000000000
114 462.4414 0.0000166667
115 466.5333 0.0000333333
116 470.6250 0.0000000000
117 474.7175 0.0000333333
118 478.8089 0.0000166667
119 482.9030 0.0000666667
120 486.9957 0.0000333333
121 491.0881 0.0000000000
122 495.1833 0.0000166667
123 499.2864 0.0000000000
124 503.3822 0.0000333333
125 507.4738 0.0000500000
126 511.5671 0.0000333333
127 515.6714 0.0000166667
128 519.7666 0.0000500000
129 523.8598 0.0000166667
130 527.9533 0.0000000000
131 532.0457 0.0000500000
132 536.1379 0.0000166667
133 540.2305 0.0000333333
134 544.3221 0.0000166667
135 548.4132 0.0000166667
136 552.5081 0.0000000000
137 556.6015 0.0000000000
138 560.6931 0.0000000000
139 564.7852 0.0000000000
140 568.8778 0.0000000000
141 572.9703 0.0000000000
142 577.0650 0.0000166667
143 581.1572 0.0000166667
144 585.2498 0.0000333333
145 589.3424 0.0000166667
146 593.4342 0.0000000000
147 597.5260 0.0000166667
148 601.6201 0.0000000000
149 605.7117 0.0000000000
150 609.8054 0.0000000000
151 613.8963 0.0000000000
152 617.9894 0.0000000000
153 622.0837 0.0000000000
154 626.1756 0.0000166667
155 630.2683 0.0000000000
156 634.3594 0.0000000000
157 638.4513 0.0000000000
158 642.5432 0.0000166667
159 646.6344 0.0000166667
160 650.7281 0.0000000000
161 654.8236 0.0000000000
162 658.9171 0.0000000000
163 663.0227 0.0000000000
164 667.1142 0.0000166667
165 671.2064 0.0000000000
166 675.2986 0.0000000000
167 679.3910 0.0000000000
168 683.4871 0.0000000000
169 687.5789 0.0000000000
170 691.6721 0.0000166667
171 695.7742 0.0000000000
172 699.8680 0.0000000000
173 703.9602 0.0000166667
174 708.0546 0.0000000000
175 712.1468 0.0000166667
176 716.2405 0.0000000000
177 720.3320 0.0000000000
178 724.4136 0.0000000000
179 728.4902 0.0000000000
180 732.5673 0.0000000000
181 736.6443 0.0000000000
182 740.7209 0.0000000000
183 744.7990 0.0000166667
184 748.8768 0.0000000000
185 752.9552 0.0000000000
186 757.0313 0.0000000000
187 761.1069 0.0000000000
188 765.1829 0.0000000000
189 769.2592 0.0000000000
190 773.3359 0.0000000000
191 777.4109 0.0000000000
192 781.4867 0.0000000000
193 785.5634 0.0000000000
194 789.6434 0.0000000000
195 793.7273 0.0000000000
196 797.8041 0.0000000000
197 801.8816 0.0000000000
198 805.9632 0.0000000000
199 810.0457 0.0000000000
200 814.1221 0.0000000000
