1 0.0000 4.5300000000
2 1.9261 3.4300000000
3 3.8409 2.8800000000
4 5.7575 2.5100000000
5 7.6753 2.3500000000
6 9.5925 2.2900000000
7 11.5082 2.2500000000
8 13.4255 2.2400000000
9 15.3428 2.2300000000
10 17.2599 2.2100000000
11 19.1764 2.1600000000
12 21.0904 2.1300000000
13 23.0043 2.1200000000
14 24.9184 2.0600000000
15 26.8340 2.0400000000
16 28.7500 1.9500000000
17 30.6646 1.9000000000
18 32.5803 1.8700000000
19 34.4992 1.8700000000
20 36.4206 1.8500000000
21 38.3438 1.8200000000
22 40.2619 1.8000000000
23 42.1780 1.7700000000
24 44.0932 1.7700000000
25 46.0079 1.7400000000
26 47.9241 1.7200000000
27 49.8378 1.7300000000
28 51.7525 1.7500000000
29 53.6672 1.6800000000
30 55.5842 1.6900000000
31 57.4981 1.6900000000
32 59.4166 1.7000000000
33 61.3359 1.7000000000
34 63.2527 1.7000000000
35 65.1677 1.6900000000
36 67.0849 1.6800000000
37 69.0002 1.6700000000
38 70.9162 1.6700000000
39 72.8314 1.6700000000
40 74.7482 1.6600000000
41 76.6640 1.6600000000
42 78.5788 1.6600000000
43 80.4938 1.6500000000
44 82.4129 1.6400000000
45 84.3355 1.6500000000
46 86.2535 1.6500000000
47 88.1701 1.6500000000
48 90.0868 1.6500000000
49 92.0024 1.6500000000
50 93.9186 1.6500000000
51 95.8338 1.6400000000
52 97.7489 1.6400000000
53 99.6673 1.6400000000
54 101.5862 1.6400000000
55 103.5028 1.6300000000
56 105.4230 1.6300000000
57 107.3448 1.6400000000
58 109.2615 1.6400000000
59 111.1779 1.6400000000
60 113.0939 1.6400000000
61 115.0077 1.6400000000
62 116.9238 1.6400000000
63 118.8385 1.6400000000
64 120.7559 1.6400000000
65 122.6707 1.6300000000
66 124.5872 1.6400000000
67 126.5021 1.6400000000
68 128.4217 1.6400000000
69 130.3385 1.6300000000
70 132.2559 1.6400000000
71 134.1708 1.6300000000
72 136.0869 1.6300000000
73 138.0025 1.6300000000
74 139.9199 1.6300000000
75 141.8352 1.6300000000
76 143.7508 1.6300000000
77 145.6650 1.6300000000
78 147.5805 1.6300000000
79 149.4952 1.6300000000
80 151.4125 1.6300000000
81 153.3349 1.6300000000
82 155.2525 1.6300000000
83 157.1685 1.6300000000
84 159.0859 1.6300000000
85 161.0006 1.6300000000
86 162.9164 1.6300000000
87 164.8308 1.6300000000
88 166.7482 1.6300000000
89 168.6632 1.6400000000
90 170.5775 1.6400000000
91 172.4942 1.6400000000
92 174.4102 1.6400000000
93 176.3249 1.6400000000
94 178.2417 1.6400000000
95 180.1576 1.6400000000
96 182.0729 1.6300000000
97 183.9886 1.6400000000
98 185.9055 1.6300000000
99 187.8205 1.6300000000
100 189.7349 1.6300000000
101 191.6496 1.6300000000
102 193.5636 1.6300000000
103 195.4801 1.6300000000
104 197.3996 1.6300000000
105 199.3163 1.6400000000
106 201.2322 1.6400000000
107 203.1488 1.6300000000
108 205.0653 1.6400000000
109 206.9803 1.6400000000
110 208.8948 1.6500000000
111 210.8112 1.6400000000
112 212.7262 1.6500000000
113 214.6395 1.6500000000
114 216.5566 1.6400000000
115 218.4715 1.6500000000
116 220.3896 1.6500000000
117 222.3076 1.6500000000
118 224.2258 1.6500000000
119 226.1431 1.6500000000
120 228.0611 1.6500000000
121 229.9775 1.6500000000
122 231.8935 1.6500000000
123 233.8087 1.6500000000
124 235.7249 1.6500000000
125 237.6409 1.6400000000
126 239.5574 1.6400000000
127 241.4711 1.6400000000
128 243.3879 1.6400000000
129 245.3027 1.6400000000
130 247.2176 1.6400000000
131 249.1317 1.6400000000
132 251.0466 1.6300000000
133 252.9612 1.6300000000
134 254.8769 1.6300000000
135 256.7915 1.6300000000
136 258.7072 1.6300000000
137 260.6253 1.6300000000
138 262.5443 1.6300000000
139 264.4603 1.6300000000
140 266.3772 1.6300000000
141 268.2922 1.6300000000
142 270.2080 1.6300000000
143 272.1227 1.6300000000
144 274.0396 1.6300000000
145 275.9540 1.6300000000
146 277.8700 1.6300000000
147 279.7853 1.6300000000
148 281.7085 1.6300000000
149 283.6236 1.6400000000
150 285.5388 1.6400000000
151 287.4540 1.6400000000
152 289.3722 1.6400000000
153 291.2923 1.6400000000
154 293.2110 1.6400000000
155 295.1264 1.6400000000
156 297.0428 1.6400000000
157 298.9582 1.6400000000
158 300.8756 1.6400000000
159 302.7902 1.6400000000
160 304.7057 1.6400000000
161 306.6237 1.6400000000
162 308.5419 1.6400000000
163 310.4585 1.6400000000
164 312.3749 1.6400000000
165 314.2898 1.6400000000
166 316.2061 1.6300000000
167 318.1211 1.6300000000
168 320.0391 1.6300000000
169 321.9538 1.6300000000
170 323.8706 1.6300000000
171 325.7860 1.6300000000
172 327.7018 1.6300000000
173 329.6167 1.6300000000
174 331.5349 1.6300000000
175 333.4502 1.6300000000
176 335.3888 1.6400000000
177 337.3122 1.6300000000
178 339.2302 1.6300000000
179 341.1479 1.6300000000
180 343.0645 1.6400000000
181 344.9812 1.6400000000
182 346.8975 1.6400000000
183 348.8141 1.6400000000
184 350.7315 1.6400000000
185 352.6484 1.6400000000
186 354.5638 1.6400000000
187 356.4801 1.6400000000
188 358.4006 1.6400000000
189 360.3202 1.6500000000
190 362.2375 1.6500000000
191 364.1535 1.6500000000
192 366.0705 1.6500000000
193 367.9886 1.6500000000
194 369.9068 1.6500000000
195 371.8236 1.6500000000
196 373.7402 1.6500000000
197 375.6561 1.6500000000
198 377.5738 1.6500000000
199 379.4899 1.6500000000
200 381.4095 1.6500000000
