1 0.0000 7.7500000000
2 1.9388 5.0600000000
3 3.8565 4.1100000000
4 5.7718 3.3600000000
5 7.6868 2.9900000000
6 9.6019 2.7100000000
7 11.5160 2.6600000000
8 13.4292 2.5800000000
9 15.3433 2.5100000000
10 17.2935 2.5100000000
11 19.2100 2.5000000000
12 21.1359 2.4500000000
13 23.0521 2.4000000000
14 24.9683 2.3900000000
15 26.8830 2.3600000000
16 28.7990 2.3200000000
17 30.7129 2.3100000000
18 32.6279 2.2600000000
19 34.5429 2.2000000000
20 36.4572 2.1600000000
21 38.3708 2.1500000000
22 40.2854 2.1300000000
23 42.1996 2.1000000000
24 44.1158 2.0800000000
25 46.0325 2.0100000000
26 47.9499 2.0000000000
27 49.8647 1.9800000000
28 51.7786 1.9500000000
29 53.6912 1.9600000000
30 55.6053 1.9500000000
31 57.5203 1.9600000000
32 59.4343 1.9500000000
33 61.3478 1.9600000000
34 63.2632 1.9600000000
35 65.1780 1.9400000000
36 67.0935 1.9300000000
37 69.0099 1.9300000000
38 70.9304 1.9500000000
39 72.8444 1.9300000000
40 74.7583 1.9300000000
41 76.6713 1.9200000000
42 78.5869 1.9100000000
43 80.5007 1.9200000000
44 82.4139 1.9000000000
45 84.3267 1.9000000000
46 86.2455 1.9000000000
47 88.1678 1.8900000000
48 90.0840 1.8800000000
49 92.0030 1.8600000000
50 93.9223 1.8700000000
51 95.8370 1.8600000000
52 97.7520 1.8500000000
53 99.6652 1.8500000000
54 101.5796 1.8500000000
55 103.4929 1.8400000000
56 105.4058 1.8400000000
57 107.3187 1.8500000000
58 109.2357 1.8500000000
59 111.1557 1.8600000000
60 113.0730 1.8500000000
61 114.9892 1.8500000000
62 116.9053 1.8400000000
63 118.8194 1.8300000000
64 120.7346 1.8200000000
65 122.6486 1.8200000000
66 124.5653 1.8200000000
67 126.4800 1.8200000000
68 128.3939 1.8200000000
69 130.3078 1.8200000000
70 132.2268 1.8200000000
71 134.1452 1.8100000000
72 136.0607 1.8000000000
73 137.9747 1.8000000000
74 139.8896 1.8000000000
75 141.8018 1.8000000000
76 143.7154 1.8000000000
77 145.6277 1.8000000000
78 147.5442 1.8000000000
79 149.4580 1.7800000000
80 151.3713 1.7900000000
81 153.2846 1.7900000000
82 155.2019 1.7900000000
83 157.1212 1.7900000000
84 159.0363 1.7900000000
85 160.9513 1.8000000000
86 162.8656 1.8100000000
87 164.7784 1.8100000000
88 166.6924 1.8100000000
89 168.6054 1.8100000000
90 170.5194 1.8100000000
91 172.4325 1.8100000000
92 174.3456 1.8100000000
93 176.2586 1.8200000000
94 178.1758 1.8200000000
95 180.0957 1.8300000000
96 182.0125 1.8300000000
97 183.9270 1.8300000000
98 185.8442 1.8300000000
99 187.7591 1.8300000000
100 189.6734 1.8300000000
101 191.5865 1.8300000000
102 193.5029 1.8300000000
103 195.4180 1.8300000000
104 197.3317 1.8300000000
105 199.2452 1.8300000000
106 201.1650 1.8300000000
107 203.0822 1.8300000000
108 204.9983 1.8300000000
109 206.9123 1.8300000000
110 208.8273 1.8300000000
111 210.7409 1.8300000000
112 212.6548 1.8300000000
113 214.5676 1.8300000000
114 216.4837 1.8300000000
115 218.3970 1.8300000000
116 220.3097 1.8300000000
117 222.2227 1.8300000000
118 224.1399 1.8300000000
119 226.0551 1.8300000000
120 227.9702 1.8300000000
121 229.8856 1.8300000000
122 231.8011 1.8300000000
123 233.7140 1.8300000000
124 235.6282 1.8300000000
125 237.5432 1.8300000000
126 239.4589 1.8300000000
127 241.3726 1.8300000000
128 243.2870 1.8300000000
129 245.2003 1.8300000000
130 247.1176 1.8300000000
131 249.0400 1.8300000000
132 250.9565 1.8300000000
133 252.8715 1.8300000000
134 254.7883 1.8300000000
135 256.7031 1.8300000000
136 258.6188 1.8300000000
137 260.5318 1.8300000000
138 262.4489 1.8300000000
139 264.3627 1.8300000000
140 266.2773 1.8300000000
141 268.1922 1.8300000000
142 270.1110 1.8300000000
143 272.0283 1.8300000000
144 273.9437 1.8300000000
145 275.8585 1.8300000000
146 277.7730 1.8200000000
147 279.6852 1.8100000000
148 281.5986 1.8100000000
149 283.5134 1.8000000000
150 285.4290 1.8000000000
151 287.3419 1.8000000000
152 289.2563 1.8000000000
153 291.1702 1.8000000000
154 293.0883 1.7900000000
155 295.0077 1.7900000000
156 296.9243 1.7900000000
157 298.8395 1.7900000000
158 300.7546 1.7900000000
159 302.6682 1.7900000000
160 304.5815 1.7900000000
161 306.4951 1.7900000000
162 308.4206 1.7900000000
163 310.3335 1.7900000000
164 312.2470 1.7900000000
165 314.1609 1.7900000000
166 316.0804 1.7900000000
167 318.0041 1.7900000000
168 319.9209 1.7900000000
169 321.8365 1.7900000000
170 323.7539 1.7900000000
171 325.6680 1.7900000000
172 327.5838 1.7900000000
173 329.4967 1.7900000000
174 331.4129 1.7900000000
175 333.3272 1.7900000000
176 335.2404 1.7900000000
177 337.1526 1.7900000000
178 339.0712 1.7900000000
179 340.9893 1.7900000000
180 342.9228 1.7900000000
181 344.8376 1.7900000000
182 346.7532 1.7900000000
183 348.6665 1.7900000000
184 350.5813 1.7900000000
185 352.4960 1.7900000000
186 354.4122 1.7900000000
187 356.3258 1.7900000000
188 358.2416 1.7900000000
189 360.1560 1.7900000000
190 362.0734 1.7900000000
191 363.9983 1.7900000000
192 365.9146 1.7900000000
193 367.8309 1.7900000000
194 369.7466 1.7900000000
195 371.6612 1.7900000000
196 373.5766 1.7900000000
197 375.4913 1.7900000000
198 377.4210 1.7900000000
199 379.3517 1.7900000000
200 381.2664 1.7900000000
