1 0.0000 4.8000000000
2 1.9533 3.5800000000
3 3.8871 2.9700000000
4 5.8206 2.6900000000
5 7.7563 2.5400000000
6 9.6930 2.3800000000
7 11.6261 2.2400000000
8 13.5607 2.2000000000
9 15.4938 2.1200000000
10 17.4270 2.0700000000
11 19.3589 2.0700000000
12 21.2928 2.0700000000
13 23.2253 1.9700000000
14 25.1597 1.9400000000
15 27.0915 1.9500000000
16 29.0242 1.9600000000
17 30.9573 1.9400000000
18 32.8902 1.9400000000
19 34.8229 1.9400000000
20 36.7550 1.8900000000
21 38.6882 1.8800000000
22 40.6205 1.8300000000
23 42.5524 1.8500000000
24 44.4847 1.8500000000
25 46.4159 1.8300000000
26 48.3489 1.8100000000
27 50.2816 1.7900000000
28 52.2139 1.7900000000
29 54.1456 1.7800000000
30 56.0769 1.7600000000
31 58.0097 1.7400000000
32 59.9432 1.7500000000
33 61.8729 1.7500000000
34 63.8047 1.7500000000
35 65.7395 1.7400000000
36 67.6797 1.7300000000
37 69.6171 1.7200000000
38 71.5513 1.7300000000
39 73.4923 1.7400000000
40 75.4295 1.7200000000
41 77.3683 1.7100000000
42 79.3075 1.7400000000
43 81.2429 1.7100000000
44 83.1828 1.7100000000
45 85.1179 1.7300000000
46 87.0528 1.7100000000
47 88.9875 1.7100000000
48 90.9276 1.7200000000
49 92.8641 1.7000000000
50 94.8023 1.7000000000
51 96.7402 1.7100000000
52 98.6743 1.7100000000
53 100.6084 1.7100000000
54 102.5419 1.7300000000
55 104.4743 1.7000000000
56 106.4074 1.7200000000
57 108.3385 1.7200000000
58 110.2708 1.7200000000
59 112.2043 1.7100000000
60 114.1383 1.7000000000
61 116.0724 1.7200000000
62 118.0064 1.7000000000
63 119.9393 1.7000000000
64 121.8724 1.7000000000
65 123.8043 1.7100000000
66 125.7366 1.6900000000
67 127.6672 1.6900000000
68 129.5997 1.7000000000
69 131.5310 1.6900000000
70 133.4628 1.7000000000
71 135.3947 1.6700000000
72 137.3266 1.6700000000
73 139.2643 1.7000000000
74 141.1969 1.6800000000
75 143.1304 1.6800000000
76 145.0653 1.7000000000
77 146.9957 1.6700000000
78 148.9284 1.6600000000
79 150.8610 1.6900000000
80 152.7964 1.6600000000
81 154.7325 1.6600000000
82 156.6660 1.6800000000
83 158.6027 1.6600000000
84 160.5397 1.6500000000
85 162.4758 1.6600000000
86 164.4129 1.6400000000
87 166.3495 1.6700000000
88 168.2829 1.6800000000
89 170.2223 1.6800000000
90 172.1594 1.6500000000
91 174.0943 1.6700000000
92 176.0318 1.6800000000
93 177.9661 1.6600000000
94 179.9030 1.6500000000
95 181.8423 1.6600000000
96 183.7816 1.6700000000
97 185.7185 1.6600000000
98 187.6548 1.6700000000
99 189.5895 1.6700000000
100 191.5268 1.6700000000
101 193.4625 1.6700000000
102 195.3974 1.6300000000
103 197.3309 1.6800000000
104 199.2666 1.6600000000
105 201.1978 1.6500000000
106 203.1298 1.6500000000
107 205.0641 1.6700000000
108 206.9976 1.6500000000
109 208.9291 1.6400000000
110 210.8628 1.6500000000
111 212.7949 1.6400000000
112 214.7283 1.6500000000
113 216.6610 1.6500000000
114 218.5936 1.6500000000
115 220.5244 1.6600000000
116 222.4569 1.6600000000
117 224.3875 1.6500000000
118 226.3203 1.6600000000
119 228.2539 1.6500000000
120 230.1918 1.6600000000
121 232.1260 1.6700000000
122 234.0624 1.6500000000
123 235.9972 1.6600000000
124 237.9297 1.6500000000
125 239.8609 1.6500000000
126 241.7925 1.6500000000
127 243.7242 1.6300000000
128 245.6560 1.6700000000
129 247.5871 1.6700000000
130 249.5206 1.6400000000
131 251.4526 1.6500000000
132 253.3856 1.6500000000
133 255.3168 1.6800000000
134 257.2493 1.6500000000
135 259.1790 1.6600000000
136 261.1112 1.6700000000
137 263.0428 1.6600000000
138 264.9761 1.6500000000
139 266.9079 1.6400000000
140 268.8394 1.6600000000
141 270.7717 1.6600000000
142 272.7033 1.6500000000
143 274.6345 1.6500000000
144 276.5665 1.6700000000
145 278.4990 1.6500000000
146 280.4320 1.6700000000
147 282.3657 1.6600000000
148 284.3045 1.6700000000
149 286.2396 1.6600000000
150 288.1750 1.6700000000
151 290.1096 1.6700000000
152 292.0429 1.6800000000
153 293.9789 1.6800000000
154 295.9141 1.6800000000
155 297.8512 1.6800000000
156 299.7855 1.6900000000
157 301.7201 1.6900000000
158 303.6616 1.6700000000
159 305.5983 1.6800000000
160 307.5356 1.6900000000
161 309.4766 1.6600000000
162 311.4113 1.7100000000
163 313.3472 1.6700000000
164 315.2821 1.6800000000
165 317.2150 1.6500000000
166 319.1482 1.6800000000
167 321.0808 1.6800000000
168 323.0143 1.6800000000
169 324.9461 1.6700000000
170 326.8783 1.6900000000
171 328.8119 1.6800000000
172 330.7468 1.6800000000
173 332.6776 1.6800000000
174 334.6094 1.6700000000
175 336.5421 1.6900000000
176 338.4753 1.6900000000
177 340.4141 1.6800000000
178 342.3513 1.7000000000
179 344.2866 1.7000000000
180 346.2244 1.7000000000
181 348.1584 1.6700000000
182 350.0981 1.7000000000
183 352.0337 1.6900000000
184 353.9683 1.6800000000
185 355.9069 1.6900000000
186 357.8435 1.6900000000
187 359.7767 1.6900000000
188 361.7089 1.6900000000
189 363.6421 1.6800000000
190 365.5769 1.6900000000
191 367.5087 1.6800000000
192 369.4409 1.6900000000
193 371.3742 1.6800000000
194 373.3086 1.6700000000
195 375.2418 1.6900000000
196 377.1739 1.6700000000
197 379.1070 1.6900000000
198 381.0399 1.6900000000
199 382.9735 1.6600000000
200 384.9074 1.6600000000
