1 0.0000 0.0711666667
2 1.9533 0.0321166667
3 3.8871 0.0223000000
4 5.8206 0.0160833333
5 7.7563 0.0121833333
6 9.6930 0.0094833333
7 11.6261 0.0070166667
8 13.5607 0.0049666667
9 15.4938 0.0036333333
10 17.4270 0.0027833333
11 19.3589 0.0021500000
12 21.2928 0.0015333333
13 23.2253 0.0012333333
14 25.1597 0.0010166667
15 27.0915 0.0009166667
16 29.0242 0.0007500000
17 30.9573 0.0005833333
18 32.8902 0.0005333333
19 34.8229 0.0004000000
20 36.7550 0.0003666667
21 38.6882 0.0003166667
22 40.6205 0.0002666667
23 42.5524 0.0002166667
24 44.4847 0.0002000000
25 46.4159 0.0001666667
26 48.3489 0.0001166667
27 50.2816 0.0001000000
28 52.2139 0.0001000000
29 54.1456 0.0001000000
30 56.0769 0.0001000000
31 58.0097 0.0001000000
32 59.9432 0.0001000000
33 61.8729 0.0001000000
34 63.8047 0.0000833333
35 65.7395 0.0000833333
36 67.6797 0.0000833333
37 69.6171 0.0000666667
38 71.5513 0.0000500000
39 73.4923 0.0000333333
40 75.4295 0.0000500000
41 77.3683 0.0000500000
42 79.3075 0.0000333333
43 81.2429 0.0000333333
44 83.1828 0.0000166667
45 85.1179 0.0000166667
46 87.0528 0.0000166667
47 88.9875 0.0000166667
48 90.9276 0.0000166667
49 92.8641 0.0000166667
50 94.8023 0.0000166667
51 96.7402 0.0000166667
52 98.6743 0.0000166667
53 100.6084 0.0000166667
54 102.5419 0.0000166667
55 104.4743 0.0000166667
56 106.4074 0.0000166667
57 108.3385 0.0000166667
58 110.2708 0.0000166667
59 112.2043 0.0000166667
60 114.1383 0.0000166667
61 116.0724 0.0000166667
62 118.0064 0.0000166667
63 119.9393 0.0000166667
64 121.8724 0.0000166667
65 123.8043 0.0000166667
66 125.7366 0.0000166667
67 127.6672 0.0000166667
68 129.5997 0.0000166667
69 131.5310 0.0000166667
70 133.4628 0.0000166667
71 135.3947 0.0000166667
72 137.3266 0.0000166667
73 139.2643 0.0000166667
74 141.1969 0.0000166667
75 143.1304 0.0000166667
76 145.0653 0.0000166667
77 146.9957 0.0000166667
78 148.9284 0.0000166667
79 150.8610 0.0000166667
80 152.7964 0.0000166667
81 154.7325 0.0000166667
82 156.6660 0.0000166667
83 158.6027 0.0000166667
84 160.5397 0.0000166667
85 162.4758 0.0000166667
86 164.4129 0.0000166667
87 166.3495 0.0000166667
88 168.2829 0.0000166667
89 170.2223 0.0000166667
90 172.1594 0.0000166667
91 174.0943 0.0000166667
92 176.0318 0.0000166667
93 177.9661 0.0000166667
94 179.9030 0.0000166667
95 181.8423 0.0000166667
96 183.7816 0.0000166667
97 185.7185 0.0000166667
98 187.6548 0.0000166667
99 189.5895 0.0000166667
100 191.5268 0.0000166667
101 193.4625 0.0000166667
102 195.3974 0.0000166667
103 197.3309 0.0000166667
104 199.2666 0.0000166667
105 201.1978 0.0000166667
106 203.1298 0.0000166667
107 205.0641 0.0000166667
108 206.9976 0.0000166667
109 208.9291 0.0000166667
110 210.8628 0.0000166667
111 212.7949 0.0000166667
112 214.7283 0.0000166667
113 216.6610 0.0000166667
114 218.5936 0.0000166667
115 220.5244 0.0000166667
116 222.4569 0.0000166667
117 224.3875 0.0000166667
118 226.3203 0.0000166667
119 228.2539 0.0000166667
120 230.1918 0.0000166667
121 232.1260 0.0000166667
122 234.0624 0.0000166667
123 235.9972 0.0000166667
124 237.9297 0.0000166667
125 239.8609 0.0000166667
126 241.7925 0.0000166667
127 243.7242 0.0000166667
128 245.6560 0.0000166667
129 247.5871 0.0000166667
130 249.5206 0.0000166667
131 251.4526 0.0000166667
132 253.3856 0.0000166667
133 255.3168 0.0000166667
134 257.2493 0.0000166667
135 259.1790 0.0000166667
136 261.1112 0.0000166667
137 263.0428 0.0000166667
138 264.9761 0.0000166667
139 266.9079 0.0000166667
140 268.8394 0.0000166667
141 270.7717 0.0000166667
142 272.7033 0.0000166667
143 274.6345 0.0000166667
144 276.5665 0.0000166667
145 278.4990 0.0000166667
146 280.4320 0.0000166667
147 282.3657 0.0000166667
148 284.3045 0.0000166667
149 286.2396 0.0000166667
150 288.1750 0.0000166667
151 290.1096 0.0000166667
152 292.0429 0.0000166667
153 293.9789 0.0000166667
154 295.9141 0.0000166667
155 297.8512 0.0000166667
156 299.7855 0.0000166667
157 301.7201 0.0000166667
158 303.6616 0.0000166667
159 305.5983 0.0000166667
160 307.5356 0.0000166667
161 309.4766 0.0000166667
162 311.4113 0.0000166667
163 313.3472 0.0000166667
164 315.2821 0.0000166667
165 317.2150 0.0000166667
166 319.1482 0.0000166667
167 321.0808 0.0000166667
168 323.0143 0.0000166667
169 324.9461 0.0000166667
170 326.8783 0.0000166667
171 328.8119 0.0000166667
172 330.7468 0.0000166667
173 332.6776 0.0000166667
174 334.6094 0.0000166667
175 336.5421 0.0000166667
176 338.4753 0.0000166667
177 340.4141 0.0000166667
178 342.3513 0.0000166667
179 344.2866 0.0000166667
180 346.2244 0.0000166667
181 348.1584 0.0000166667
182 350.0981 0.0000166667
183 352.0337 0.0000166667
184 353.9683 0.0000166667
185 355.9069 0.0000166667
186 357.8435 0.0000166667
187 359.7767 0.0000166667
188 361.7089 0.0000166667
189 363.6421 0.0000166667
190 365.5769 0.0000166667
191 367.5087 0.0000166667
192 369.4409 0.0000166667
193 371.3742 0.0000166667
194 373.3086 0.0000166667
195 375.2418 0.0000166667
196 377.1739 0.0000166667
197 379.1070 0.0000166667
198 381.0399 0.0000166667
199 382.9735 0.0000166667
200 384.9074 0.0000166667
