1 0.0000 8.8800000000
2 1.9196 7.5800000000
3 3.8341 6.7700000000
4 5.7495 5.9000000000
5 7.6650 5.2000000000
6 9.5802 4.6400000000
7 11.4953 4.2700000000
8 13.4097 3.9600000000
9 15.3236 3.8400000000
10 17.2372 3.6100000000
11 19.1534 3.4300000000
12 21.0678 3.3300000000
13 22.9822 3.2200000000
14 24.8999 3.0900000000
15 26.8158 2.9400000000
16 28.7424 2.8700000000
17 30.6576 2.8000000000
18 32.5707 2.7700000000
19 34.4845 2.7200000000
20 36.4006 2.6400000000
21 38.3141 2.5900000000
22 40.2291 2.5700000000
23 42.1425 2.5300000000
24 44.0561 2.4800000000
25 45.9692 2.4400000000
26 47.8850 2.4000000000
27 49.8035 2.4000000000
28 51.7175 2.3700000000
29 53.6313 2.3600000000
30 55.5468 2.3300000000
31 57.4601 2.3100000000
32 59.3728 2.2900000000
33 61.2860 2.2700000000
34 63.2044 2.2400000000
35 65.1309 2.2500000000
36 67.0445 2.2600000000
37 68.9571 2.2500000000
38 70.8736 2.2700000000
39 72.7951 2.2600000000
40 74.7118 2.2600000000
41 76.6261 2.2300000000
42 78.5418 2.2400000000
43 80.4575 2.2600000000
44 82.3718 2.2600000000
45 84.2871 2.2500000000
46 86.2015 2.2400000000
47 88.1153 2.2400000000
48 90.0290 2.2300000000
49 91.9425 2.2200000000
50 93.8579 2.2100000000
51 95.7721 2.1900000000
52 97.6868 2.1800000000
53 99.6010 2.1500000000
54 101.5149 2.1500000000
55 103.4291 2.1400000000
56 105.3429 2.1500000000
57 107.2552 2.1100000000
58 109.1690 2.0700000000
59 111.0828 2.0600000000
60 112.9969 2.0600000000
61 114.9110 2.0600000000
62 116.8260 2.0500000000
63 118.7407 2.0600000000
64 120.6541 2.0500000000
65 122.5679 2.0600000000
66 124.4830 2.0600000000
67 126.3969 2.0300000000
68 128.3110 2.0300000000
69 130.2245 2.0100000000
70 132.1394 2.0100000000
71 134.0548 2.0000000000
72 135.9685 1.9900000000
73 137.8815 1.9900000000
74 139.7950 1.9800000000
75 141.7080 1.9800000000
76 143.6224 1.9600000000
77 145.5362 1.9500000000
78 147.4494 1.9300000000
79 149.3635 1.9200000000
80 151.2783 1.9200000000
81 153.1927 1.9200000000
82 155.1074 1.9100000000
83 157.0227 1.9000000000
84 158.9365 1.9000000000
85 160.8504 1.8900000000
86 162.7652 1.8900000000
87 164.6791 1.8800000000
88 166.5937 1.8800000000
89 168.5082 1.8800000000
90 170.4248 1.8600000000
91 172.3389 1.8600000000
92 174.2533 1.8600000000
93 176.1679 1.8600000000
94 178.0813 1.8700000000
95 179.9951 1.8700000000
96 181.9085 1.8700000000
97 183.8210 1.8600000000
98 185.7355 1.8600000000
99 187.6498 1.8600000000
100 189.5648 1.8600000000
101 191.4794 1.8600000000
102 193.3929 1.8600000000
103 195.3079 1.8600000000
104 197.2215 1.8600000000
105 199.1357 1.8600000000
106 201.0497 1.8500000000
107 202.9642 1.8300000000
108 204.8773 1.8400000000
109 206.7908 1.8400000000
110 208.7038 1.8400000000
111 210.6156 1.8400000000
112 212.5305 1.8400000000
113 214.4448 1.8400000000
114 216.3597 1.8400000000
115 218.2734 1.8500000000
116 220.1884 1.8600000000
117 222.1028 1.8500000000
118 224.0171 1.8500000000
119 225.9301 1.8500000000
120 227.8437 1.8400000000
121 229.7568 1.8400000000
122 231.6719 1.8400000000
123 233.5861 1.8400000000
124 235.5006 1.8400000000
125 237.4149 1.8400000000
126 239.3274 1.8400000000
127 241.2421 1.8300000000
128 243.1568 1.8200000000
129 245.0692 1.8200000000
130 246.9826 1.8200000000
131 248.9014 1.8100000000
132 250.8158 1.8100000000
133 252.7288 1.8100000000
134 254.6424 1.8100000000
135 256.5567 1.8100000000
136 258.4722 1.8100000000
137 260.3862 1.8100000000
138 262.3002 1.8100000000
139 264.2148 1.8100000000
140 266.1284 1.8100000000
141 268.0427 1.8100000000
142 269.9561 1.8100000000
143 271.8694 1.8100000000
144 273.7828 1.8100000000
145 275.6973 1.8100000000
146 277.6122 1.8100000000
147 279.5264 1.8100000000
148 281.4403 1.8200000000
149 283.3533 1.8200000000
150 285.2672 1.8200000000
151 287.1810 1.8200000000
152 289.0961 1.8200000000
153 291.0099 1.8200000000
154 292.9240 1.8200000000
155 294.8390 1.8200000000
156 296.7530 1.8200000000
157 298.6658 1.8200000000
158 300.5787 1.8200000000
159 302.4939 1.8200000000
160 304.4070 1.8100000000
161 306.3195 1.8100000000
162 308.2339 1.8100000000
163 310.1469 1.8100000000
164 312.0607 1.8100000000
165 313.9733 1.8100000000
166 315.8877 1.8000000000
167 317.8012 1.8000000000
168 319.7157 1.8000000000
169 321.6295 1.8000000000
170 323.5469 1.8000000000
171 325.4607 1.8000000000
172 327.3745 1.8000000000
173 329.2873 1.8000000000
174 331.1999 1.8000000000
175 333.1137 1.8000000000
176 335.0276 1.8000000000
177 336.9418 1.8000000000
178 338.8557 1.8000000000
179 340.7695 1.8000000000
180 342.6844 1.8000000000
181 344.5972 1.8100000000
182 346.5105 1.8100000000
183 348.4251 1.8100000000
184 350.3384 1.8100000000
185 352.2530 1.8100000000
186 354.1665 1.8100000000
187 356.0801 1.8100000000
188 357.9940 1.8100000000
189 359.9064 1.8100000000
190 361.8213 1.8100000000
191 363.7351 1.8100000000
192 365.6493 1.8100000000
193 367.5620 1.8100000000
194 369.4757 1.8100000000
195 371.3905 1.8100000000
196 373.3045 1.8100000000
197 375.2179 1.8100000000
198 377.1309 1.8100000000
199 379.0454 1.8000000000
200 380.9592 1.8000000000
