1 0.0000 0.1261166667
2 1.9196 0.0800333333
3 3.8341 0.0671833333
4 5.7495 0.0573333333
5 7.6650 0.0497666667
6 9.5802 0.0430000000
7 11.4953 0.0383500000
8 13.4097 0.0338666667
9 15.3236 0.0303500000
10 17.2372 0.0275666667
11 19.1534 0.0256000000
12 21.0678 0.0235666667
13 22.9822 0.0215666667
14 24.8999 0.0197666667
15 26.8158 0.0181833333
16 28.7424 0.0168333333
17 30.6576 0.0158500000
18 32.5707 0.0146666667
19 34.4845 0.0135166667
20 36.4006 0.0125166667
21 38.3141 0.0113833333
22 40.2291 0.0107333333
23 42.1425 0.0099833333
24 44.0561 0.0091500000
25 45.9692 0.0085666667
26 47.8850 0.0080500000
27 49.8035 0.0075000000
28 51.7175 0.0068500000
29 53.6313 0.0062500000
30 55.5468 0.0057500000
31 57.4601 0.0053666667
32 59.3728 0.0048666667
33 61.2860 0.0044666667
34 63.2044 0.0040333333
35 65.1309 0.0036500000
36 67.0445 0.0033333333
37 68.9571 0.0029000000
38 70.8736 0.0026500000
39 72.7951 0.0024666667
40 74.7118 0.0023166667
41 76.6261 0.0021333333
42 78.5418 0.0018666667
43 80.4575 0.0016666667
44 82.3718 0.0015166667
45 84.2871 0.0012833333
46 86.2015 0.0011666667
47 88.1153 0.0011000000
48 90.0290 0.0010333333
49 91.9425 0.0009833333
50 93.8579 0.0009166667
51 95.7721 0.0008500000
52 97.6868 0.0008166667
53 99.6010 0.0007333333
54 101.5149 0.0006000000
55 103.4291 0.0005333333
56 105.3429 0.0004833333
57 107.2552 0.0004166667
58 109.1690 0.0003833333
59 111.0828 0.0003666667
60 112.9969 0.0003166667
61 114.9110 0.0003166667
62 116.8260 0.0003166667
63 118.7407 0.0003166667
64 120.6541 0.0003000000
65 122.5679 0.0003000000
66 124.4830 0.0003000000
67 126.3969 0.0002666667
68 128.3110 0.0002333333
69 130.2245 0.0002000000
70 132.1394 0.0002000000
71 134.0548 0.0001833333
72 135.9685 0.0001833333
73 137.8815 0.0001666667
74 139.7950 0.0001500000
75 141.7080 0.0001500000
76 143.6224 0.0001500000
77 145.5362 0.0001500000
78 147.4494 0.0001333333
79 149.3635 0.0001000000
80 151.2783 0.0000833333
81 153.1927 0.0000666667
82 155.1074 0.0000666667
83 157.0227 0.0000500000
84 158.9365 0.0000500000
85 160.8504 0.0000500000
86 162.7652 0.0000500000
87 164.6791 0.0000500000
88 166.5937 0.0000333333
89 168.5082 0.0000333333
90 170.4248 0.0000166667
91 172.3389 0.0000166667
92 174.2533 0.0000166667
93 176.1679 0.0000166667
94 178.0813 0.0000166667
95 179.9951 0.0000166667
96 181.9085 0.0000166667
97 183.8210 0.0000166667
98 185.7355 0.0000166667
99 187.6498 0.0000166667
100 189.5648 0.0000166667
101 191.4794 0.0000166667
102 193.3929 0.0000166667
103 195.3079 0.0000166667
104 197.2215 0.0000166667
105 199.1357 0.0000166667
106 201.0497 0.0000166667
107 202.9642 0.0000166667
108 204.8773 0.0000166667
109 206.7908 0.0000166667
110 208.7038 0.0000166667
111 210.6156 0.0000166667
112 212.5305 0.0000166667
113 214.4448 0.0000166667
114 216.3597 0.0000166667
115 218.2734 0.0000166667
116 220.1884 0.0000166667
117 222.1028 0.0000166667
118 224.0171 0.0000166667
119 225.9301 0.0000166667
120 227.8437 0.0000166667
121 229.7568 0.0000166667
122 231.6719 0.0000166667
123 233.5861 0.0000166667
124 235.5006 0.0000166667
125 237.4149 0.0000166667
126 239.3274 0.0000166667
127 241.2421 0.0000000000
128 243.1568 0.0000000000
129 245.0692 0.0000000000
130 246.9826 0.0000000000
131 248.9014 0.0000000000
132 250.8158 0.0000000000
133 252.7288 0.0000000000
134 254.6424 0.0000000000
135 256.5567 0.0000000000
136 258.4722 0.0000000000
137 260.3862 0.0000000000
138 262.3002 0.0000000000
139 264.2148 0.0000000000
140 266.1284 0.0000000000
141 268.0427 0.0000000000
142 269.9561 0.0000000000
143 271.8694 0.0000000000
144 273.7828 0.0000000000
145 275.6973 0.0000000000
146 277.6122 0.0000000000
147 279.5264 0.0000000000
148 281.4403 0.0000000000
149 283.3533 0.0000000000
150 285.2672 0.0000000000
151 287.1810 0.0000000000
152 289.0961 0.0000000000
153 291.0099 0.0000000000
154 292.9240 0.0000000000
155 294.8390 0.0000000000
156 296.7530 0.0000000000
157 298.6658 0.0000000000
158 300.5787 0.0000000000
159 302.4939 0.0000000000
160 304.4070 0.0000000000
161 306.3195 0.0000000000
162 308.2339 0.0000000000
163 310.1469 0.0000000000
164 312.0607 0.0000000000
165 313.9733 0.0000000000
166 315.8877 0.0000000000
167 317.8012 0.0000000000
168 319.7157 0.0000000000
169 321.6295 0.0000000000
170 323.5469 0.0000000000
171 325.4607 0.0000000000
172 327.3745 0.0000000000
173 329.2873 0.0000000000
174 331.1999 0.0000000000
175 333.1137 0.0000000000
176 335.0276 0.0000000000
177 336.9418 0.0000000000
178 338.8557 0.0000000000
179 340.7695 0.0000000000
180 342.6844 0.0000000000
181 344.5972 0.0000000000
182 346.5105 0.0000000000
183 348.4251 0.0000000000
184 350.3384 0.0000000000
185 352.2530 0.0000000000
186 354.1665 0.0000000000
187 356.0801 0.0000000000
188 357.9940 0.0000000000
189 359.9064 0.0000000000
190 361.8213 0.0000000000
191 363.7351 0.0000000000
192 365.6493 0.0000000000
193 367.5620 0.0000000000
194 369.4757 0.0000000000
195 371.3905 0.0000000000
196 373.3045 0.0000000000
197 375.2179 0.0000000000
198 377.1309 0.0000000000
199 379.0454 0.0000000000
200 380.9592 0.0000000000
