1 0.0000 4.6100000000
2 1.9498 3.4000000000
3 3.8840 2.8200000000
4 5.8181 2.5700000000
5 7.7538 2.4300000000
6 9.6931 2.3500000000
7 11.6315 2.2800000000
8 13.5663 2.2200000000
9 15.5003 2.2100000000
10 17.4353 2.2000000000
11 19.3691 2.1600000000
12 21.3034 2.1500000000
13 23.2367 2.1500000000
14 25.1717 2.1100000000
15 27.1048 2.1100000000
16 29.0403 2.1000000000
17 30.9738 2.0900000000
18 32.9104 2.0900000000
19 34.8535 2.0700000000
20 36.7904 2.0700000000
21 38.7355 2.0500000000
22 40.6729 2.0500000000
23 42.6055 2.0500000000
24 44.5441 2.0400000000
25 46.4814 2.0300000000
26 48.4202 2.0100000000
27 50.3579 2.0300000000
28 52.2955 2.0000000000
29 54.2332 2.0300000000
30 56.1706 2.0100000000
31 58.1060 2.0800000000
32 60.0419 1.9900000000
33 61.9776 2.0600000000
34 63.9152 2.0700000000
35 65.8522 2.0400000000
36 67.7896 2.0700000000
37 69.7263 2.0800000000
38 71.6621 2.0400000000
39 73.5979 2.0600000000
40 75.5354 2.0300000000
41 77.4723 2.0700000000
42 79.4093 2.0400000000
43 81.3463 2.0300000000
44 83.2825 2.0400000000
45 85.2186 2.0400000000
46 87.1589 2.0400000000
47 89.0952 2.0100000000
48 91.0303 2.0100000000
49 92.9660 1.9800000000
50 94.9031 2.0500000000
51 96.8380 1.9800000000
52 98.7786 1.9800000000
53 100.7173 1.9800000000
54 102.6539 1.9800000000
55 104.5887 1.9800000000
56 106.5231 1.9800000000
57 108.4574 1.9900000000
58 110.3945 1.9600000000
59 112.3301 1.9700000000
60 114.2634 1.9700000000
61 116.1976 1.9600000000
62 118.1310 1.9500000000
63 120.0656 1.9800000000
64 121.9993 1.9800000000
65 123.9337 1.9600000000
66 125.8686 1.9600000000
67 127.8022 1.9300000000
68 129.7364 1.9700000000
69 131.6694 1.9500000000
70 133.6046 1.9500000000
71 135.5402 1.9500000000
72 137.4742 1.9500000000
73 139.4079 1.9600000000
74 141.3423 1.9600000000
75 143.2769 1.9500000000
76 145.2106 1.9500000000
77 147.1446 1.9500000000
78 149.0793 1.9300000000
79 151.0191 1.9400000000
80 152.9585 1.9200000000
81 154.8988 1.9400000000
82 156.8386 1.9300000000
83 158.7817 1.9300000000
84 160.7242 1.9500000000
85 162.6641 1.9300000000
86 164.6044 1.9300000000
87 166.5439 1.9000000000
88 168.4854 1.9500000000
89 170.4257 1.9100000000
90 172.3695 1.9500000000
91 174.3066 1.9300000000
92 176.2482 1.9400000000
93 178.1875 1.9100000000
94 180.1287 1.9400000000
95 182.0699 1.9300000000
96 184.0113 1.9300000000
97 185.9516 1.9400000000
98 187.8901 1.9300000000
99 189.8288 1.9200000000
100 191.7686 1.9400000000
101 193.7056 1.9400000000
102 195.6425 1.9400000000
103 197.5800 1.9100000000
104 199.5160 1.9300000000
105 201.4532 1.9700000000
106 203.3898 1.9100000000
107 205.3262 1.9500000000
108 207.2630 1.9300000000
109 209.2002 1.9200000000
110 211.1371 1.9600000000
111 213.0730 1.9400000000
112 215.0099 1.9300000000
113 216.9475 1.9400000000
114 218.8837 1.9400000000
115 220.8211 1.9400000000
116 222.7646 1.9400000000
117 224.7005 1.9500000000
118 226.6386 1.9200000000
119 228.5762 1.9300000000
120 230.5194 1.9300000000
121 232.4599 1.9400000000
122 234.4018 1.9300000000
123 236.3418 1.9300000000
124 238.2817 1.9200000000
125 240.2228 1.9400000000
126 242.1610 1.9400000000
127 244.1051 1.9300000000
128 246.0449 1.9100000000
129 247.9865 1.9200000000
130 249.9376 1.9300000000
131 251.8816 1.9300000000
132 253.8224 1.9400000000
133 255.7620 1.9300000000
134 257.7060 1.9300000000
135 259.6455 1.9200000000
136 261.5870 1.9300000000
137 263.5286 1.9200000000
138 265.4688 1.9100000000
139 267.4083 1.9400000000
140 269.3479 1.9300000000
141 271.2848 1.9000000000
142 273.2254 1.9400000000
143 275.1648 1.9500000000
144 277.1025 1.9400000000
145 279.0451 1.9100000000
146 280.9865 1.9200000000
147 282.9247 1.9100000000
148 284.8649 1.9200000000
149 286.8050 1.9400000000
150 288.7476 1.9200000000
151 290.6932 1.9100000000
152 292.6351 1.9200000000
153 294.5754 1.9200000000
154 296.5152 1.9300000000
155 298.4544 1.9300000000
156 300.3945 1.9500000000
157 302.3316 1.9300000000
158 304.2727 1.9300000000
159 306.2092 1.9200000000
160 308.1478 1.9400000000
161 310.0869 1.9400000000
162 312.0233 1.9400000000
163 313.9651 1.9400000000
164 315.9047 1.9300000000
165 317.8410 1.9000000000
166 319.7810 1.9200000000
167 321.7186 1.9300000000
168 323.6571 1.9300000000
169 325.5940 1.9400000000
170 327.5328 1.9300000000
171 329.4713 1.9200000000
172 331.4071 1.9500000000
173 333.3456 1.9100000000
174 335.2852 1.9200000000
175 337.2216 1.9100000000
176 339.1604 1.9400000000
177 341.0969 1.9400000000
178 343.0321 1.9300000000
179 344.9689 1.9100000000
180 346.9089 1.9300000000
181 348.8346 1.9000000000
182 350.7579 1.9000000000
183 352.6836 1.9400000000
184 354.6063 1.9400000000
185 356.5268 1.9500000000
186 358.4518 1.9000000000
187 360.3745 1.9300000000
188 362.2988 1.9300000000
189 364.2236 1.9500000000
190 366.1459 1.9200000000
191 368.0699 1.9100000000
192 369.9908 1.9100000000
193 371.9118 1.9000000000
194 373.8379 1.9000000000
195 375.7579 1.9100000000
196 377.6812 1.9300000000
197 379.6055 1.8800000000
198 381.5265 1.9100000000
199 383.4473 1.9000000000
200 385.3712 1.8900000000
