1 0.0000 0.0726666667
2 1.9498 0.0326500000
3 3.8840 0.0221666667
4 5.8181 0.0163000000
5 7.7538 0.0128333333
6 9.6931 0.0101500000
7 11.6315 0.0080000000
8 13.5663 0.0063500000
9 15.5003 0.0050333333
10 17.4353 0.0042666667
11 19.3691 0.0036166667
12 21.3034 0.0030000000
13 23.2367 0.0025666667
14 25.1717 0.0021333333
15 27.1048 0.0018333333
16 29.0403 0.0015833333
17 30.9738 0.0014666667
18 32.9104 0.0013666667
19 34.8535 0.0012500000
20 36.7904 0.0011333333
21 38.7355 0.0011000000
22 40.6729 0.0010333333
23 42.6055 0.0009166667
24 44.5441 0.0008833333
25 46.4814 0.0008500000
26 48.4202 0.0008166667
27 50.3579 0.0008166667
28 52.2955 0.0007666667
29 54.2332 0.0007333333
30 56.1706 0.0007166667
31 58.1060 0.0006833333
32 60.0419 0.0006833333
33 61.9776 0.0006500000
34 63.9152 0.0006666667
35 65.8522 0.0005833333
36 67.7896 0.0006000000
37 69.7263 0.0005833333
38 71.6621 0.0005500000
39 73.5979 0.0005500000
40 75.5354 0.0005666667
41 77.4723 0.0005166667
42 79.4093 0.0005500000
43 81.3463 0.0005333333
44 83.2825 0.0005333333
45 85.2186 0.0005166667
46 87.1589 0.0005166667
47 89.0952 0.0005333333
48 91.0303 0.0005000000
49 92.9660 0.0005166667
50 94.9031 0.0005000000
51 96.8380 0.0005000000
52 98.7786 0.0005166667
53 100.7173 0.0004833333
54 102.6539 0.0005000000
55 104.5887 0.0005000000
56 106.5231 0.0005000000
57 108.4574 0.0004833333
58 110.3945 0.0005000000
59 112.3301 0.0004666667
60 114.2634 0.0005000000
61 116.1976 0.0004666667
62 118.1310 0.0004500000
63 120.0656 0.0004833333
64 121.9993 0.0004666667
65 123.9337 0.0004666667
66 125.8686 0.0004500000
67 127.8022 0.0004833333
68 129.7364 0.0004833333
69 131.6694 0.0004500000
70 133.6046 0.0004833333
71 135.5402 0.0004333333
72 137.4742 0.0004500000
73 139.4079 0.0004500000
74 141.3423 0.0004333333
75 143.2769 0.0004500000
76 145.2106 0.0004500000
77 147.1446 0.0004500000
78 149.0793 0.0004166667
79 151.0191 0.0004500000
80 152.9585 0.0004333333
81 154.8988 0.0004500000
82 156.8386 0.0004166667
83 158.7817 0.0004500000
84 160.7242 0.0004500000
85 162.6641 0.0004333333
86 164.6044 0.0004333333
87 166.5439 0.0004166667
88 168.4854 0.0004333333
89 170.4257 0.0004333333
90 172.3695 0.0004500000
91 174.3066 0.0004000000
92 176.2482 0.0004166667
93 178.1875 0.0004166667
94 180.1287 0.0004166667
95 182.0699 0.0004333333
96 184.0113 0.0004333333
97 185.9516 0.0004000000
98 187.8901 0.0004000000
99 189.8288 0.0003833333
100 191.7686 0.0003833333
101 193.7056 0.0003833333
102 195.6425 0.0004000000
103 197.5800 0.0003833333
104 199.5160 0.0003666667
105 201.4532 0.0003833333
106 203.3898 0.0003833333
107 205.3262 0.0003833333
108 207.2630 0.0003833333
109 209.2002 0.0003833333
110 211.1371 0.0003833333
111 213.0730 0.0004000000
112 215.0099 0.0003833333
113 216.9475 0.0003500000
114 218.8837 0.0004000000
115 220.8211 0.0003833333
116 222.7646 0.0003833333
117 224.7005 0.0003833333
118 226.6386 0.0003500000
119 228.5762 0.0003666667
120 230.5194 0.0003833333
121 232.4599 0.0003833333
122 234.4018 0.0003833333
123 236.3418 0.0003833333
124 238.2817 0.0003666667
125 240.2228 0.0003500000
126 242.1610 0.0003666667
127 244.1051 0.0003833333
128 246.0449 0.0003666667
129 247.9865 0.0003500000
130 249.9376 0.0003666667
131 251.8816 0.0004000000
132 253.8224 0.0003666667
133 255.7620 0.0003666667
134 257.7060 0.0003833333
135 259.6455 0.0003666667
136 261.5870 0.0003833333
137 263.5286 0.0003833333
138 265.4688 0.0003833333
139 267.4083 0.0003666667
140 269.3479 0.0003833333
141 271.2848 0.0003666667
142 273.2254 0.0003500000
143 275.1648 0.0003666667
144 277.1025 0.0003500000
145 279.0451 0.0003666667
146 280.9865 0.0003500000
147 282.9247 0.0003500000
148 284.8649 0.0003666667
149 286.8050 0.0003500000
150 288.7476 0.0003666667
151 290.6932 0.0003333333
152 292.6351 0.0003500000
153 294.5754 0.0003666667
154 296.5152 0.0003666667
155 298.4544 0.0003500000
156 300.3945 0.0003666667
157 302.3316 0.0003666667
158 304.2727 0.0003500000
159 306.2092 0.0003500000
160 308.1478 0.0003500000
161 310.0869 0.0003500000
162 312.0233 0.0003666667
163 313.9651 0.0003500000
164 315.9047 0.0003666667
165 317.8410 0.0003666667
166 319.7810 0.0003666667
167 321.7186 0.0003333333
168 323.6571 0.0003833333
169 325.5940 0.0003500000
170 327.5328 0.0003666667
171 329.4713 0.0003333333
172 331.4071 0.0003500000
173 333.3456 0.0003666667
174 335.2852 0.0003500000
175 337.2216 0.0003500000
176 339.1604 0.0003333333
177 341.0969 0.0003333333
178 343.0321 0.0003500000
179 344.9689 0.0003500000
180 346.9089 0.0003500000
181 348.8346 0.0003500000
182 350.7579 0.0003500000
183 352.6836 0.0003500000
184 354.6063 0.0003500000
185 356.5268 0.0003500000
186 358.4518 0.0003666667
187 360.3745 0.0003166667
188 362.2988 0.0003333333
189 364.2236 0.0003500000
190 366.1459 0.0003500000
191 368.0699 0.0003333333
192 369.9908 0.0003333333
193 371.9118 0.0003333333
194 373.8379 0.0003166667
195 375.7579 0.0003500000
196 377.6812 0.0003500000
197 379.6055 0.0003166667
198 381.5265 0.0003333333
199 383.4473 0.0003333333
200 385.3712 0.0003333333
